Sample	Chromosome	Start_Position.bp.	End_Position.bp.	Length.snp.	Median_Ratio	Median_logR	TITAN_state	TITAN_call	Copy_Number	MinorCN	MajorCN	Clonal_Cluster	Cellular_Prevalence	logR_Copy_Number	Corrected_Ratio	Corrected_Copy_Number	Corrected_Call	Corrected_MajorCN	Corrected_MinorCN
GM847	chr1	820979	145119663	94047	0.655172	0.125145	3	HET	2	1	1	NA	NA	2.18541494769139	0.658447457700341	2	NEUT	1	1
GM847	chr1	145390231	147389060	831	1	-0.386005	2	NLOH	2	0	2	1	1	1.5196620244706	1	2	NEUT	2	0
GM847	chr1	147389678	147389996	18	0.64	-0.514327	3	HET	2	1	1	NA	NA	1.38640512878654	0.644658331877353	2	NEUT	1	1
GM847	chr1	147717298	149201760	233	1	-0.434125	2	NLOH	2	0	2	1	1	1.4682975589031	1	2	NEUT	2	0
GM847	chr1	149203811	149239973	449	0.6	-0.373116	3	HET	2	1	1	NA	NA	1.53371345243638	0.603007795601347	2	NEUT	1	1
GM847	chr1	149879505	152280575	1865	1	-0.320837	2	NLOH	2	0	2	1	1	1.59201224873738	1	2	NEUT	2	0
GM847	chr1	152280736	152281523	15	0.59375	-0.661366	3	HET	2	1	1	NA	NA	1.24759538453354	0.597216490894068	2	NEUT	1	1
GM847	chr1	152281935	168022954	11973	1	-0.369421	2	NLOH	2	0	2	1	1	1.53776490254784	1	2	NEUT	2	0
GM847	chr1	168024244	168025538	8	0.589286	-0.30805	3	HET	2	1	1	NA	NA	1.60659609408579	0.591849711827745	2	NEUT	1	1
GM847	chr1	168026965	174995781	5413	1	-0.328025	2	NLOH	2	0	2	1	1	1.58387075779382	1	2	NEUT	2	0
GM847	chr1	175007049	177290220	1515	1	-0.492547	1	DLOH	1	0	1	1	1	1.40819583224984	1	1	HETD	1	0
GM847	chr1	177292870	181220916	3199	1	-0.316641	2	NLOH	2	0	2	1	1	1.59678363440631	1	2	NEUT	2	0
GM847	chr1	181221606	181221693	8	0.714286	-0.340933	3	HET	2	1	1	NA	NA	1.56935194577172	0.720584918579358	2	NEUT	1	1
GM847	chr1	181223472	181999723	552	1	-0.395046	2	NLOH	2	0	2	1	1	1.5098802830226	1	2	NEUT	2	0
GM847	chr1	182000447	182339944	265	1	-0.476552	1	DLOH	1	0	1	1	1	1.42440950577172	1	1	HETD	1	0
GM847	chr1	182343878	188519966	5344	1	-0.320121	2	NLOH	2	0	2	1	1	1.59282545014887	1	2	NEUT	2	0
GM847	chr1	188530381	188549947	131	1	-0.46603	1	DLOH	1	0	1	1	1	1.43517379655912	1	1	HETD	1	0
GM847	chr1	188550914	214656070	19025	1	-0.35603	2	NLOH	2	0	2	1	1	1.55253496060325	1	2	NEUT	2	0
GM847	chr1	214656268	214656466	9	0.666667	-0.298875	3	HET	2	1	1	NA	NA	1.61714031214466	0.671421386253638	2	NEUT	1	1
GM847	chr1	214659305	223639400	6860	1	-0.326864	2	NLOH	2	0	2	1	1	1.58518301964627	1	2	NEUT	2	0
GM847	chr1	223640251	223690077	74	1	-0.503434	1	DLOH	1	0	1	1	1	1.39726236107405	1	1	HETD	1	0
GM847	chr1	223693162	227718958	2852	1	-0.349032	2	NLOH	2	0	2	1	1	1.56030835758738	1	2	NEUT	2	0
GM847	chr1	227719980	229571061	1458	1	-0.48477	1	DLOH	1	0	1	1	1	1.41605670285633	1	1	HETD	1	0
GM847	chr1	229594310	230339868	790	1	-0.406545	2	NLOH	2	0	2	1	1	1.49752739100866	1	2	NEUT	2	0
GM847	chr1	230341905	230567385	304	1	-0.510033	1	DLOH	1	0	1	1	1	1.39067524353975	1	1	HETD	1	0
GM847	chr1	230569902	230869025	237	1	-0.405757	2	NLOH	2	0	2	1	1	1.49837076747474	1	2	NEUT	2	0
GM847	chr1	230870651	230989793	66	1	-0.622094	1	DLOH	1	0	1	1	1	1.28329596994853	1	1	HETD	1	0
GM847	chr1	230990257	231159875	237	1	-0.38645	2	NLOH	2	0	2	1	1	1.5191791293256	1	2	NEUT	2	0
GM847	chr1	231161956	231370165	232	1	-0.449	1	DLOH	1	0	1	1	1	1.45276316799225	1	1	HETD	1	0
GM847	chr1	231377081	234910671	3176	1	-0.357971	2	NLOH	2	0	2	1	1	1.55038556380223	1	2	NEUT	2	0
GM847	chr1	234912392	234919215	55	0.622222	0.061421	3	HET	2	1	1	NA	NA	2.08899248866052	0.624921013485056	2	NEUT	1	1
GM847	chr1	234960477	236541800	1289	1	-0.336198	2	NLOH	2	0	2	1	1	1.57466275493924	1	2	NEUT	2	0
GM847	chr1	236562439	236721660	315	1	-0.493239	1	DLOH	1	0	1	1	1	1.40749842025918	1	1	HETD	1	0
GM847	chr1	236722489	236789960	138	1	-0.387421	2	NLOH	2	0	2	1	1	1.5181259582206	1	2	NEUT	2	0
GM847	chr1	236790420	237898435	983	1	-0.465996	1	DLOH	1	0	1	1	1	1.43520870688595	1	1	HETD	1	0
GM847	chr1	237901607	242361599	4816	1	-0.359489	2	NLOH	2	0	2	1	1	1.54870659668603	1	2	NEUT	2	0
GM847	chr1	242365071	242579768	206	1	-0.498438	1	DLOH	1	0	1	1	1	1.40226944388091	1	1	HETD	1	0
GM847	chr1	242580438	249215672	5709	1	-0.353876	2	NLOH	2	0	2	1	1	1.55492361395494	1	2	NEUT	2	0
GM847	chr2	11486	3938987	4490	0.684211	-0.006624	3	HET	2	1	1	NA	NA	1.99062691440756	0.68847992215314	2	NEUT	1	1
GM847	chr2	3940050	8833507	4301	0.923077	-0.434173	1	DLOH	1	0	1	1	1	1.46824717309192	0.936369687333834	1	HETD	1	0
GM847	chr2	8835363	9855583	920	0.916667	-0.283503	2	NLOH	2	0	2	1	1	1.63495731689465	0.928423423798686	2	NEUT	2	0
GM847	chr2	9855890	9883784	79	0.875	-0.384271	3	HET	2	1	1	NA	NA	1.52154510944399	0.886369437588473	2	NEUT	1	1
GM847	chr2	9884492	10138209	226	0.916667	-0.247745	2	NLOH	2	0	2	1	1	1.67714468515331	0.928127699413909	2	NEUT	2	0
GM847	chr2	10139764	10207195	49	0.857143	-0.359136	3	HET	2	1	1	NA	NA	1.54909687080784	0.867778455932273	2	NEUT	1	1
GM847	chr2	10208095	10739128	740	0.921538	-0.359663	1	DLOH	1	0	1	1	1	1.54851425873916	0.93409581465017	1	HETD	1	0
GM847	chr2	10739592	10745303	33	0.923077	-0.1298	2	NLOH	2	0	2	1	1	1.82394709193754	0.933777392948331	2	NEUT	2	0
GM847	chr2	10745474	10753687	39	0.866667	-0.1298	3	HET	2	1	1	NA	NA	1.82394709193754	0.875940680633042	2	NEUT	1	1
GM847	chr2	10753771	10783108	66	0.928571	-0.277983	2	NLOH	2	0	2	1	1	1.64140177148062	0.940615823193255	2	NEUT	2	0
GM847	chr2	10785446	12141420	1208	0.916667	-0.411868	1	DLOH	1	0	1	1	1	1.49184236873477	0.929551237311532	1	HETD	1	0
GM847	chr2	12142472	12195376	79	0.875	-0.372108	3	HET	2	1	1	NA	NA	1.53481766336516	0.88627111876074	2	NEUT	1	1
GM847	chr2	12196405	12302560	119	0.923077	-0.389477	1	DLOH	1	0	1	1	1	1.51589830679391	0.935951841612545	1	HETD	1	0
GM847	chr2	12303261	12360730	65	0.888889	-0.281338	3	HET	2	1	1	NA	NA	1.63748195881138	0.899844739113198	2	NEUT	1	1
GM847	chr2	12361633	12820630	333	0.916667	-0.317429	1	DLOH	1	0	1	1	1	1.59588651951175	0.928711246802747	1	HETD	1	0
GM847	chr2	12821349	12871436	36	0.837719	-0.386954	3	HET	2	1	1	NA	NA	1.51863238973119	0.847977772123345	2	NEUT	1	1
GM847	chr2	12871575	15579962	1937	0.916667	-0.379256	1	DLOH	1	0	1	1	1	1.52700404264787	0.929254557448012	1	HETD	1	0
GM847	chr2	15590140	15596662	25	0.944444	-0.129194	2	NLOH	2	0	2	1	1	1.82473277797446	0.95567996353042	2	NEUT	2	0
GM847	chr2	15596747	15615910	52	0.8775	-0.294598	3	HET	2	1	1	NA	NA	1.6220785466643	0.888235879350652	2	NEUT	1	1
GM847	chr2	15616013	18449251	2696	0.923077	-0.442357	1	DLOH	1	0	1	1	1	1.45968085531549	0.936447697114801	1	HETD	1	0
GM847	chr2	18450326	19872131	1391	0.923077	-0.298373	2	NLOH	2	0	2	1	1	1.61771916452951	0.935141486240028	2	NEUT	2	0
GM847	chr2	19874886	20440653	656	0.916667	-0.333366	1	DLOH	1	0	1	1	1	1.57784748614771	0.928848944883092	1	HETD	1	0
GM847	chr2	20445707	20680135	142	0.923077	-0.213327	2	NLOH	2	0	2	1	1	1.71875074286276	0.934432311805241	2	NEUT	2	0
GM847	chr2	20684320	24715322	2911	0.92	-0.402024	1	DLOH	1	0	1	1	1	1.50237236904322	0.932896273932003	1	HETD	1	0
GM847	chr2	24719117	25010059	199	0.92	-0.265189	2	NLOH	2	0	2	1	1	1.65643357623256	0.931696820142418	2	NEUT	2	0
GM847	chr2	25032385	26276480	537	0.916667	-0.393751	1	DLOH	1	0	1	1	1	1.51127762560298	0.929385544087826	1	HETD	1	0
GM847	chr2	26278606	26666216	202	0.923077	-0.254636	2	NLOH	2	0	2	1	1	1.66893312503777	0.934771267617976	2	NEUT	2	0
GM847	chr2	26669273	26938216	222	0.909091	-0.423765	1	DLOH	1	0	1	1	1	1.47921181816665	0.921848985490524	1	HETD	1	0
GM847	chr2	26941696	26970957	56	0.928205	-0.158858	2	NLOH	2	0	2	1	1	1.78665776099625	0.939261124247375	2	NEUT	2	0
GM847	chr2	26972205	26980534	24	0.839744	-0.391944	3	HET	2	1	1	NA	NA	1.51322952841045	0.850101132567662	2	NEUT	1	1
GM847	chr2	26985879	27776308	544	0.923077	-0.376107	1	DLOH	1	0	1	1	1	1.5304415067822	0.935829496919488	1	HETD	1	0
GM847	chr2	27804432	28662573	336	0.909091	-0.257229	2	NLOH	2	0	2	1	1	1.66585335630962	0.920419585941915	2	NEUT	2	0
GM847	chr2	28663690	28675125	23	0.842105	-0.361525	3	HET	2	1	1	NA	NA	1.54645747331689	0.852310022972508	2	NEUT	1	1
GM847	chr2	28675317	28923253	250	0.923077	-0.327319	1	DLOH	1	0	1	1	1	1.58466861375394	0.935393108510828	1	HETD	1	0
GM847	chr2	28927796	29198358	188	0.894737	-0.256802	3	HET	2	1	1	NA	NA	1.66636013388664	0.905664769250333	2	NEUT	1	1
GM847	chr2	29200318	29369913	149	0.928571	-0.386386	1	DLOH	1	0	1	1	1	1.5192485702437	0.941584271503957	1	HETD	1	0
GM847	chr2	29370839	29396505	39	0.866667	-0.103921	3	HET	2	1	1	NA	NA	1.85779514447275	0.875771719038866	2	NEUT	1	1
GM847	chr2	29398486	31511754	2014	0.92	-0.384705	1	DLOH	1	0	1	1	1	1.52107358284207	0.932737717515843	1	HETD	1	0
GM847	chr2	31513211	32386033	541	0.916667	-0.28574	2	NLOH	2	0	2	1	1	1.6323526912772	0.928442182662969	2	NEUT	2	0
GM847	chr2	32386659	32666137	164	0.888889	-0.307761	3	HET	2	1	1	NA	NA	1.60692720076466	0.900053055929085	2	NEUT	1	1
GM847	chr2	32680729	32968823	132	0.921538	-0.278633	2	NLOH	2	0	2	1	1	1.64064163216892	0.933390652439817	2	NEUT	2	0
GM847	chr2	32970956	34062575	1130	0.916667	-0.333837	1	DLOH	1	0	1	1	1	1.57731738866736	0.928853038934381	1	HETD	1	0
GM847	chr2	34063100	34065441	9	0.551724	-0.311556	3	HET	2	1	1	NA	NA	1.60258455607298	0.553212893714787	2	NEUT	1	1
GM847	chr2	34065575	35619785	2112	0.916667	-0.383051	1	DLOH	1	0	1	1	1	1.52287135903642	0.929288716861455	1	HETD	1	0
GM847	chr2	35622457	36189668	158	0.927249	-0.280688	2	NLOH	2	0	2	1	1	1.6382406742252	0.939279838508614	2	NEUT	2	0
GM847	chr2	36190122	36194617	24	0.8125	-0.380267	3	HET	2	1	1	NA	NA	1.52590202017533	0.821947478677717	2	NEUT	1	1
GM847	chr2	36194813	36305239	142	0.916667	-0.304486	2	NLOH	2	0	2	1	1	1.61068399951439	0.928600595364437	2	NEUT	2	0
GM847	chr2	36306600	36381608	46	0.891813	-0.327391	3	HET	2	1	1	NA	NA	1.5845872281274	0.903219574385019	2	NEUT	1	1
GM847	chr2	36382825	36560880	244	0.909091	-0.286693	2	NLOH	2	0	2	1	1	1.63124430268881	0.920659937210984	2	NEUT	2	0
GM847	chr2	36562649	47359061	11876	0.695652	0.127899	3	HET	2	1	1	NA	NA	2.1896788751545	0.699773890116043	2	NEUT	1	1
GM847	chr2	47368478	47479867	33	0.8	0.583437	5	GAIN	3	1	2	1	1	3.01982184043449	0.804582816622687	3	GAIN	2	1
GM847	chr2	47482907	90249662	33210	0.666667	0.097763	3	HET	2	1	1	NA	NA	2.143460155835	0.670253961786686	2	NEUT	1	1
GM847	chr2	96363682	98869914	800	0.571429	0.656651	5	GAIN	3	1	2	1	1	3.17942866908636	0.572465377631391	3	GAIN	2	1
GM847	chr2	98871037	107239232	6822	0.652174	0.122694	3	HET	2	1	1	NA	NA	2.18162698459747	0.655391751537302	2	NEUT	1	1
GM847	chr2	107242897	107659496	541	0.571429	0.70321	5	GAIN	3	1	2	1	1	3.28522262448624	0.572432003184224	3	GAIN	2	1
GM847	chr2	107660270	107669356	30	0.547394	0.992975	8	BCNA	4	2	2	1	1	4.026252709983	0.547937018818911	4	AMP	2	2
GM847	chr2	107670355	108699104	916	0.567568	0.679062	5	GAIN	3	1	2	1	1	3.22992610544413	0.568533030465927	3	GAIN	2	1
GM847	chr2	108700021	108708498	25	0.578947	0.891769	8	BCNA	4	2	2	1	1	3.7503624074769	0.579918079847261	4	AMP	2	2
GM847	chr2	108710669	109808405	994	0.565217	0.667008	5	GAIN	3	1	2	1	1	3.20266803795386	0.566156380278659	3	GAIN	2	1
GM847	chr2	109810627	109819519	12	0.578818	0.075027	3	HET	2	1	1	NA	NA	2.10922400506672	0.580541833244127	2	NEUT	1	1
GM847	chr2	109820307	112008243	1067	0.5625	0.636359	5	GAIN	3	1	2	1	1	3.13437763958225	0.563419858961335	3	GAIN	2	1
GM847	chr2	112381541	133079842	19289	0.647059	0.098493	3	HET	2	1	1	NA	NA	2.14456836369266	0.650222328252202	2	NEUT	1	1
GM847	chr2	133080121	133089934	168	0.559661	0.426082	5	GAIN	3	1	2	1	1	2.70300924759291	0.560679205746295	3	GAIN	2	1
GM847	chr2	133090053	133099983	151	0.567568	0.305783	3	HET	2	1	1	NA	NA	2.4830696747019	0.56882329183744	2	NEUT	1	1
GM847	chr2	133100015	133109994	136	0.6	0.432508	5	GAIN	3	1	2	1	1	2.71528167978515	0.601698938496992	3	GAIN	2	1
GM847	chr2	133120001	242999568	88310	0.611111	-0.190955	3	HET	2	1	1	NA	NA	1.74633222161673	0.614046098873555	2	NEUT	1	1
GM847	chr3	61495	8929855	11617	0.666667	0.137647	3	HET	2	1	1	NA	NA	2.20483694455973	0.670154110323162	2	NEUT	1	1
GM847	chr3	8931038	8998067	125	0.666667	0.407896	5	GAIN	3	1	2	1	1	2.66857226048588	0.669548132275902	3	GAIN	2	1
GM847	chr3	9000063	30309910	20083	0.666667	0.217676	3	HET	2	1	1	NA	NA	2.33323055187608	0.669962220724794	2	NEUT	1	1
GM847	chr3	30310612	30549626	239	0.666667	0.375771	5	GAIN	3	1	2	1	1	2.60879105965055	0.66961415425439	3	GAIN	2	1
GM847	chr3	30550331	73159991	33587	0.666667	0.223347	3	HET	2	1	1	NA	NA	2.34260184218237	0.669949038599911	2	NEUT	1	1
GM847	chr3	73160015	73160099	9	0.899471	0.284497	1	DLOH	1	0	1	1	1	2.44602695384145	0.9070048429914	1	HETD	1	0
GM847	chr3	73160128	98749970	18346	0.666667	0.196296	3	HET	2	1	1	NA	NA	2.2982296239208	0.670012405346028	2	NEUT	1	1
GM847	chr3	98766134	98820184	83	0.666667	0.423754	5	GAIN	3	1	2	1	1	2.69857668399229	0.669516098087844	3	GAIN	2	1
GM847	chr3	98820900	98989614	194	0.666667	0.33954	3	HET	2	1	1	NA	NA	2.54294714304755	0.669690464208167	2	NEUT	1	1
GM847	chr3	99030266	99129996	171	0.678571	0.391167	5	GAIN	3	1	2	1	1	2.63727529225823	0.681694546757082	3	GAIN	2	1
GM847	chr3	99130048	125939805	22555	0.692308	0.190505	3	HET	2	1	1	NA	NA	2.28883818588996	0.696183920027024	2	NEUT	1	1
GM847	chr3	125940310	125949980	78	0.75	0.641648	5	GAIN	3	1	2	1	1	3.14605895955067	0.753665774096478	3	GAIN	2	1
GM847	chr3	125950041	173882875	37499	0.631579	-0.214799	3	HET	2	1	1	NA	NA	1.7169509300721	0.635114259067325	2	NEUT	1	1
GM847	chr3	173884293	174099247	143	0.769231	-1.125743	1	DLOH	1	0	1	1	1	0.891541185139745	0.78316180459933	1	HETD	1	0
GM847	chr3	174104216	176789064	2604	0.6	-0.311232	3	HET	2	1	1	NA	NA	1.60295486566845	0.602877870534453	2	NEUT	1	1
GM847	chr3	176846152	176882824	11	1	-0.771055	1	DLOH	1	0	1	1	1	1.15287886699674	1	1	HETD	1	0
GM847	chr3	176887272	180008822	1901	0.615385	-0.288657	3	HET	2	1	1	NA	NA	1.6289623764508	0.618652614747355	2	NEUT	1	1
GM847	chr3	180103010	180241765	58	0.769231	-1.202929	1	DLOH	1	0	1	1	1	0.842692918402836	0.783969329670524	1	HETD	1	0
GM847	chr3	180245485	197819947	15256	0.6	-0.213005	3	HET	2	1	1	NA	NA	1.71914469676035	0.602683367249225	2	NEUT	1	1
GM847	chr4	40094	49846	32	0.658915	-1.453774	3	HET	2	1	1	NA	NA	0.70084021605468	0.669375162324822	2	NEUT	1	1
GM847	chr4	50369	55127	17	0.861111	-1.462781	1	DLOH	1	0	1	1	1	0.696191270205543	0.88503890586345	1	HETD	1	0
GM847	chr4	55372	60400	13	0.710526	-1.462781	3	HET	2	1	1	NA	NA	0.696191270205543	0.724475855611733	2	NEUT	1	1
GM847	chr4	60570	61156	5	0.913043	-1.331513	1	DLOH	1	0	1	1	1	0.766901850608193	0.93788851637886	1	HETD	1	0
GM847	chr4	61232	66822	22	0.646021	-1.331513	3	HET	2	1	1	NA	NA	0.766901850608193	0.654804509579287	2	NEUT	1	1
GM847	chr4	67366	68537	6	0.98913	-1.331513	1	DLOH	1	0	1	1	1	0.766901850608193	1	1	HETD	1	0
GM847	chr4	68562	46209845	46340	0.666667	0.126337	3	HET	2	1	1	NA	NA	2.18725948298475	0.670182133769027	2	NEUT	1	1
GM847	chr4	46221816	46228221	13	0.638889	0.535036	5	GAIN	3	1	2	1	1	2.91866842487075	0.641084207803941	3	GAIN	2	1
GM847	chr4	46240287	46279117	60	0.593216	0.88255	8	BCNA	4	2	2	1	1	3.72617969215953	0.594370035623483	4	AMP	2	2
GM847	chr4	46280318	46319991	72	0.704293	0.148096	3	HET	2	1	1	NA	NA	2.2211992002277	0.708535858266368	2	NEUT	1	1
GM847	chr4	46320184	46339538	32	0.594952	0.905599	8	BCNA	4	2	2	1	1	3.786931448582	0.596108669329848	4	AMP	2	2
GM847	chr4	46340406	71209786	18354	0.666667	0.195838	3	HET	2	1	1	NA	NA	2.29748549802738	0.670013488879632	2	NEUT	1	1
GM847	chr4	71210066	71219731	91	0.709677	0.395122	5	GAIN	3	1	2	1	1	2.64464166685533	0.713334434059522	3	GAIN	2	1
GM847	chr4	71220292	72349994	883	0.675676	0.250296	3	HET	2	1	1	NA	NA	2.3876418267011	0.679070187289804	2	NEUT	1	1
GM847	chr4	72350779	72459962	129	0.666667	0.406309	5	GAIN	3	1	2	1	1	2.66558766208844	0.669551358214744	3	GAIN	2	1
GM847	chr4	72460493	82019911	7391	0.676471	0.238498	3	HET	2	1	1	NA	NA	2.36782019881403	0.679909089455715	2	NEUT	1	1
GM847	chr4	82038959	82549858	416	1	-0.462303	1	DLOH	1	0	1	1	1	1.43900548653684	1	1	HETD	1	0
GM847	chr4	82550023	91579958	6277	1	-0.340757	2	NLOH	2	0	2	1	1	1.5695490368603	1	2	NEUT	2	0
GM847	chr4	91580312	91720406	182	1	-0.437805	1	DLOH	1	0	1	1	1	1.46443950506911	1	1	HETD	1	0
GM847	chr4	91720639	103804194	10108	1	-0.362641	2	NLOH	2	0	2	1	1	1.54522599930709	1	2	NEUT	2	0
GM847	chr4	103808862	103808862	1	0.511111	-0.292229	3	HET	2	1	1	NA	NA	1.62482010653091	0.511426457174918	2	NEUT	1	1
GM847	chr4	103907010	115169436	7873	1	-0.360805	2	NLOH	2	0	2	1	1	1.54725247837453	1	2	NEUT	2	0
GM847	chr4	115170676	115190018	19	1	-0.795313	1	DLOH	1	0	1	1	1	1.13288682660247	1	1	HETD	1	0
GM847	chr4	115190822	116508483	1742	1	-0.376995	2	NLOH	2	0	2	1	1	1.52947140184307	1	2	NEUT	2	0
GM847	chr4	116509732	116590335	136	1	-0.523179	1	DLOH	1	0	1	1	1	1.37764237191322	1	1	HETD	1	0
GM847	chr4	116591859	117149000	343	1	-0.386586	2	NLOH	2	0	2	1	1	1.51903157760246	1	2	NEUT	2	0
GM847	chr4	117152772	117239551	133	1	-0.510271	1	DLOH	1	0	1	1	1	1.39043823456469	1	1	HETD	1	0
GM847	chr4	117240289	134793740	12774	1	-0.361155	2	NLOH	2	0	2	1	1	1.54686596802578	1	2	NEUT	2	0
GM847	chr4	134794020	134794144	4	0.740729	-0.540062	3	HET	2	1	1	NA	NA	1.36107791235969	0.748888019520861	2	NEUT	1	1
GM847	chr4	134794445	137599574	2543	1	-0.397928	2	NLOH	2	0	2	1	1	1.50677501952788	1	2	NEUT	2	0
GM847	chr4	137600589	137863810	322	1	-0.473517	1	DLOH	1	0	1	1	1	1.42750634051745	1	1	HETD	1	0
GM847	chr4	137866112	154865878	12055	1	-0.336396	2	NLOH	2	0	2	1	1	1.57444032738056	1	2	NEUT	2	0
GM847	chr4	154882844	156049948	905	1	-0.462319	1	DLOH	1	0	1	1	1	1.43898901593786	1	1	HETD	1	0
GM847	chr4	156054934	161858973	4916	1	-0.327206	2	NLOH	2	0	2	1	1	1.58479635216323	1	2	NEUT	2	0
GM847	chr4	161860298	161890161	41	1	-0.458827	1	DLOH	1	0	1	1	1	1.44258805816206	1	1	HETD	1	0
GM847	chr4	161891103	163259910	1379	1	-0.373268	2	NLOH	2	0	2	1	1	1.53354701136947	1	2	NEUT	2	0
GM847	chr4	163272443	163327922	124	1	-0.540154	1	DLOH	1	0	1	1	1	1.36098817815717	1	1	HETD	1	0
GM847	chr4	163329301	163809798	451	1	-0.371668	2	NLOH	2	0	2	1	1	1.53529990213651	1	2	NEUT	2	0
GM847	chr4	163810087	163966119	104	1	-0.477264	1	DLOH	1	0	1	1	1	1.42368394252772	1	1	HETD	1	0
GM847	chr4	163967165	165679866	1407	1	-0.384758	2	NLOH	2	0	2	1	1	1.52101600981865	1	2	NEUT	2	0
GM847	chr4	165680688	165969625	334	1	-0.508299	1	DLOH	1	0	1	1	1	1.39240320387632	1	1	HETD	1	0
GM847	chr4	165970897	175304179	7707	1	-0.337374	2	NLOH	2	0	2	1	1	1.57334211771421	1	2	NEUT	2	0
GM847	chr4	175304385	175304830	15	0.612903	-0.440745	3	HET	2	1	1	NA	NA	1.46136431939217	0.616467015049531	2	NEUT	1	1
GM847	chr4	175305077	179238995	3840	1	-0.344041	2	NLOH	2	0	2	1	1	1.5658754546631	1	2	NEUT	2	0
GM847	chr4	179247012	179249832	7	1	-1.24779	1	DLOH	1	0	1	1	1	0.815479984233653	1	1	HETD	1	0
GM847	chr4	179250535	184998350	5720	1	-0.357113	2	NLOH	2	0	2	1	1	1.5513353269549	1	2	NEUT	2	0
GM847	chr4	185000025	185041970	60	1	-0.544109	1	DLOH	1	0	1	1	1	1.35713598842133	1	1	HETD	1	0
GM847	chr4	185047636	185899334	761	1	-0.413445	2	NLOH	2	0	2	1	1	1.49016213918007	1	2	NEUT	2	0
GM847	chr4	185900386	185994611	179	1	-0.487854	1	DLOH	1	0	1	1	1	1.41293437256913	1	1	HETD	1	0
GM847	chr4	185997846	186629967	732	1	-0.382782	2	NLOH	2	0	2	1	1	1.52316393713778	1	2	NEUT	2	0
GM847	chr4	186630437	186638655	50	1	-0.593663	1	DLOH	1	0	1	1	1	1.30975466310146	1	1	HETD	1	0
GM847	chr4	186640050	186889832	299	1	-0.394621	2	NLOH	2	0	2	1	1	1.51033873209023	1	2	NEUT	2	0
GM847	chr4	186891722	187407310	449	1	-0.513506	1	DLOH	1	0	1	1	1	1.38722057959983	1	1	HETD	1	0
GM847	chr4	187410101	188376931	1041	1	-0.405312	2	NLOH	2	0	2	1	1	1.49884724328024	1	2	NEUT	2	0
GM847	chr4	188380016	190191095	2461	1	-0.484044	1	DLOH	1	0	1	1	1	1.41679269720085	1	1	HETD	1	0
GM847	chr4	190198080	190202803	45	0.71028	-0.308925	3	HET	2	1	1	NA	NA	1.60559401278551	0.716321639046169	2	NEUT	1	1
GM847	chr4	190206820	190539288	371	1	-0.562204	1	DLOH	1	0	1	1	1	1.33964543205753	1	1	HETD	1	0
GM847	chr4	190539909	190684454	2875	0.769231	-0.364451	3	HET	2	1	1	NA	NA	1.54323074047665	0.777278977348223	2	NEUT	1	1
GM847	chr4	190684866	190802296	73	1	-0.481789	1	DLOH	1	0	1	1	1	1.41908110346295	1	1	HETD	1	0
GM847	chr4	190803859	190929235	64	0.615975	-0.364783	3	HET	2	1	1	NA	NA	1.54286503091129	0.619442599982363	2	NEUT	1	1
GM847	chr5	47110	4669985	5200	0.6	0.21195	3	HET	2	1	1	NA	NA	2.32380567524349	0.601985147306038	2	NEUT	1	1
GM847	chr5	4670738	4869048	237	0.594595	0.380112	5	GAIN	3	1	2	1	1	2.61679162297082	0.596262598851864	3	GAIN	2	1
GM847	chr5	4871471	4908576	47	0.612903	0.253363	3	HET	2	1	1	NA	NA	2.39282124491933	0.61507964584775	2	NEUT	1	1
GM847	chr5	4912310	5129802	329	0.606061	0.454586	5	GAIN	3	1	2	1	1	2.7578654203514	0.607835088149236	3	GAIN	2	1
GM847	chr5	5130245	5158976	63	0.606061	0.324632	3	HET	2	1	1	NA	NA	2.51633082040115	0.608005377233616	2	NEUT	1	1
GM847	chr5	5160835	5599662	631	0.605263	0.399687	5	GAIN	3	1	2	1	1	2.65316933962564	0.607093220097992	3	GAIN	2	1
GM847	chr5	5614699	6549931	1265	0.592593	0.313054	3	HET	2	1	1	NA	NA	2.49584870038529	0.594304403624717	2	NEUT	1	1
GM847	chr5	6550183	6837338	278	0.589572	0.38504	5	GAIN	3	1	2	1	1	2.62590326503601	0.591145570100636	3	GAIN	2	1
GM847	chr5	6840817	7829164	820	0.6	0.292137	3	HET	2	1	1	NA	NA	2.45925954273919	0.601875807126411	2	NEUT	1	1
GM847	chr5	7830336	7879183	78	0.578947	0.398912	5	GAIN	3	1	2	1	1	2.65171969442025	0.580320411134476	3	GAIN	2	1
GM847	chr5	7880287	8338681	428	0.6	0.305578	3	HET	2	1	1	NA	NA	2.48271031303422	0.601858088940843	2	NEUT	1	1
GM847	chr5	8340293	16858806	7902	0.589744	0.424168	5	GAIN	3	1	2	1	1	2.69936442637003	0.591277685985742	3	GAIN	2	1
GM847	chr5	16860039	16899164	78	0.596296	0.314858	3	HET	2	1	1	NA	NA	2.49902927525962	0.598073581208339	2	NEUT	1	1
GM847	chr5	16902229	18019825	1037	0.590909	0.419267	5	GAIN	3	1	2	1	1	2.69005348873935	0.592467972705859	3	GAIN	2	1
GM847	chr5	18020347	18219072	190	0.6	0.289826	3	HET	2	1	1	NA	NA	2.45524946270383	0.601878870821902	2	NEUT	1	1
GM847	chr5	18220603	18349346	226	0.614144	0.398363	5	GAIN	3	1	2	1	1	2.65069325557133	0.616130488985326	3	GAIN	2	1
GM847	chr5	18352248	18429862	147	0.586207	0.318246	3	HET	2	1	1	NA	NA	2.50501330905579	0.587794541331963	2	NEUT	1	1
GM847	chr5	18430055	18519520	47	0.6	0.484576	5	GAIN	3	1	2	1	1	2.81676350075783	0.601637729463167	3	GAIN	2	1
GM847	chr5	18520930	18869559	249	0.586207	0.32824	3	HET	2	1	1	NA	NA	2.52274723707487	0.587783381536286	2	NEUT	1	1
GM847	chr5	18873377	18999510	85	0.583333	0.38146	5	GAIN	3	1	2	1	1	2.61928092048212	0.584800666846877	3	GAIN	2	1
GM847	chr5	19003066	19029206	77	0.6	0.279539	3	HET	2	1	1	NA	NA	2.43747704464312	0.601892570264858	2	NEUT	1	1
GM847	chr5	19031278	19179767	96	0.583333	0.438152	5	GAIN	3	1	2	1	1	2.7261058237287	0.584743155004324	3	GAIN	2	1
GM847	chr5	19200634	19459374	226	0.588989	0.30788	3	HET	2	1	1	NA	NA	2.48674861586962	0.5906398096097	2	NEUT	1	1
GM847	chr5	19460014	20618505	908	0.592593	0.382578	5	GAIN	3	1	2	1	1	2.62134725143506	0.594222469163326	3	GAIN	2	1
GM847	chr5	20620180	21079372	175	0.583333	0.339206	3	HET	2	1	1	NA	NA	2.54234781195423	0.584845079406119	2	NEUT	1	1
GM847	chr5	21081382	21224664	93	0.588235	0.412401	5	GAIN	3	1	2	1	1	2.67706251798249	0.589755459733929	3	GAIN	2	1
GM847	chr5	21243064	21449189	96	0.6	0.247919	3	HET	2	1	1	NA	NA	2.38363521781871	0.601935319859969	2	NEUT	1	1
GM847	chr5	21530083	21569922	684	0.547619	0.390014	5	GAIN	3	1	2	1	1	2.63513157420987	0.548452624582548	3	GAIN	2	1
GM847	chr5	21570020	21729836	237	0.580645	0.270924	3	HET	2	1	1	NA	NA	2.42269046409832	0.582180578642347	2	NEUT	1	1
GM847	chr5	21730451	21869387	153	0.6	0.434299	5	GAIN	3	1	2	1	1	2.71871189964051	0.601696794933135	3	GAIN	2	1
GM847	chr5	21871195	22109519	132	0.594118	0.258626	3	HET	2	1	1	NA	NA	2.40173487328282	0.595925757502156	2	NEUT	1	1
GM847	chr5	22112322	23959107	1493	0.6	0.369617	5	GAIN	3	1	2	1	1	2.59749027020298	0.601775982235192	3	GAIN	2	1
GM847	chr5	23961237	23979666	34	0.607919	0.236574	3	HET	2	1	1	NA	NA	2.36460306259595	0.610024388330315	2	NEUT	1	1
GM847	chr5	23980603	24299773	547	0.6	0.416891	5	GAIN	3	1	2	1	1	2.68555092682017	0.601717746824272	3	GAIN	2	1
GM847	chr5	24301699	24404807	114	0.583333	0.308047	3	HET	2	1	1	NA	NA	2.48704182778265	0.584878704509954	2	NEUT	1	1
GM847	chr5	24413954	24598732	236	0.586207	0.392311	5	GAIN	3	1	2	1	1	2.63940397095707	0.587713708411824	3	GAIN	2	1
GM847	chr5	24600710	24679778	79	0.590909	0.337247	3	HET	2	1	1	NA	NA	2.53883536575995	0.592560828244873	2	NEUT	1	1
GM847	chr5	24681656	25258555	399	0.6	0.398886	5	GAIN	3	1	2	1	1	2.65167107466131	0.601739694119699	3	GAIN	2	1
GM847	chr5	25259722	25359204	107	0.6	0.310312	3	HET	2	1	1	NA	NA	2.49102197781789	0.601851889151137	2	NEUT	1	1
GM847	chr5	25390251	25979679	740	0.592593	0.38404	5	GAIN	3	1	2	1	1	2.62405179378774	0.594220789711581	3	GAIN	2	1
GM847	chr5	25980309	26408306	433	0.592593	0.323539	3	HET	2	1	1	NA	NA	2.51439020927057	0.594291783465206	2	NEUT	1	1
GM847	chr5	26410941	27879776	1343	0.59375	0.437458	5	GAIN	3	1	2	1	1	2.72477257615843	0.595337206975661	3	GAIN	2	1
GM847	chr5	27890446	27909693	74	0.603571	0.300269	3	HET	2	1	1	NA	NA	2.47342148507491	0.605502668453405	2	NEUT	1	1
GM847	chr5	27910277	29229588	1268	0.592593	0.386849	5	GAIN	3	1	2	1	1	2.6292558389035	0.594217567852767	3	GAIN	2	1
GM847	chr5	29232229	29467421	262	0.578947	0.32509	3	HET	2	1	1	NA	NA	2.51714443226786	0.580393838451994	2	NEUT	1	1
GM847	chr5	29471425	29639806	228	0.588235	0.359093	5	GAIN	3	1	2	1	1	2.57827606275062	0.589813716035342	3	GAIN	2	1
GM847	chr5	29640651	29689156	85	0.6	0.28604	3	HET	2	1	1	NA	NA	2.44869380766147	0.601883900944059	2	NEUT	1	1
GM847	chr5	29690605	29839605	342	0.6	0.414125	5	GAIN	3	1	2	1	1	2.68031864048338	0.601721100061123	3	GAIN	2	1
GM847	chr5	29841276	29899498	107	0.583333	0.332616	3	HET	2	1	1	NA	NA	2.53055101870499	0.584852128340521	2	NEUT	1	1
GM847	chr5	29900105	29959886	82	0.581989	0.481002	5	GAIN	3	1	2	1	1	2.80968000694668	0.583335143241336	3	GAIN	2	1
GM847	chr5	29960316	30009847	153	0.59375	0.296313	3	HET	2	1	1	NA	NA	2.46652210855405	0.595503391151439	2	NEUT	1	1
GM847	chr5	30020044	31689828	1873	0.589744	0.406633	5	GAIN	3	1	2	1	1	2.66619672739705	0.591296765161172	3	GAIN	2	1
GM847	chr5	31690280	31699892	47	0.583333	0.214245	3	HET	2	1	1	NA	NA	2.32757870616265	0.584984601193752	2	NEUT	1	1
GM847	chr5	31701164	31749655	71	0.6	0.414073	5	GAIN	3	1	2	1	1	2.6802203710498	0.601721163164713	3	GAIN	2	1
GM847	chr5	31750328	31899623	201	0.6	0.311461	3	HET	2	1	1	NA	NA	2.49304343753319	0.60185038756506	2	NEUT	1	1
GM847	chr5	31900059	41579718	8961	0.590909	0.471574	5	GAIN	3	1	2	1	1	2.79107815385459	0.59241154479992	3	GAIN	2	1
GM847	chr5	41580720	41664950	208	0.576923	0.319345	3	HET	2	1	1	NA	NA	2.50695743143658	0.5783384736872	2	NEUT	1	1
GM847	chr5	41671178	43399639	1082	0.59375	0.383675	5	GAIN	3	1	2	1	1	2.62337632641478	0.595398554191948	3	GAIN	2	1
GM847	chr5	43412314	43938564	501	0.590909	0.89817	8	BCNA	4	2	2	1	1	3.76724424581521	0.592022206283586	4	AMP	2	2
GM847	chr5	43940285	53405879	3234	0.5625	0.600653	5	GAIN	3	1	2	1	1	3.05662770499108	0.56344325696102	3	GAIN	2	1
GM847	chr5	53411429	56897949	2691	0.64	0.305871	3	HET	2	1	1	NA	NA	2.48322395293689	0.642600786448887	2	NEUT	1	1
GM847	chr5	56906160	57438208	601	0.633333	0.372865	5	GAIN	3	1	2	1	1	2.6034486705177	0.635695550922277	3	GAIN	2	1
GM847	chr5	57443222	58517918	888	0.642857	0.295344	3	HET	2	1	1	NA	NA	2.46483502758559	0.64553066022544	2	NEUT	1	1
GM847	chr5	58520050	59217586	576	0.64611	0.359724	5	GAIN	3	1	2	1	1	2.57942416611846	0.648723062053026	3	GAIN	2	1
GM847	chr5	59220518	60319731	727	0.633333	0.317043	3	HET	2	1	1	NA	NA	2.50288690862601	0.635790474221641	2	NEUT	1	1
GM847	chr5	60324596	60835021	399	0.636364	0.395208	5	GAIN	3	1	2	1	1	2.64480207036205	0.638742477801928	3	GAIN	2	1
GM847	chr5	60843706	64027592	2676	0.642857	0.244836	3	HET	2	1	1	NA	NA	2.37844841767607	0.645627769097429	2	NEUT	1	1
GM847	chr5	64030065	65502740	766	0.645161	0.425442	5	GAIN	3	1	2	1	1	2.70178996043523	0.647639511364206	3	GAIN	2	1
GM847	chr5	65535570	66179414	628	0.625	0.285649	3	HET	2	1	1	NA	NA	2.44801775050204	0.627355526514779	2	NEUT	1	1
GM847	chr5	66181919	66234441	84	0.68	0.465471	5	GAIN	3	1	2	1	1	2.77910132320014	0.682987862935194	3	GAIN	2	1
GM847	chr5	66257296	73349339	3734	0.652174	0.302451	3	HET	2	1	1	NA	NA	2.47723505818029	0.655007777747626	2	NEUT	1	1
GM847	chr5	73350297	73589294	312	0.666667	0.382323	5	GAIN	3	1	2	1	1	2.62087580957416	0.669600565048057	3	GAIN	2	1
GM847	chr5	73591094	83057460	8059	0.666667	0.239381	3	HET	2	1	1	NA	NA	2.36929810734491	0.669912057954687	2	NEUT	1	1
GM847	chr5	83064707	83308925	201	0.676471	0.394088	5	GAIN	3	1	2	1	1	2.64271384287365	0.679551461276776	3	GAIN	2	1
GM847	chr5	83310220	95869814	7902	0.666667	0.251369	3	HET	2	1	1	NA	NA	2.38945261103018	0.669884686609382	2	NEUT	1	1
GM847	chr5	95870700	95879602	37	0.625	0.463353	5	GAIN	3	1	2	1	1	2.77495668308514	0.62707800386763	3	GAIN	2	1
GM847	chr5	95880101	121317776	23294	0.653846	0.176811	3	HET	2	1	1	NA	NA	2.26677961309613	0.656976901882678	2	NEUT	1	1
GM847	chr5	121320851	121431537	75	0.566667	0.57262	5	GAIN	3	1	2	1	1	2.99691998584782	0.5676931912593	3	GAIN	2	1
GM847	chr5	121434141	180699942	49686	0.653846	0.161237	3	HET	2	1	1	NA	NA	2.24194585410137	0.657011582498469	2	NEUT	1	1
GM847	chr6	204484	3849739	4245	0.590909	0.152908	3	HET	2	1	1	NA	NA	2.22877433432732	0.592790626103483	2	NEUT	1	1
GM847	chr6	3851193	3859784	37	0.576923	0.591474	5	GAIN	3	1	2	1	1	3.0369493865501	0.578091452887244	3	GAIN	2	1
GM847	chr6	3870790	12420600	9462	0.588235	0.207014	3	HET	2	1	1	NA	NA	2.31571108969342	0.589992717438034	2	NEUT	1	1
GM847	chr6	12423008	12549844	204	0.6	0.367269	5	GAIN	3	1	2	1	1	2.59319125061239	0.601778926477126	3	GAIN	2	1
GM847	chr6	12560389	45249057	26004	0.588235	0.199465	3	HET	2	1	1	NA	NA	2.30338486739966	0.590002123602057	2	NEUT	1	1
GM847	chr6	45261887	45569863	245	0.595238	0.386218	5	GAIN	3	1	2	1	1	2.62808594513003	0.596909718889239	3	GAIN	2	1
GM847	chr6	45570049	55893176	8655	0.589744	0.252632	3	HET	2	1	1	NA	NA	2.39158576381694	0.591475059556287	2	NEUT	1	1
GM847	chr6	55901982	56129705	274	0.592593	0.39639	5	GAIN	3	1	2	1	1	2.64700765510526	0.594206672897525	3	GAIN	2	1
GM847	chr6	56130667	56140079	29	0.555556	0.203253	3	HET	2	1	1	NA	NA	2.30956195958914	0.556665670135976	2	NEUT	1	1
GM847	chr6	56140640	56209836	122	0.590326	0.379244	5	GAIN	3	1	2	1	1	2.61518995280008	0.591919316618835	3	GAIN	2	1
GM847	chr6	56210764	56699256	357	0.588235	0.321951	3	HET	2	1	1	NA	NA	2.51157334880231	0.589855643795151	2	NEUT	1	1
GM847	chr6	56700798	57118024	176	0.590326	0.390084	5	GAIN	3	1	2	1	1	2.63526167303596	0.591907180971833	3	GAIN	2	1
GM847	chr6	57120068	68438608	14158	0.625	0.233782	3	HET	2	1	1	NA	NA	2.35994216025813	0.627443437308364	2	NEUT	1	1
GM847	chr6	68440035	68579539	150	0.6	0.391554	5	GAIN	3	1	2	1	1	2.6379952070633	0.601748713024047	3	GAIN	2	1
GM847	chr6	68581551	71789696	2721	0.590909	0.281076	3	HET	2	1	1	NA	NA	2.44012440915338	0.592627650061658	2	NEUT	1	1
GM847	chr6	71790605	71869678	91	0.571429	0.44251	5	GAIN	3	1	2	1	1	2.7344926784287	0.572634009170161	3	GAIN	2	1
GM847	chr6	71870137	71888210	27	0.592593	0.164384	3	HET	2	1	1	NA	NA	2.24694236181395	0.594493985350214	2	NEUT	1	1
GM847	chr6	71890237	72087785	159	0.592593	0.421656	5	GAIN	3	1	2	1	1	2.69458816838839	0.594178178975657	3	GAIN	2	1
GM847	chr6	72089486	72910106	440	0.6	0.302987	3	HET	2	1	1	NA	NA	2.47817273068291	0.601861491137744	2	NEUT	1	1
GM847	chr6	72913932	73018801	117	0.586207	0.382548	5	GAIN	3	1	2	1	1	2.62129178336161	0.58772411922743	3	GAIN	2	1
GM847	chr6	73020350	74819487	1436	0.647059	0.245603	3	HET	2	1	1	NA	NA	2.37973777319362	0.649909723205752	2	NEUT	1	1
GM847	chr6	74820215	74929995	170	0.662281	0.453823	5	GAIN	3	1	2	1	1	2.75638285921752	0.664996943189607	3	GAIN	2	1
GM847	chr6	74940435	76899578	1590	0.592593	0.265086	3	HET	2	1	1	NA	NA	2.41272033412449	0.594363368679772	2	NEUT	1	1
GM847	chr6	76910285	76919757	55	0.580645	0.494468	5	GAIN	3	1	2	1	1	2.83646070793811	0.581956575275228	3	GAIN	2	1
GM847	chr6	76920096	86036951	8117	0.586207	0.240911	3	HET	2	1	1	NA	NA	2.37186106534599	0.587883663200617	2	NEUT	1	1
GM847	chr6	86050033	86138488	96	0.612007	0.394578	5	GAIN	3	1	2	1	1	2.64362724292649	0.613961508184036	3	GAIN	2	1
GM847	chr6	86150384	151232492	49901	0.588235	-0.404198	3	HET	2	1	1	NA	NA	1.50004068356857	0.590948503579196	2	NEUT	1	1
GM847	chr6	151242072	151259770	34	0.816964	0.908565	7	ASCNA	4	1	3	1	1	3.79481985000382	0.820817109240753	4	AMP	3	1
GM847	chr6	151260002	151279373	44	0.794737	0.511835	5	GAIN	3	1	2	1	1	2.87137072084579	0.799472195757341	3	GAIN	2	1
GM847	chr6	151281668	151299796	89	0.714286	0.270868	3	HET	2	1	1	NA	NA	2.42259463558783	0.71836642682154	2	NEUT	1	1
GM847	chr6	151300056	151389129	117	0.756757	0.732352	5	GAIN	3	1	2	1	1	3.35319919303512	0.760289282961344	3	GAIN	2	1
GM847	chr6	151391321	151397385	8	0.826814	1.027449	7	ASCNA	4	1	3	1	1	4.1247365587956	0.830469080810343	4	AMP	3	1
GM847	chr6	151400355	151478051	96	0.724569	0.534862	5	GAIN	3	1	2	1	1	2.91831086906625	0.728118856514427	3	GAIN	2	1
GM847	chr6	151480422	151507355	39	0.814815	0.784573	7	ASCNA	4	1	3	1	1	3.47849823342143	0.818989997085262	4	AMP	3	1
GM847	chr6	151511965	153248168	1667	0.588235	-0.403824	3	HET	2	1	1	NA	NA	1.50044156049765	0.590947778605288	2	NEUT	1	1
GM847	chr6	153250976	154027160	1290	0.755102	0.639452	5	GAIN	3	1	2	1	1	3.14120365998557	0.758848366966627	3	GAIN	2	1
GM847	chr6	154031237	154377489	330	0.689655	0.150893	3	HET	2	1	1	NA	NA	2.22559921112487	0.693586061921398	2	NEUT	1	1
GM847	chr6	154397738	160628905	5918	1	-0.320851	2	NLOH	2	0	2	1	1	1.5919963521736	1	2	NEUT	2	0
GM847	chr6	160640055	160640059	2	0.618687	-0.238528	3	HET	2	1	1	NA	NA	1.68818948463174	0.621930205802997	2	NEUT	1	1
GM847	chr6	160640494	162275397	1158	1	-0.364945	2	NLOH	2	0	2	1	1	1.54268661281736	1	2	NEUT	2	0
GM847	chr6	162282924	162329287	91	1	-0.584261	1	DLOH	1	0	1	1	1	1.3186197842733	1	1	HETD	1	0
GM847	chr6	162332356	166116528	3632	1	-0.376362	2	NLOH	2	0	2	1	1	1.53016286823307	1	2	NEUT	2	0
GM847	chr6	166118582	166418568	361	0.8	-0.015221	3	HET	2	1	1	NA	NA	1.9785259925024	0.806994747494013	2	NEUT	1	1
GM847	chr6	166420136	166558950	159	1	-0.325156	2	NLOH	2	0	2	1	1	1.58711546842698	1	2	NEUT	2	0
GM847	chr6	166560253	168258860	1896	1	-0.484952	1	DLOH	1	0	1	1	1	1.41587225544154	1	1	HETD	1	0
GM847	chr6	168262019	168439454	173	1	-0.346034	2	NLOH	2	0	2	1	1	1.56365009821102	1	2	NEUT	2	0
GM847	chr6	168440062	169121913	816	1	-0.521408	1	DLOH	1	0	1	1	1	1.37939121750806	1	1	HETD	1	0
GM847	chr6	169133106	170178026	1186	1	-0.360412	2	NLOH	2	0	2	1	1	1.54768658605085	1	2	NEUT	2	0
GM847	chr6	170179507	170878886	427	1	-0.467782	1	DLOH	1	0	1	1	1	1.43337600098736	1	1	HETD	1	0
GM847	chr7	50612	81556559	71224	0.64	0.045277	3	HET	2	1	1	NA	NA	2.06523328101775	0.643127169829051	2	NEUT	1	1
GM847	chr7	81561523	81824307	354	1	-0.590662	1	DLOH	1	0	1	1	1	1.31257802329887	1	1	HETD	1	0
GM847	chr7	81829362	116616836	26379	0.636364	0.05378	3	HET	2	1	1	NA	NA	2.07771404759426	0.639391655813433	2	NEUT	1	1
GM847	chr7	116620103	116662344	21	1	-0.423232	2	NLOH	2	0	2	1	1	1.47977545627525	1	2	NEUT	2	0
GM847	chr7	116671453	130479470	12522	0.625	0.033669	3	HET	2	1	1	NA	NA	2.04831329433291	0.627815180048829	2	NEUT	1	1
GM847	chr7	130480254	130548711	32	0.586207	0.632381	5	GAIN	3	1	2	1	1	3.12561997709762	0.587479327472432	3	GAIN	2	1
GM847	chr7	130552007	130569393	16	0.563859	0.964335	8	BCNA	4	2	2	1	1	3.94620598935654	0.564605508760666	4	AMP	2	2
GM847	chr7	130570490	130589791	16	0.631579	0.511534	5	GAIN	3	1	2	1	1	2.87076208466153	0.633693374568384	3	GAIN	2	1
GM847	chr7	130635455	131111109	160	1	-1.275845	1	DLOH	1	0	1	1	1	0.798886748295811	1	1	HETD	1	0
GM847	chr7	131119878	159119486	28538	0.636364	-0.009696	3	HET	2	1	1	NA	NA	1.98629456198672	0.639531004096592	2	NEUT	1	1
GM847	chr8	173619	1462633	278	1	-1.586619	1	DLOH	1	0	1	1	1	0.635130017882773	1	1	HETD	1	0
GM847	chr8	1473525	24599348	29702	0.619048	-0.362346	3	HET	2	1	1	NA	NA	1.54555143073292	0.622601294379308	2	NEUT	1	1
GM847	chr8	24600038	24629902	43	0.75	0.491417	5	GAIN	3	1	2	1	1	2.83037106742051	0.754074639390101	3	GAIN	2	1
GM847	chr8	24640086	32456182	5917	0.666667	0.104316	3	HET	2	1	1	NA	NA	2.1534283238744	0.670237357826645	2	NEUT	1	1
GM847	chr8	32462568	33188370	931	0.583333	0.719748	5	GAIN	3	1	2	1	1	3.32363054328216	0.584489636310681	3	GAIN	2	1
GM847	chr8	33191641	33379955	103	0.62069	0.874463	8	BCNA	4	2	2	1	1	3.70509323059675	0.622192673728033	4	AMP	2	2
GM847	chr8	33387392	34766936	312	0.636364	0.735009	5	GAIN	3	1	2	1	1	3.35946548090876	0.638236501161449	3	GAIN	2	1
GM847	chr8	34771176	34808776	52	0.634259	0.818192	8	BCNA	4	2	2	1	1	3.56159682766477	0.635997966433207	4	AMP	2	2
GM847	chr8	34810886	35439821	290	0.629101	0.751399	5	GAIN	3	1	2	1	1	3.39837598659346	0.630853470542998	3	GAIN	2	1
GM847	chr8	35441893	35534899	51	0.575758	0.833042	8	BCNA	4	2	2	1	1	3.59892379801913	0.576729065212868	4	AMP	2	2
GM847	chr8	35539728	35609944	66	0.587596	0.718543	5	GAIN	3	1	2	1	1	3.32081715084755	0.588812835463419	3	GAIN	2	1
GM847	chr8	35610031	35758642	223	0.585366	0.908689	8	BCNA	4	2	2	1	1	3.79514999487598	0.586403644369355	4	AMP	2	2
GM847	chr8	35759838	35906970	61	0.619048	0.758177	5	GAIN	3	1	2	1	1	3.41459687667165	0.620656330180724	3	GAIN	2	1
GM847	chr8	35914373	35968948	42	0.61257	0.848688	8	BCNA	4	2	2	1	1	3.63866947791547	0.613997159803077	4	AMP	2	2
GM847	chr8	35971742	36519353	113	0.586207	0.786403	5	GAIN	3	1	2	1	1	3.48297191899495	0.587348787030655	3	GAIN	2	1
GM847	chr8	36530198	37499265	843	0.595745	0.938773	8	BCNA	4	2	2	1	1	3.87609183557412	0.596884500688844	4	AMP	2	2
GM847	chr8	37500021	41688775	3387	0.571429	0.431935	5	GAIN	3	1	2	1	1	2.71418513808987	0.572643025051941	3	GAIN	2	1
GM847	chr8	41691402	41769904	60	0.573593	0.279683	3	HET	2	1	1	NA	NA	2.43772495386339	0.574985657591567	2	NEUT	1	1
GM847	chr8	41770483	52048782	3492	0.575379	0.481999	5	GAIN	3	1	2	1	1	2.81165424786719	0.576615747395465	3	GAIN	2	1
GM847	chr8	52050649	52149723	50	0.577935	0.251201	3	HET	2	1	1	NA	NA	2.38916900693777	0.579439798030629	2	NEUT	1	1
GM847	chr8	52150961	58169937	5999	0.575758	0.424791	5	GAIN	3	1	2	1	1	2.70055027157294	0.577052102813344	3	GAIN	2	1
GM847	chr8	58170131	58179915	74	0.565217	0.271779	3	HET	2	1	1	NA	NA	2.42415402214208	0.566458061073871	2	NEUT	1	1
GM847	chr8	58180022	58249386	203	0.575	0.425022	5	GAIN	3	1	2	1	1	2.7009900971399	0.576280945989264	3	GAIN	2	1
GM847	chr8	58250292	58289161	106	0.588235	0.226539	3	HET	2	1	1	NA	NA	2.34789282621102	0.589968625026817	2	NEUT	1	1
GM847	chr8	58290614	60979841	2490	0.571429	0.470234	5	GAIN	3	1	2	1	1	2.78844412861539	0.57261069437911	3	GAIN	2	1
GM847	chr8	60980484	61031293	77	0.576923	0.307018	3	HET	2	1	1	NA	NA	2.48523569040603	0.578350845372102	2	NEUT	1	1
GM847	chr8	61033905	63899769	2621	0.575	0.448037	5	GAIN	3	1	2	1	1	2.74516574698254	0.57626033279986	3	GAIN	2	1
GM847	chr8	63900314	63928858	44	0.580645	0.258099	3	HET	2	1	1	NA	NA	2.40084085918174	0.582194553657195	2	NEUT	1	1
GM847	chr8	63930289	64029728	104	0.586582	0.398072	5	GAIN	3	1	2	1	1	2.65014934526142	0.588089126866093	3	GAIN	2	1
GM847	chr8	64031444	64069926	43	0.588235	0.267798	3	HET	2	1	1	NA	NA	2.41734686720976	0.589918815351043	2	NEUT	1	1
GM847	chr8	64070990	64469511	329	0.571429	0.427708	5	GAIN	3	1	2	1	1	2.70610943289705	0.572646648005357	3	GAIN	2	1
GM847	chr8	64470267	64639246	120	0.58477	0.334327	3	HET	2	1	1	NA	NA	2.53360871148795	0.586313459315448	2	NEUT	1	1
GM847	chr8	64640150	65738605	702	0.579796	0.364395	5	GAIN	3	1	2	1	1	2.58793867721257	0.581218393264636	3	GAIN	2	1
GM847	chr8	65741730	65848007	94	0.578784	0.308215	3	HET	2	1	1	NA	NA	2.48733682970401	0.580245153939027	2	NEUT	1	1
GM847	chr8	65852914	69108397	2644	0.571429	0.45978	5	GAIN	3	1	2	1	1	2.76797858005076	0.572619431449504	3	GAIN	2	1
GM847	chr8	69110181	69112033	6	0.555862	0.067003	3	HET	2	1	1	NA	NA	2.09726959872272	0.557090725201011	2	NEUT	1	1
GM847	chr8	69115512	70648703	1226	1	-0.359503	2	NLOH	2	0	2	1	1	1.54869112036089	1	2	NEUT	2	0
GM847	chr8	70650556	71019515	246	1	-0.500153	1	DLOH	1	0	1	1	1	1.40054868461525	1	1	HETD	1	0
GM847	chr8	71023897	71639807	379	1	-0.39216	2	NLOH	2	0	2	1	1	1.51299607875962	1	2	NEUT	2	0
GM847	chr8	71670018	72249342	500	1	-0.462773	1	DLOH	1	0	1	1	1	1.4385217388106	1	1	HETD	1	0
GM847	chr8	72250298	79846184	5973	1	-0.363155	2	NLOH	2	0	2	1	1	1.54465913537245	1	2	NEUT	2	0
GM847	chr8	79849520	79996337	181	1	-0.462482	1	DLOH	1	0	1	1	1	1.43882123211972	1	1	HETD	1	0
GM847	chr8	80003279	81079607	675	1	-0.37855	2	NLOH	2	0	2	1	1	1.52777406339349	1	2	NEUT	2	0
GM847	chr8	81082318	81918882	546	1	-0.475765	1	DLOH	1	0	1	1	1	1.42521191448417	1	1	HETD	1	0
GM847	chr8	81920610	84349560	1701	1	-0.395293	2	NLOH	2	0	2	1	1	1.50961390525809	1	2	NEUT	2	0
GM847	chr8	84370480	94454308	6740	0.564103	0.569461	5	GAIN	3	1	2	1	1	2.99026405316514	0.565091920458366	3	GAIN	2	1
GM847	chr8	94459342	102979951	6029	1	-0.360434	2	NLOH	2	0	2	1	1	1.54766228173303	1	2	NEUT	2	0
GM847	chr8	102981279	103199480	141	1	-0.514493	1	DLOH	1	0	1	1	1	1.38624030718218	1	1	HETD	1	0
GM847	chr8	103203083	105267873	2056	1	-0.38383	2	NLOH	2	0	2	1	1	1.52202438663342	1	2	NEUT	2	0
GM847	chr8	105271452	105496767	226	1	-0.462835	1	DLOH	1	0	1	1	1	1.43845793704571	1	1	HETD	1	0
GM847	chr8	105527082	108566103	2238	1	-0.356079	2	NLOH	2	0	2	1	1	1.55248066409713	1	2	NEUT	2	0
GM847	chr8	108568845	108568845	1	0.518519	-0.389654	3	HET	2	1	1	NA	NA	1.51570667778439	0.519082631055681	2	NEUT	1	1
GM847	chr8	108576679	109789092	954	1	-0.483771	1	DLOH	1	0	1	1	1	1.41706955124003	1	1	HETD	1	0
GM847	chr8	109790628	110888220	734	1	-0.414019	2	NLOH	2	0	2	1	1	1.48955102122737	1	2	NEUT	2	0
GM847	chr8	110891470	111286450	265	1	-0.474766	1	DLOH	1	0	1	1	1	1.42623110462652	1	1	HETD	1	0
GM847	chr8	111292086	111929664	403	1	-0.368183	2	NLOH	2	0	2	1	1	1.53912465259499	1	2	NEUT	2	0
GM847	chr8	111944478	111949381	16	1	-0.915421	1	DLOH	1	0	1	1	1	1.03870543285975	1	1	HETD	1	0
GM847	chr8	111950376	112801537	540	1	-0.400969	2	NLOH	2	0	2	1	1	1.50350515764029	1	2	NEUT	2	0
GM847	chr8	112853182	113867307	252	1	-0.451259	1	DLOH	1	0	1	1	1	1.45041800688647	1	1	HETD	1	0
GM847	chr8	113869329	114299043	320	1	-0.416949	2	NLOH	2	0	2	1	1	1.48643533698916	1	2	NEUT	2	0
GM847	chr8	114300487	115169840	853	1	-0.435476	1	DLOH	1	0	1	1	1	1.46688004847912	1	1	HETD	1	0
GM847	chr8	115210128	120829759	4236	1	-0.373918	2	NLOH	2	0	2	1	1	1.53283545460749	1	2	NEUT	2	0
GM847	chr8	120831053	121034642	328	1	-0.467798	1	DLOH	1	0	1	1	1	1.43335959282103	1	1	HETD	1	0
GM847	chr8	121040551	122319878	1068	1	-0.36476	2	NLOH	2	0	2	1	1	1.54289036349941	1	2	NEUT	2	0
GM847	chr8	122320047	122429586	214	1	-0.867404	1	DLOH	1	0	1	1	1	1.07541946264757	1	1	HETD	1	0
GM847	chr8	122440005	127418203	4580	1	-0.362601	2	NLOH	2	0	2	1	1	1.54527012170249	1	2	NEUT	2	0
GM847	chr8	127419765	127613934	166	1	-0.471056	1	DLOH	1	0	1	1	1	1.4300222681922	1	1	HETD	1	0
GM847	chr8	127619222	133059730	4926	1	-0.34726	2	NLOH	2	0	2	1	1	1.56228268986174	1	2	NEUT	2	0
GM847	chr8	133060312	133493564	373	1	-0.503834	1	DLOH	1	0	1	1	1	1.39686222294157	1	1	HETD	1	0
GM847	chr8	133500319	134469277	887	1	-0.383631	2	NLOH	2	0	2	1	1	1.52224070708208	1	2	NEUT	2	0
GM847	chr8	134470419	134709940	316	1	-0.459579	1	DLOH	1	0	1	1	1	1.44181227051965	1	1	HETD	1	0
GM847	chr8	134710671	135410498	826	1	-0.412099	2	NLOH	2	0	2	1	1	1.49159613277417	1	2	NEUT	2	0
GM847	chr8	135411973	137997582	2513	1	-0.488706	1	DLOH	1	0	1	1	1	1.41207295928714	1	1	HETD	1	0
GM847	chr8	138000247	138399718	230	1	-0.368946	2	NLOH	2	0	2	1	1	1.53828647806	1	2	NEUT	2	0
GM847	chr8	138400581	138547153	108	1	-0.47656	1	DLOH	1	0	1	1	1	1.42440135138648	1	1	HETD	1	0
GM847	chr8	138548240	138548284	2	0.519231	-0.260813	3	HET	2	1	1	NA	NA	1.6616056555792	0.519764908030191	2	NEUT	1	1
GM847	chr8	138551284	138619777	114	0.573593	0.405406	5	GAIN	3	1	2	1	1	2.66389089618723	0.574867420122839	3	GAIN	2	1
GM847	chr8	138620698	138649528	77	0.575758	0.197625	3	HET	2	1	1	NA	NA	2.30039022656749	0.577277216028506	2	NEUT	1	1
GM847	chr8	138650876	138799290	215	0.590909	0.390344	5	GAIN	3	1	2	1	1	2.63574495251691	0.592500094753777	3	GAIN	2	1
GM847	chr8	138801177	140447948	2087	0.576923	0.305859	3	HET	2	1	1	NA	NA	2.48320291444162	0.578352014221308	2	NEUT	1	1
GM847	chr8	140451259	140539973	133	0.580645	0.407704	5	GAIN	3	1	2	1	1	2.66821100025907	0.582039279437918	3	GAIN	2	1
GM847	chr8	140540120	140569859	75	0.580645	0.27242	3	HET	2	1	1	NA	NA	2.42525183176524	0.582178956880255	2	NEUT	1	1
GM847	chr8	140570425	140609172	101	0.566667	0.372281	5	GAIN	3	1	2	1	1	2.60237634315605	0.567848771077187	3	GAIN	2	1
GM847	chr8	140610030	141008854	439	0.588235	0.24677	3	HET	2	1	1	NA	NA	2.38170085897698	0.589944016373094	2	NEUT	1	1
GM847	chr8	141011047	142327903	1205	0.571429	0.430357	5	GAIN	3	1	2	1	1	2.71116759286286	0.572644376268852	3	GAIN	2	1
GM847	chr8	142330663	143766059	1335	0.580645	0.298209	3	HET	2	1	1	NA	NA	2.46982642575233	0.582151272544053	2	NEUT	1	1
GM847	chr8	143769252	143978978	271	0.576923	0.391962	5	GAIN	3	1	2	1	1	2.63875439616061	0.578267775506312	3	GAIN	2	1
GM847	chr8	143981773	144009407	72	0.566964	0.283029	3	HET	2	1	1	NA	NA	2.4434923730572	0.568228220844391	2	NEUT	1	1
GM847	chr8	144010393	144088841	172	0.565217	0.381096	5	GAIN	3	1	2	1	1	2.61860850703735	0.566365901481784	3	GAIN	2	1
GM847	chr8	144094315	144111412	23	0.575	0.171066	3	HET	2	1	1	NA	NA	2.2575876152298	0.576532530745931	2	NEUT	1	1
GM847	chr8	144114554	144149926	59	0.56	0.414799	5	GAIN	3	1	2	1	1	2.68159268406277	0.561032169412614	3	GAIN	2	1
GM847	chr8	144152287	144348351	284	0.575758	0.309032	3	HET	2	1	1	NA	NA	2.48877194198918	0.577162222558547	2	NEUT	1	1
GM847	chr8	144350258	145168824	851	0.578947	0.383672	5	GAIN	3	1	2	1	1	2.6233707753362	0.580335252620661	3	GAIN	2	1
GM847	chr8	145223191	146279479	497	0.613636	0.96144	8	BCNA	4	2	2	1	1	3.93820275471494	0.61496709917177	4	AMP	2	2
GM847	chr8	146280471	146283579	11	0.702128	0.22545	3	HET	2	1	1	NA	NA	2.34608640966557	0.706102431550625	2	NEUT	1	1
GM847	chr8	146284126	146289870	10	1	0.22545	2	NLOH	2	0	2	1	1	2.34608640966557	1	2	NEUT	2	0
GM847	chr9	211156	68419973	41195	0.708333	0.113549	3	HET	2	1	1	NA	NA	2.167550265622	0.712766854495572	2	NEUT	1	1
GM847	chr9	71040525	71816771	734	1	-0.39006	2	NLOH	2	0	2	1	1	1.5152672107804	1	2	NEUT	2	0
GM847	chr9	71819214	71840045	23	1	-0.89889	1	DLOH	1	0	1	1	1	1.05120742940386	1	1	HETD	1	0
GM847	chr9	71842391	91958528	16038	1	-0.345335	2	NLOH	2	0	2	1	1	1.56443024201832	1	2	NEUT	2	0
GM847	chr9	91963480	92484485	444	1	-0.510861	1	DLOH	1	0	1	1	1	1.3898508598827	1	1	HETD	1	0
GM847	chr9	92491391	96372325	2089	1	-0.342629	2	NLOH	2	0	2	1	1	1.56745393606574	1	2	NEUT	2	0
GM847	chr9	96374182	96374277	4	0.666667	-0.474833	3	HET	2	1	1	NA	NA	1.42616272845186	0.672058046559329	2	NEUT	1	1
GM847	chr9	96375217	96448738	99	1	-0.505607	1	DLOH	1	0	1	1	1	1.39508994577585	1	1	HETD	1	0
GM847	chr9	96451784	115368728	14532	1	-0.325973	2	NLOH	2	0	2	1	1	1.5861908207747	1	2	NEUT	2	0
GM847	chr9	115384241	115582783	76	1	-0.898712	1	DLOH	1	0	1	1	1	1.05134282758503	1	1	HETD	1	0
GM847	chr9	115608223	129269846	10280	1	-0.319442	2	NLOH	2	0	2	1	1	1.5935970015135	1	2	NEUT	2	0
GM847	chr9	129270442	129469539	195	1	-0.499898	1	DLOH	1	0	1	1	1	1.40080441150459	1	1	HETD	1	0
GM847	chr9	129470932	130892285	949	1	-0.335968	2	NLOH	2	0	2	1	1	1.57492116871484	1	2	NEUT	2	0
GM847	chr9	130892780	130900544	228	0.567568	-0.401841	3	HET	2	1	1	NA	NA	1.50256880285324	0.569642432191411	2	NEUT	1	1
GM847	chr9	130903177	130914434	40	1	-0.613957	1	DLOH	1	0	1	1	1	1.29081530725452	1	1	HETD	1	0
GM847	chr9	130916769	132184464	799	1	-0.313795	2	NLOH	2	0	2	1	1	1.60002780573664	1	2	NEUT	2	0
GM847	chr9	132186930	132206066	535	0.6	0.061775	3	HET	2	1	1	NA	NA	2.08951645694213	0.602207734024127	2	NEUT	1	1
GM847	chr9	132208834	136409854	3065	1	-0.366496	2	NLOH	2	0	2	1	1	1.54097943850562	1	2	NEUT	2	0
GM847	chr9	136410304	136819814	537	1	-0.480684	1	DLOH	1	0	1	1	1	1.42020377976672	1	1	HETD	1	0
GM847	chr9	136821314	137988931	1317	1	-0.373132	2	NLOH	2	0	2	1	1	1.53369593149827	1	2	NEUT	2	0
GM847	chr9	137995557	138308518	438	1	-0.494572	1	DLOH	1	0	1	1	1	1.40615593760402	1	1	HETD	1	0
GM847	chr9	138310423	140176054	1438	1	-0.400386	2	NLOH	2	0	2	1	1	1.5041314995911	1	2	NEUT	2	0
GM847	chr9	140222221	140222532	3	0.656716	-0.206246	3	HET	2	1	1	NA	NA	1.727434384455	0.660901085404717	2	NEUT	1	1
GM847	chr9	140228805	140777105	379	1	-0.41268	2	NLOH	2	0	2	1	1	1.49097698628457	1	2	NEUT	2	0
GM847	chr9	140777306	140785576	53	0.566667	-0.49402	3	HET	2	1	1	NA	NA	1.40671171393402	0.568853242613775	2	NEUT	1	1
GM847	chr9	140786516	141018696	156	1	-0.491551	1	DLOH	1	0	1	1	1	1.40920020917768	1	1	HETD	1	0
GM847	chr10	131993	1219599	896	1	-0.387187	2	NLOH	2	0	2	1	1	1.51837969570241	1	2	NEUT	2	0
GM847	chr10	1222923	1939969	803	1	-0.485825	1	DLOH	1	0	1	1	1	1.41498783933878	1	1	HETD	1	0
GM847	chr10	1940096	11237928	9623	1	-0.351635	2	NLOH	2	0	2	1	1	1.55741253318136	1	2	NEUT	2	0
GM847	chr10	11241087	11937566	545	1	-0.482493	1	DLOH	1	0	1	1	1	1.41836629012213	1	1	HETD	1	0
GM847	chr10	11943885	12290093	285	1	-0.356382	2	NLOH	2	0	2	1	1	1.55214495318932	1	2	NEUT	2	0
GM847	chr10	12292344	13039569	753	1	-0.467009	1	DLOH	1	0	1	1	1	1.434168937329	1	1	HETD	1	0
GM847	chr10	13040115	20099126	6981	1	-0.335885	2	NLOH	2	0	2	1	1	1.57501443249807	1	2	NEUT	2	0
GM847	chr10	20101663	20565906	477	1	-0.488936	1	DLOH	1	0	1	1	1	1.41184050533094	1	1	HETD	1	0
GM847	chr10	20568296	25818141	3920	1	-0.371353	2	NLOH	2	0	2	1	1	1.5356452316044	1	2	NEUT	2	0
GM847	chr10	25820248	26610243	630	1	-0.464464	1	DLOH	1	0	1	1	1	1.43678257917839	1	1	HETD	1	0
GM847	chr10	26616718	26857667	427	1	-0.406652	2	NLOH	2	0	2	1	1	1.49741290713332	1	2	NEUT	2	0
GM847	chr10	26859782	26880841	179	0.666667	-0.460194	3	HET	2	1	1	NA	NA	1.44117811704415	0.672001878166228	2	NEUT	1	1
GM847	chr10	26881968	26911472	17	1	-0.444627	2	NLOH	2	0	2	1	1	1.45731340760186	1	2	NEUT	2	0
GM847	chr10	26913750	26931223	242	0.632456	-0.291215	3	HET	2	1	1	NA	NA	1.62599494938739	0.636213898019894	2	NEUT	1	1
GM847	chr10	26931951	26939892	35	1	-0.521229	1	DLOH	1	0	1	1	1	1.379568097787	1	1	HETD	1	0
GM847	chr10	26940015	26941074	55	0.566667	-0.321704	3	HET	2	1	1	NA	NA	1.591028088225	0.56859997221907	2	NEUT	1	1
GM847	chr10	26941277	27224983	471	1	-0.357433	2	NLOH	2	0	2	1	1	1.55098103688619	1	2	NEUT	2	0
GM847	chr10	27226489	27234377	89	0.653846	-0.48851	3	HET	2	1	1	NA	NA	1.41227107973296	0.658871284918814	2	NEUT	1	1
GM847	chr10	27234815	27618784	241	1	-0.328986	2	NLOH	2	0	2	1	1	1.58278535165018	1	2	NEUT	2	0
GM847	chr10	27619203	27622787	85	0.68	-0.359668	3	HET	2	1	1	NA	NA	1.54850873212953	0.685362303527548	2	NEUT	1	1
GM847	chr10	27622859	34766044	6722	1	-0.329339	2	NLOH	2	0	2	1	1	1.58238683560708	1	2	NEUT	2	0
GM847	chr10	34778768	35685764	584	0.575758	0.489691	5	GAIN	3	1	2	1	1	2.82693175858996	0.576994248343597	3	GAIN	2	1
GM847	chr10	35700835	37432447	1331	1	-0.367689	2	NLOH	2	0	2	1	1	1.53966756037788	1	2	NEUT	2	0
GM847	chr10	37434800	37436085	32	0.614379	-0.372213	3	HET	2	1	1	NA	NA	1.53470260539328	0.617817069182968	2	NEUT	1	1
GM847	chr10	37438280	43600864	259	1	-0.468659	1	DLOH	1	0	1	1	1	1.43247689668888	1	1	HETD	1	0
GM847	chr10	43615505	46157245	2354	1	-0.34939	2	NLOH	2	0	2	1	1	1.55990977444117	1	2	NEUT	2	0
GM847	chr10	46970039	46972165	12	0.537778	-0.773921	3	HET	2	1	1	NA	NA	1.15049932657207	0.539292764575883	2	NEUT	1	1
GM847	chr10	46972487	46973240	5	1	-0.773921	1	DLOH	1	0	1	1	1	1.15049932657207	1	1	HETD	1	0
GM847	chr10	46973563	46977120	15	0.56	-0.773921	3	HET	2	1	1	NA	NA	1.15049932657207	0.562405788409999	2	NEUT	1	1
GM847	chr10	46977267	46978254	4	1	-0.773921	1	DLOH	1	0	1	1	1	1.15049932657207	1	1	HETD	1	0
GM847	chr10	46978468	47028606	234	0.567875	-0.706467	3	HET	2	1	1	NA	NA	1.20777702498564	0.570467481257849	2	NEUT	1	1
GM847	chr10	47028893	47029718	9	1	-0.663727	1	DLOH	1	0	1	1	1	1.24547990633242	1	1	HETD	1	0
GM847	chr10	47030595	47097976	317	0.583333	-0.669047	3	HET	2	1	1	NA	NA	1.2407258065624	0.586431373346727	2	NEUT	1	1
GM847	chr10	47098233	47099529	6	1	-0.665542	1	DLOH	1	0	1	1	1	1.24385600130493	1	1	HETD	1	0
GM847	chr10	47099660	47101123	5	0.536585	-0.720661	3	HET	2	1	1	NA	NA	1.19550090078475	0.537996710673918	2	NEUT	1	1
GM847	chr10	47101239	47102120	7	1	-0.720661	1	DLOH	1	0	1	1	1	1.19550090078475	1	1	HETD	1	0
GM847	chr10	47102176	47127469	244	0.583333	-0.699287	3	HET	2	1	1	NA	NA	1.21403302471376	0.586499496867378	2	NEUT	1	1
GM847	chr10	47127522	47131157	16	1	-0.699287	1	DLOH	1	0	1	1	1	1.21403302471376	1	1	HETD	1	0
GM847	chr10	47131189	47149452	138	0.586801	-0.672485	3	HET	2	1	1	NA	NA	1.23766282644259	0.590036302760456	2	NEUT	1	1
GM847	chr10	47540020	48356071	400	1	-0.934602	1	DLOH	1	0	1	1	1	1.02437771155879	1	1	HETD	1	0
GM847	chr10	48357041	48360029	232	0.619634	-0.431179	3	HET	2	1	1	NA	NA	1.47139319909954	0.623384752661537	2	NEUT	1	1
GM847	chr10	48365295	57810038	6936	1	-0.357859	2	NLOH	2	0	2	1	1	1.55050951015759	1	2	NEUT	2	0
GM847	chr10	57810875	57937715	238	1	-0.500183	1	DLOH	1	0	1	1	1	1.4005186020704	1	1	HETD	1	0
GM847	chr10	57972659	58929143	1026	1	-0.404571	2	NLOH	2	0	2	1	1	1.49964098199526	1	2	NEUT	2	0
GM847	chr10	58929739	58940623	56	1	-0.551906	1	DLOH	1	0	1	1	1	1.34957253291498	1	1	HETD	1	0
GM847	chr10	58940635	58940754	17	0.708333	-0.313899	3	HET	2	1	1	NA	NA	1.59990914286137	0.714339967665937	2	NEUT	1	1
GM847	chr10	58941380	72109482	11498	1	-0.33491	2	NLOH	2	0	2	1	1	1.57611040284791	1	2	NEUT	2	0
GM847	chr10	72110563	73559227	1528	1	-0.453264	1	DLOH	1	0	1	1	1	1.44833960741389	1	1	HETD	1	0
GM847	chr10	73561398	82209807	5587	1	-0.322466	2	NLOH	2	0	2	1	1	1.59016360490271	1	2	NEUT	2	0
GM847	chr10	82210144	82578403	335	1	-0.507698	1	DLOH	1	0	1	1	1	1.39300259537355	1	1	HETD	1	0
GM847	chr10	82579919	83270045	814	1	-0.416135	2	NLOH	2	0	2	1	1	1.48730028830399	1	2	NEUT	2	0
GM847	chr10	83271144	84029778	714	1	-0.453155	1	DLOH	1	0	1	1	1	1.44845252347841	1	1	HETD	1	0
GM847	chr10	84030245	86949264	2902	1	-0.380189	2	NLOH	2	0	2	1	1	1.52598701519105	1	2	NEUT	2	0
GM847	chr10	86950907	88165404	991	1	-0.477688	1	DLOH	1	0	1	1	1	1.42325203562106	1	1	HETD	1	0
GM847	chr10	88167364	93792789	3821	1	-0.25191	2	NLOH	2	0	2	1	1	1.67217683515214	1	2	NEUT	2	0
GM847	chr10	93792947	93793011	5	0.714286	-0.379629	3	HET	2	1	1	NA	NA	1.5265973707637	0.720761328936161	2	NEUT	1	1
GM847	chr10	93793898	107427570	9302	1	-0.329084	2	NLOH	2	0	2	1	1	1.58267470569045	1	2	NEUT	2	0
GM847	chr10	107430381	107779570	439	1	-0.4736	1	DLOH	1	0	1	1	1	1.42742156281001	1	1	HETD	1	0
GM847	chr10	107780872	110571068	2759	1	-0.362557	2	NLOH	2	0	2	1	1	1.54531865775041	1	2	NEUT	2	0
GM847	chr10	110590288	110665657	63	0.7	0.285882	3	HET	2	1	1	NA	NA	2.44842059626271	0.703768222325042	2	NEUT	1	1
GM847	chr10	110668178	119148455	7309	1	-0.320102	2	NLOH	2	0	2	1	1	1.59284703501336	1	2	NEUT	2	0
GM847	chr10	119165399	119579588	363	1	-0.486883	1	DLOH	1	0	1	1	1	1.41391672107665	1	1	HETD	1	0
GM847	chr10	119580462	123869652	4085	1	-0.357523	2	NLOH	2	0	2	1	1	1.55088140696249	1	2	NEUT	2	0
GM847	chr10	123870123	123889001	70	1	-0.58139	1	DLOH	1	0	1	1	1	1.3213383772802	1	1	HETD	1	0
GM847	chr10	123891647	125249220	913	1	-0.349229	2	NLOH	2	0	2	1	1	1.56008901328257	1	2	NEUT	2	0
GM847	chr10	125250259	125557074	278	1	-0.519165	1	DLOH	1	0	1	1	1	1.3816092421331	1	1	HETD	1	0
GM847	chr10	125560762	125705485	110	1	-0.389098	2	NLOH	2	0	2	1	1	1.51630871013318	1	2	NEUT	2	0
GM847	chr10	125706486	135429761	11065	0.669231	0.121162	3	HET	2	1	1	NA	NA	2.17926258073569	0.672813307857475	2	NEUT	1	1
GM847	chr11	190010	10239996	11167	0.645161	0.134476	3	HET	2	1	1	NA	NA	2.19989481858691	0.648204971495391	2	NEUT	1	1
GM847	chr11	10260736	10271097	29	1	-0.278767	2	NLOH	2	0	2	1	1	1.64048496910075	1	2	NEUT	2	0
GM847	chr11	10271589	16712166	5703	0.65	0.166254	3	HET	2	1	1	NA	NA	2.24991653671144	0.65307551180279	2	NEUT	1	1
GM847	chr11	16721330	17117322	306	0.740741	0.456192	5	GAIN	3	1	2	1	1	2.76098855135088	0.74476333280631	3	GAIN	2	1
GM847	chr11	17125168	19907962	2643	0.65	0.170645	3	HET	2	1	1	NA	NA	2.25691545375544	0.653065974337866	2	NEUT	1	1
GM847	chr11	19911017	20649448	830	0.571429	0.465802	5	GAIN	3	1	2	1	1	2.77974959545872	0.57261439049655	3	GAIN	2	1
GM847	chr11	20651435	20829533	223	0.56	0.299647	3	HET	2	1	1	NA	NA	2.4723354455465	0.561119531716687	2	NEUT	1	1
GM847	chr11	20830546	20879530	84	0.563859	0.401016	5	GAIN	3	1	2	1	1	2.65565706075937	0.56496828379495	3	GAIN	2	1
GM847	chr11	20880387	20889044	33	0.555556	0.238296	3	HET	2	1	1	NA	NA	2.36748223133933	0.556638522140955	2	NEUT	1	1
GM847	chr11	20891929	34959058	12938	0.5625	0.557003	5	GAIN	3	1	2	1	1	2.96415697368155	0.563472683088506	3	GAIN	2	1
GM847	chr11	34960175	34969640	37	0.571429	0.847395	8	BCNA	4	2	2	1	1	3.63536849438529	0.572335397455536	4	AMP	2	2
GM847	chr11	34982141	42439550	7877	0.5625	0.586535	5	GAIN	3	1	2	1	1	3.02641264932567	0.563452674236483	3	GAIN	2	1
GM847	chr11	42440127	42449997	21	0.58	0.905407	8	BCNA	4	2	2	1	1	3.78642136225514	0.580974661007769	4	AMP	2	2
GM847	chr11	42460349	43347485	672	0.571429	0.546142	5	GAIN	3	1	2	1	1	2.94157979887669	0.572549176564479	3	GAIN	2	1
GM847	chr11	43352654	43518486	82	0.567875	0.833032	8	BCNA	4	2	2	1	1	3.59889853251237	0.568745027113199	4	AMP	2	2
GM847	chr11	43521349	58086755	8066	0.56	0.621672	5	GAIN	3	1	2	1	1	3.10216351065453	0.560892234705254	3	GAIN	2	1
GM847	chr11	58090384	58109372	31	0.567568	0.847924	8	BCNA	4	2	2	1	1	3.63671865519885	0.568425085023608	4	AMP	2	2
GM847	chr11	58110660	73563028	10454	0.565217	0.638832	5	GAIN	3	1	2	1	1	3.13983419322589	0.566175179002075	3	GAIN	2	1
GM847	chr11	73571883	73740164	141	0.666667	0.284815	3	HET	2	1	1	NA	NA	2.44657633783794	0.669809558665085	2	NEUT	1	1
GM847	chr11	73741298	73956797	169	0.666667	0.411143	5	GAIN	3	1	2	1	1	2.67468898502072	0.669541543437881	3	GAIN	2	1
GM847	chr11	73964797	123841373	41562	0.588235	-0.358197	3	HET	2	1	1	NA	NA	1.55013548705972	0.590860812903312	2	NEUT	1	1
GM847	chr11	123848598	134814836	3518	1	-1.357945	1	DLOH	1	0	1	1	1	0.752141685223028	1	1	HETD	1	0
GM847	chr12	191450	349059	170	0.666667	1.043761	8	BCNA	4	2	2	1	1	4.17216256827369	0.668509811622138	4	AMP	2	2
GM847	chr12	351467	496173	124	0.666667	1.178275	11	UBCNA	5	2	3	1	1	4.58438670732812	0.668344107574275	5	HLAMP	3	2
GM847	chr12	502673	709529	307	0.657143	1.113005	8	BCNA	4	2	2	1	1	4.37956237700094	0.658798224364525	4	AMP	2	2
GM847	chr12	710461	719663	26	0.659736	1.296373	11	UBCNA	5	2	3	1	1	4.97938418382108	0.661215856880802	5	HLAMP	3	2
GM847	chr12	720393	849622	55	0.68	1.093168	8	BCNA	4	2	2	1	1	4.31912572082329	0.681922512650351	4	AMP	2	2
GM847	chr12	851013	1639708	768	0.666667	1.248467	11	UBCNA	5	2	3	1	1	4.8152476194081	0.668263700788403	5	HLAMP	3	2
GM847	chr12	1641035	1779648	164	0.666667	1.132448	8	BCNA	4	2	2	1	1	4.43961055096021	0.668398798224644	4	AMP	2	2
GM847	chr12	1780182	1899950	122	0.666667	1.252463	11	UBCNA	5	2	3	1	1	4.82873140943351	0.66825924214775	5	HLAMP	3	2
GM847	chr12	1901197	1999206	109	0.642857	1.095445	8	BCNA	4	2	2	1	1	4.32602082838824	0.644380370237212	4	AMP	2	2
GM847	chr12	2000320	2017422	29	0.674419	1.201976	11	UBCNA	5	2	3	1	1	4.6610864518154	0.676145232070572	5	HLAMP	3	2
GM847	chr12	2020015	2035949	20	0.674242	1.049729	8	BCNA	4	2	2	1	1	4.18964853533368	0.676160526498847	4	AMP	2	2
GM847	chr12	2043388	2169709	108	0.66954	1.208339	11	UBCNA	5	2	3	1	1	4.68189346398766	0.671210487377607	5	HLAMP	3	2
GM847	chr12	2170024	2300008	86	0.673273	1.140592	8	BCNA	4	2	2	1	1	4.46500412564198	0.675063200099518	4	AMP	2	2
GM847	chr12	2300207	2344960	63	0.661538	1.248365	11	UBCNA	5	2	3	1	1	4.81490392717023	0.663085674483146	5	HLAMP	3	2
GM847	chr12	2350309	2395912	81	0.673077	1.11484	8	BCNA	4	2	2	1	1	4.38519510879075	0.674897719252555	4	AMP	2	2
GM847	chr12	2400666	2457994	92	0.666667	1.250615	11	UBCNA	5	2	3	1	1	4.82249102039514	0.668261302537371	5	HLAMP	3	2
GM847	chr12	2460086	3009539	641	0.666667	1.120197	8	BCNA	4	2	2	1	1	4.40168004891567	0.668413721611935	4	AMP	2	2
GM847	chr12	3010210	3029669	70	0.674166	1.195583	11	UBCNA	5	2	3	1	1	4.64027355474456	0.675897459511537	5	HLAMP	3	2
GM847	chr12	3031832	3162626	255	0.660377	1.14774	8	BCNA	4	2	2	1	1	4.48741052968249	0.662025689338027	4	AMP	2	2
GM847	chr12	3163377	3189737	46	0.666923	1.219985	11	UBCNA	5	2	3	1	1	4.72021439356682	0.66855434945904	5	HLAMP	3	2
GM847	chr12	3190548	4569640	1429	0.666667	1.079018	8	BCNA	4	2	2	1	1	4.27652041954754	0.668464842384926	4	AMP	2	2
GM847	chr12	4570190	4683466	21	0.638298	1.261451	11	UBCNA	5	2	3	1	1	4.85919663621579	0.639610937256969	5	HLAMP	3	2
GM847	chr12	4696801	4777349	127	0.666667	1.133833	8	BCNA	4	2	2	1	1	4.44391897022239	0.668397119230747	4	AMP	2	2
GM847	chr12	4781147	4799481	20	0.675718	1.304136	11	UBCNA	5	2	3	1	1	5.00649887145187	0.677337103738858	5	HLAMP	3	2
GM847	chr12	4800982	5088938	335	0.659574	1.11426	8	BCNA	4	2	2	1	1	4.38341396136663	0.661253353762846	4	AMP	2	2
GM847	chr12	5090220	28037987	20508	0.5625	0.587167	5	GAIN	3	1	2	1	1	3.02775893035071	0.563452250633654	3	GAIN	2	1
GM847	chr12	28040338	28049444	17	0.534884	0.960216	8	BCNA	4	2	2	1	1	3.93482383114338	0.53529297195875	4	AMP	2	2
GM847	chr12	28050947	33478927	4894	0.5625	0.579757	5	GAIN	3	1	2	1	1	3.01201123017052	0.563457229286232	3	GAIN	2	1
GM847	chr12	33491742	33713297	280	0.683014	0.179628	3	HET	2	1	1	NA	NA	2.27130020414009	0.686731083524295	2	NEUT	1	1
GM847	chr12	33714314	33855926	120	1	-0.327283	2	NLOH	2	0	2	1	1	1.58470930809037	1	2	NEUT	2	0
GM847	chr12	38858674	65618637	20692	0.708333	0.118036	3	HET	2	1	1	NA	NA	2.17444586702483	0.712752793858909	2	NEUT	1	1
GM847	chr12	65621730	65987537	187	1	-0.248818	2	NLOH	2	0	2	1	1	1.67586348069246	1	2	NEUT	2	0
GM847	chr12	65989327	133819755	59296	0.714286	0.089083	3	HET	2	1	1	NA	NA	2.13032599305439	0.718926238236308	2	NEUT	1	1
GM847	chr13	20140719	36076994	16191	0.590909	0.117518	3	HET	2	1	1	NA	NA	2.17364871149913	0.592838345778855	2	NEUT	1	1
GM847	chr13	36080145	36139513	59	0.657895	0.459908	5	GAIN	3	1	2	1	1	2.76822826691553	0.660526231291752	3	GAIN	2	1
GM847	chr13	36140770	89881800	44844	0.590909	-0.254023	3	HET	2	1	1	NA	NA	1.66966200927529	0.593420717906347	2	NEUT	1	1
GM847	chr13	89905693	90237602	79	0.64	0.410577	5	GAIN	3	1	2	1	1	2.67362175875063	0.642415575496127	3	GAIN	2	1
GM847	chr13	90239213	90258962	28	0.651515	0.142391	3	HET	2	1	1	NA	NA	2.21225096337731	0.654674466711861	2	NEUT	1	1
GM847	chr13	90260288	90650747	492	0.666667	0.415086	5	GAIN	3	1	2	1	1	2.68213537294614	0.669533562869203	3	GAIN	2	1
GM847	chr13	90653971	90679814	43	0.6875	0.214486	3	HET	2	1	1	NA	NA	2.32797526385405	0.691215484530371	2	NEUT	1	1
GM847	chr13	90680313	91619316	1044	0.657519	0.399936	5	GAIN	3	1	2	1	1	2.65363526191874	0.660257320408902	3	GAIN	2	1
GM847	chr13	91620124	91720303	106	0.666667	0.311907	3	HET	2	1	1	NA	NA	2.49382852850394	0.669750014562704	2	NEUT	1	1
GM847	chr13	91721061	92509287	889	0.65625	0.412983	5	GAIN	3	1	2	1	1	2.67816130760115	0.658941385085539	3	GAIN	2	1
GM847	chr13	92510309	92530986	38	0.691576	0.244819	3	HET	2	1	1	NA	NA	2.37841984780821	0.695291738373322	2	NEUT	1	1
GM847	chr13	92536551	93119289	537	0.653846	0.404416	5	GAIN	3	1	2	1	1	2.66203187453238	0.656512032899965	3	GAIN	2	1
GM847	chr13	93130278	115099946	20438	0.588235	-0.278015	3	HET	2	1	1	NA	NA	1.64136434122185	0.590714867304034	2	NEUT	1	1
GM847	chr14	20210102	31588329	9981	0.666667	0.217048	3	HET	2	1	1	NA	NA	2.33219504969477	0.669963683813504	2	NEUT	1	1
GM847	chr14	31590357	31699494	38	0.739865	0.538333	5	GAIN	3	1	2	1	1	2.92545164737914	0.74364739172466	3	GAIN	2	1
GM847	chr14	31701105	36349665	3817	0.666667	0.258972	3	HET	2	1	1	NA	NA	2.40232201271795	0.66986744924434	2	NEUT	1	1
GM847	chr14	36354128	36499858	127	0.75	0.504785	5	GAIN	3	1	2	1	1	2.85714857934705	0.75403645141988	3	GAIN	2	1
GM847	chr14	36500532	51870189	12189	0.666667	0.199684	3	HET	2	1	1	NA	NA	2.30374154917131	0.670004401139043	2	NEUT	1	1
GM847	chr14	51872028	52169091	349	0.666667	0.392092	5	GAIN	3	1	2	1	1	2.63899633975455	0.669580421877265	3	GAIN	2	1
GM847	chr14	52172699	62097884	6721	0.666667	0.245949	3	HET	2	1	1	NA	NA	2.38031963645523	0.66989703245132	2	NEUT	1	1
GM847	chr14	62100454	62260475	165	0.666667	0.375047	5	GAIN	3	1	2	1	1	2.60745905166223	0.669615659794048	3	GAIN	2	1
GM847	chr14	62263989	74318547	10258	0.666667	0.242334	3	HET	2	1	1	NA	NA	2.37424722460759	0.669905293632852	2	NEUT	1	1
GM847	chr14	74320611	74389134	73	0.65	0.40538	5	GAIN	3	1	2	1	1	2.66384205708299	0.652597618295555	3	GAIN	2	1
GM847	chr14	74391363	83300074	7391	0.666667	0.207129	3	HET	2	1	1	NA	NA	2.31589936417577	0.66998688072936	2	NEUT	1	1
GM847	chr14	83301749	88019402	3235	1	-0.384272	2	NLOH	2	0	2	1	1	1.52154402281412	1	2	NEUT	2	0
GM847	chr14	88024998	88529591	502	1	-0.472079	1	DLOH	1	0	1	1	1	1.42897591435974	1	1	HETD	1	0
GM847	chr14	88530318	88689339	139	1	-0.373967	2	NLOH	2	0	2	1	1	1.5327818271682	1	2	NEUT	2	0
GM847	chr14	88691217	88699178	36	1	-0.645039	1	DLOH	1	0	1	1	1	1.26231966406245	1	1	HETD	1	0
GM847	chr14	88700518	91596047	2689	1	-0.372577	2	NLOH	2	0	2	1	1	1.53430380258435	1	2	NEUT	2	0
GM847	chr14	91599617	91886691	226	1	-0.474116	1	DLOH	1	0	1	1	1	1.42689462043899	1	1	HETD	1	0
GM847	chr14	91910049	92989577	1281	1	-0.392435	2	NLOH	2	0	2	1	1	1.51269891334104	1	2	NEUT	2	0
GM847	chr14	92990430	93699003	496	1	-0.485307	1	DLOH	1	0	1	1	1	1.41551254858858	1	1	HETD	1	0
GM847	chr14	93701331	94349820	496	1	-0.403767	2	NLOH	2	0	2	1	1	1.50050266584077	1	2	NEUT	2	0
GM847	chr14	94350991	94539983	266	1	-0.487909	1	DLOH	1	0	1	1	1	1.412878749543	1	1	HETD	1	0
GM847	chr14	94541285	94920217	350	1	-0.364532	2	NLOH	2	0	2	1	1	1.54314150839321	1	2	NEUT	2	0
GM847	chr14	94920805	95541009	778	1	-0.459987	1	DLOH	1	0	1	1	1	1.4413915336426	1	1	HETD	1	0
GM847	chr14	95542770	95837284	257	1	-0.408584	2	NLOH	2	0	2	1	1	1.4953472378158	1	2	NEUT	2	0
GM847	chr14	95853460	95969513	145	1	-0.472208	1	DLOH	1	0	1	1	1	1.4288440221199	1	1	HETD	1	0
GM847	chr14	95972083	96050507	175	1	-0.385275	2	NLOH	2	0	2	1	1	1.52045451219953	1	2	NEUT	2	0
GM847	chr14	96051940	96095041	128	1	-0.4988	1	DLOH	1	0	1	1	1	1.40190605788607	1	1	HETD	1	0
GM847	chr14	96100607	97024627	959	1	-0.344686	2	NLOH	2	0	2	1	1	1.56515492002344	1	2	NEUT	2	0
GM847	chr14	97030124	97169118	159	1	-0.490293	1	DLOH	1	0	1	1	1	1.41046978106281	1	1	HETD	1	0
GM847	chr14	97169673	98229873	798	1	-0.403456	2	NLOH	2	0	2	1	1	1.50083610769378	1	2	NEUT	2	0
GM847	chr14	98231278	99759225	1518	1	-0.499696	1	DLOH	1	0	1	1	1	1.4010070194022	1	1	HETD	1	0
GM847	chr14	99760197	101075146	1242	1	-0.378156	2	NLOH	2	0	2	1	1	1.52820395553896	1	2	NEUT	2	0
GM847	chr14	101082076	101349017	250	1	-0.49057	1	DLOH	1	0	1	1	1	1.41019013798952	1	1	HETD	1	0
GM847	chr14	101350298	104289005	2651	1	-0.365522	2	NLOH	2	0	2	1	1	1.54205129875823	1	2	NEUT	2	0
GM847	chr14	104293678	104908584	642	1	-0.477585	1	DLOH	1	0	1	1	1	1.42335694473048	1	1	HETD	1	0
GM847	chr14	104911180	105529530	644	1	-0.378932	2	NLOH	2	0	2	1	1	1.5273573764892	1	2	NEUT	2	0
GM847	chr14	105530334	105913520	286	1	-0.510628	1	DLOH	1	0	1	1	1	1.39008279440492	1	1	HETD	1	0
GM847	chr14	105918220	106299566	122	1	-0.362607	2	NLOH	2	0	2	1	1	1.5452635032652	1	2	NEUT	2	0
GM847	chr14	106300571	106688397	392	1	-0.440255	1	DLOH	1	0	1	1	1	1.46187641524415	1	1	HETD	1	0
GM847	chr14	106691056	106691500	7	0.727273	-0.531193	3	HET	2	1	1	NA	NA	1.3697554055946	0.734927157040207	2	NEUT	1	1
GM847	chr14	106691545	106714539	17	1	-0.414545	1	DLOH	1	0	1	1	1	1.48899122066955	1	1	HETD	1	0
GM847	chr14	106714891	106717364	20	0.711982	-0.414545	3	HET	2	1	1	NA	NA	1.48899122066955	0.718549489618418	2	NEUT	1	1
GM847	chr14	106717675	106724437	13	1	-0.480975	1	DLOH	1	0	1	1	1	1.41990804132757	1	1	HETD	1	0
GM847	chr14	106725991	106734270	275	0.586207	-0.48659	3	HET	2	1	1	NA	NA	1.41421327537527	0.589019031420216	2	NEUT	1	1
GM847	chr14	106734847	106849490	46	1	-0.539011	1	DLOH	1	0	1	1	1	1.36210343427201	1	1	HETD	1	0
GM847	chr14	106870007	106879952	246	0.571429	-0.519181	3	HET	2	1	1	NA	NA	1.38159340807531	0.573813991658173	2	NEUT	1	1
GM847	chr14	106891046	106918283	14	1	-0.502024	1	DLOH	1	0	1	1	1	1.3986737331162	1	1	HETD	1	0
GM847	chr14	106918976	106942204	173	0.56	-0.500932	3	HET	2	1	1	NA	NA	1.39976774393691	0.561977369429727	2	NEUT	1	1
GM847	chr14	106943912	106976874	54	1	-0.465035	1	DLOH	1	0	1	1	1	1.43619577734766	1	1	HETD	1	0
GM847	chr14	106976922	106979034	45	0.714286	-0.465035	3	HET	2	1	1	NA	NA	1.43619577734766	0.721168919644165	2	NEUT	1	1
GM847	chr14	106979060	107074334	268	1	-0.52719	1	DLOH	1	0	1	1	1	1.37368947577841	1	1	HETD	1	0
GM847	chr14	107079568	107119043	42	0.698006	-0.491506	3	HET	2	1	1	NA	NA	1.40924560402718	0.704487629589692	2	NEUT	1	1
GM847	chr14	107122683	107127264	13	1	-0.482208	1	DLOH	1	0	1	1	1	1.41865562566086	1	1	HETD	1	0
GM847	chr14	107128497	107131038	33	0.730769	-0.482208	3	HET	2	1	1	NA	NA	1.41865562566086	0.738273003540274	2	NEUT	1	1
GM847	chr14	107131128	107147269	43	1	-0.418222	1	DLOH	1	0	1	1	1	1.48508363315563	1	1	HETD	1	0
GM847	chr14	107148746	107150179	28	0.578784	-0.531335	3	HET	2	1	1	NA	NA	1.36961605114705	0.581437577258652	2	NEUT	1	1
GM847	chr14	107150221	107150595	13	1	-0.514523	1	DLOH	1	0	1	1	1	1.38621052216858	1	1	HETD	1	0
GM847	chr14	107150765	107167809	360	0.61327	-0.51244	3	HET	2	1	1	NA	NA	1.38828006711544	0.617033833116507	2	NEUT	1	1
GM847	chr14	107167861	107168041	11	1	-0.51244	1	DLOH	1	0	1	1	1	1.38828006711544	1	1	HETD	1	0
GM847	chr14	107168093	107169162	44	0.666996	-0.51244	3	HET	2	1	1	NA	NA	1.38828006711544	0.672545086917315	2	NEUT	1	1
GM847	chr14	107169247	107170207	12	1	-0.598543	1	DLOH	1	0	1	1	1	1.30517604907342	1	1	HETD	1	0
GM847	chr14	107170398	107178560	173	0.586207	-0.598543	3	HET	2	1	1	NA	NA	1.30517604907342	0.58925395459901	2	NEUT	1	1
GM847	chr14	107178613	107179657	17	1	-0.598543	1	DLOH	1	0	1	1	1	1.30517604907342	1	1	HETD	1	0
GM847	chr14	107179719	107182717	74	0.614144	-0.578699	3	HET	2	1	1	NA	NA	1.32389144218903	0.618121344960372	2	NEUT	1	1
GM847	chr14	107183338	107269942	149	1	-0.576762	1	DLOH	1	0	1	1	1	1.32573210540083	1	1	HETD	1	0
GM847	chr15	21910133	22486763	221	0.681818	-0.419033	3	HET	2	1	1	NA	NA	1.48422311445174	0.687469064082496	2	NEUT	1	1
GM847	chr15	22487016	22489988	86	1	-0.388867	2	NLOH	2	0	2	1	1	1.5165589033143	1	2	NEUT	2	0
GM847	chr15	22500185	66509314	36618	0.6	-0.281157	3	HET	2	1	1	NA	NA	1.63769319753295	0.602816825876125	2	NEUT	1	1
GM847	chr15	66510311	68968820	1852	0.75	0.453666	5	GAIN	3	1	2	1	1	2.75607789474623	0.754184475867644	3	GAIN	2	1
GM847	chr15	68970119	69009887	80	0.738017	0.317819	3	HET	2	1	1	NA	NA	2.50425834880258	0.742401513316074	2	NEUT	1	1
GM847	chr15	69010105	69819791	508	0.75	0.420769	5	GAIN	3	1	2	1	1	2.69290363310189	0.754282641717345	3	GAIN	2	1
GM847	chr15	69820055	69879897	74	0.75	0.278214	3	HET	2	1	1	NA	NA	2.43519709647411	0.754735855449488	2	NEUT	1	1
GM847	chr15	69880384	70278945	254	0.75	0.399681	5	GAIN	3	1	2	1	1	2.6531581135746	0.754346797645005	3	GAIN	2	1
GM847	chr15	70280127	70438995	140	0.730769	0.311692	3	HET	2	1	1	NA	NA	2.49345003506857	0.735038424567433	2	NEUT	1	1
GM847	chr15	70441162	72451827	1620	0.75	0.485976	5	GAIN	3	1	2	1	1	2.81954301928931	0.754090287454745	3	GAIN	2	1
GM847	chr15	72459971	87629638	9837	0.615385	-0.28322	3	HET	2	1	1	NA	NA	1.63528711261382	0.618639976721286	2	NEUT	1	1
GM847	chr15	87630835	87667351	64	0.736842	0.451714	5	GAIN	3	1	2	1	1	2.75228900468271	0.740811695832763	3	GAIN	2	1
GM847	chr15	87671270	89858602	1978	0.681818	0.103578	3	HET	2	1	1	NA	NA	2.15230344329089	0.685714959770535	2	NEUT	1	1
GM847	chr15	89860067	89879126	31	0.785714	0.857606	7	ASCNA	4	1	3	1	1	3.6615175671451	0.78931367213303	4	AMP	3	1
GM847	chr15	89883672	89949293	50	0.76	0.275134	3	HET	2	1	1	NA	NA	2.4299053764177	0.764936015704114	2	NEUT	1	1
GM847	chr15	89951487	90595436	413	0.73913	0.39997	5	GAIN	3	1	2	1	1	2.65369888807034	0.74328695160129	3	GAIN	2	1
GM847	chr15	90600049	90611599	25	0.793103	0.199752	3	HET	2	1	1	NA	NA	2.30385231069217	0.798971919806317	2	NEUT	1	1
GM847	chr15	90616617	90769986	182	0.753788	0.383333	5	GAIN	3	1	2	1	1	2.62274357779934	0.758251831553077	3	GAIN	2	1
GM847	chr15	90772276	90779755	36	0.741799	0.244001	3	HET	2	1	1	NA	NA	2.37704553074154	0.746491556892774	2	NEUT	1	1
GM847	chr15	90780026	91189315	280	0.75	0.495166	5	GAIN	3	1	2	1	1	2.83785569145243	0.754063892845098	3	GAIN	2	1
GM847	chr15	91191639	102257144	11522	0.666667	-0.000723	3	HET	2	1	1	NA	NA	1.99897484775172	0.670513226318911	2	NEUT	1	1
GM847	chr15	102340840	102399795	30	0.792857	-1.089032	1	DLOH	1	0	1	1	1	0.915707474225605	0.807610375526283	1	HETD	1	0
GM847	chr16	90503	26799728	28113	0.666667	0.136316	3	HET	2	1	1	NA	NA	2.2027612067303	0.670157396347444	2	NEUT	1	1
GM847	chr16	26800192	26939970	189	0.733333	0.448702	5	GAIN	3	1	2	1	1	2.74645267189114	0.737252192470987	3	GAIN	2	1
GM847	chr16	26940136	33970893	4889	0.65625	0.063005	3	HET	2	1	1	NA	NA	2.09133802446699	0.659696579804708	2	NEUT	1	1
GM847	chr16	33970939	33970988	3	0.916996	-0.147128	1	DLOH	1	0	1	1	1	1.80162020765764	0.927673293758223	1	HETD	1	0
GM847	chr16	33971031	34196924	853	0.680851	-0.147128	3	HET	2	1	1	NA	NA	1.80162020765764	0.685481738072951	2	NEUT	1	1
GM847	chr16	34197985	34309883	12	1	-0.581345	1	DLOH	1	0	1	1	1	1.3213810315338	1	1	HETD	1	0
GM847	chr16	46440037	46500472	122	0.66204	-0.151339	3	HET	2	1	1	NA	NA	1.79623477592854	0.666201517075534	2	NEUT	1	1
GM847	chr16	46544561	48269776	700	1	-0.383974	2	NLOH	2	0	2	1	1	1.52186787185026	1	2	NEUT	2	0
GM847	chr16	48280955	48281323	26	0.55364	-0.235781	3	HET	2	1	1	NA	NA	1.69149490726044	0.555102886463758	2	NEUT	1	1
GM847	chr16	48283443	48448789	93	1	-0.332776	2	NLOH	2	0	2	1	1	1.57851175905821	1	2	NEUT	2	0
GM847	chr16	48450252	49999433	1257	1	-0.517658	1	DLOH	1	0	1	1	1	1.38310139991935	1	1	HETD	1	0
GM847	chr16	50000085	50401583	326	1	-0.366755	2	NLOH	2	0	2	1	1	1.54069453789439	1	2	NEUT	2	0
GM847	chr16	50409697	51307929	630	1	-0.505156	1	DLOH	1	0	1	1	1	1.39554055537792	1	1	HETD	1	0
GM847	chr16	51311380	51667287	370	1	-0.396198	2	NLOH	2	0	2	1	1	1.50863829533449	1	2	NEUT	2	0
GM847	chr16	51672111	52925622	1093	1	-0.491431	1	DLOH	1	0	1	1	1	1.40932126525628	1	1	HETD	1	0
GM847	chr16	52945609	54104500	916	1	-0.433349	2	NLOH	2	0	2	1	1	1.46911236218248	1	2	NEUT	2	0
GM847	chr16	54113125	55231444	1094	1	-0.488547	1	DLOH	1	0	1	1	1	1.41223367738374	1	1	HETD	1	0
GM847	chr16	55238750	56283952	1144	1	-0.36662	2	NLOH	2	0	2	1	1	1.54084303183115	1	2	NEUT	2	0
GM847	chr16	56287113	56388481	79	1	-0.478243	1	DLOH	1	0	1	1	1	1.42268687756531	1	1	HETD	1	0
GM847	chr16	56391964	60089100	3202	1	-0.378096	2	NLOH	2	0	2	1	1	1.52826943164921	1	2	NEUT	2	0
GM847	chr16	60090497	63749901	2307	1	-0.47921	1	DLOH	1	0	1	1	1	1.4217026980192	1	1	HETD	1	0
GM847	chr16	63750542	65509566	715	1	-0.406978	2	NLOH	2	0	2	1	1	1.49706415813227	1	2	NEUT	2	0
GM847	chr16	65512641	65998615	270	1	-0.478111	1	DLOH	1	0	1	1	1	1.42282127383053	1	1	HETD	1	0
GM847	chr16	66000034	69970000	1879	1	-0.381063	2	NLOH	2	0	2	1	1	1.52503489782798	1	2	NEUT	2	0
GM847	chr16	70190003	70199086	27	0.633333	-0.065707	3	HET	2	1	1	NA	NA	1.90890004251775	0.636555159317216	2	NEUT	1	1
GM847	chr16	70292744	70956315	230	1	-0.374687	2	NLOH	2	0	2	1	1	1.53199404211836	1	2	NEUT	2	0
GM847	chr16	70963453	71088294	22	0.958333	-0.578721	3	HET	2	1	1	NA	NA	1.3238705505506	0.974303854492326	2	NEUT	1	1
GM847	chr16	71090147	71379383	136	1	-0.401495	2	NLOH	2	0	2	1	1	1.50294027039563	1	2	NEUT	2	0
GM847	chr16	71382591	71529087	135	1	-0.515775	1	DLOH	1	0	1	1	1	1.38496804639251	1	1	HETD	1	0
GM847	chr16	71531928	72609514	676	1	-0.379462	2	NLOH	2	0	2	1	1	1.52677943338033	1	2	NEUT	2	0
GM847	chr16	72620086	73388556	373	1	-0.502161	1	DLOH	1	0	1	1	1	1.39853653929476	1	1	HETD	1	0
GM847	chr16	73390284	73568091	217	1	-0.387647	2	NLOH	2	0	2	1	1	1.51788093459023	1	2	NEUT	2	0
GM847	chr16	73576689	74134211	329	1	-0.461415	1	DLOH	1	0	1	1	1	1.4399198912352	1	1	HETD	1	0
GM847	chr16	74141762	76589774	1477	1	-0.395235	2	NLOH	2	0	2	1	1	1.50967645140526	1	2	NEUT	2	0
GM847	chr16	76591051	77049257	155	1	-0.490624	1	DLOH	1	0	1	1	1	1.41013562898684	1	1	HETD	1	0
GM847	chr16	77050736	77219899	278	1	-0.368275	2	NLOH	2	0	2	1	1	1.53902356479565	1	2	NEUT	2	0
GM847	chr16	77220937	77613491	474	1	-0.458173	1	DLOH	1	0	1	1	1	1.44326307466088	1	1	HETD	1	0
GM847	chr16	77615658	78079956	703	1	-0.385569	2	NLOH	2	0	2	1	1	1.52013529767995	1	2	NEUT	2	0
GM847	chr16	78080133	79939801	1567	1	-0.519854	1	DLOH	1	0	1	1	1	1.38092754703281	1	1	HETD	1	0
GM847	chr16	79940725	81590859	1631	1	-0.387781	2	NLOH	2	0	2	1	1	1.51773567321756	1	2	NEUT	2	0
GM847	chr16	81621422	81959611	406	1	-0.467175	1	DLOH	1	0	1	1	1	1.43399862022084	1	1	HETD	1	0
GM847	chr16	81964457	82260187	308	1	-0.390948	2	NLOH	2	0	2	1	1	1.51430644296959	1	2	NEUT	2	0
GM847	chr16	82261718	82305723	96	1	-0.568461	1	DLOH	1	0	1	1	1	1.33364830369847	1	1	HETD	1	0
GM847	chr16	82312709	85236065	3481	1	-0.388432	2	NLOH	2	0	2	1	1	1.51703015507984	1	2	NEUT	2	0
GM847	chr16	85239013	86119218	937	1	-0.485195	1	DLOH	1	0	1	1	1	1.41562602401028	1	1	HETD	1	0
GM847	chr16	86120025	86509444	599	1	-0.417851	2	NLOH	2	0	2	1	1	1.48547744726705	1	2	NEUT	2	0
GM847	chr16	86511211	86649008	277	1	-0.460468	1	DLOH	1	0	1	1	1	1.44089567066376	1	1	HETD	1	0
GM847	chr16	86650293	86987407	529	1	-0.396131	2	NLOH	2	0	2	1	1	1.50871050183443	1	2	NEUT	2	0
GM847	chr16	86989419	87098993	195	1	-0.493308	1	DLOH	1	0	1	1	1	1.40742889896307	1	1	HETD	1	0
GM847	chr16	87100825	87319428	340	1	-0.400605	2	NLOH	2	0	2	1	1	1.50389618879907	1	2	NEUT	2	0
GM847	chr16	87320279	87479339	155	1	-0.495547	1	DLOH	1	0	1	1	1	1.40517478682317	1	1	HETD	1	0
GM847	chr16	87481428	87589322	99	1	-0.336515	2	NLOH	2	0	2	1	1	1.57430666085704	1	2	NEUT	2	0
GM847	chr16	87610019	88639870	879	1	-0.459308	1	DLOH	1	0	1	1	1	1.4420917963239	1	1	HETD	1	0
GM847	chr16	88640165	88954292	296	1	-0.409392	2	NLOH	2	0	2	1	1	1.49448415474205	1	2	NEUT	2	0
GM847	chr16	88957454	89169514	346	1	-0.482463	1	DLOH	1	0	1	1	1	1.41839674380307	1	1	HETD	1	0
GM847	chr16	89170027	89768650	505	1	-0.406919	2	NLOH	2	0	2	1	1	1.49712726944235	1	2	NEUT	2	0
GM847	chr16	89772384	90133779	188	1	-0.460041	1	DLOH	1	0	1	1	1	1.44133585679517	1	1	HETD	1	0
GM847	chr17	5687	119999	131	0.5625	0.441892	5	GAIN	3	1	2	1	1	2.73330181178027	0.563554836076847	3	GAIN	2	1
GM847	chr17	150695	7227694	7314	0.65	0.121053	3	HET	2	1	1	NA	NA	2.17909445183349	0.653175468074881	2	NEUT	1	1
GM847	chr17	7234112	7245467	22	0.716518	0.559876	5	GAIN	3	1	2	1	1	2.9701576697008	0.719880846540519	3	GAIN	2	1
GM847	chr17	7249974	16789056	9591	0.652174	0.10831	3	HET	2	1	1	NA	NA	2.15952608616382	0.655424682466161	2	NEUT	1	1
GM847	chr17	16811714	16867200	59	0.724138	0.491079	5	GAIN	3	1	2	1	1	2.82969722868366	0.72779199601718	3	GAIN	2	1
GM847	chr17	16871765	21260848	4226	0.647059	0.032844	3	HET	2	1	1	NA	NA	2.04711593625768	0.650372917679743	2	NEUT	1	1
GM847	chr17	26263570	31559785	3035	0.5625	0.532441	5	GAIN	3	1	2	1	1	2.91334038325809	0.563489649330558	3	GAIN	2	1
GM847	chr17	31561158	31629643	78	0.559412	0.253202	3	HET	2	1	1	NA	NA	2.39254908109732	0.560557528407073	2	NEUT	1	1
GM847	chr17	31630934	31789102	162	0.56	0.392181	5	GAIN	3	1	2	1	1	2.6391619906335	0.561048763946814	3	GAIN	2	1
GM847	chr17	31790550	31939536	230	0.5625	0.32854	3	HET	2	1	1	NA	NA	2.5232814758239	0.563642633268465	2	NEUT	1	1
GM847	chr17	31940566	41381008	6404	0.565217	0.49821	5	GAIN	3	1	2	1	1	2.8439471543616	0.566274868881049	3	GAIN	2	1
GM847	chr17	41381934	41382468	12	0.818623	0.580941	7	ASCNA	4	1	3	1	1	3.01452203560814	0.823498859764705	4	AMP	3	1
GM847	chr17	41382861	49349241	4695	0.565217	0.528915	5	GAIN	3	1	2	1	1	2.90611615763627	0.566252238452545	3	GAIN	2	1
GM847	chr17	49350802	80759127	27778	0.65	0.09842	3	HET	2	1	1	NA	NA	2.14445751767143	0.653226757726337	2	NEUT	1	1
GM847	chr17	80760400	80793900	54	0.91806	-0.485206	1	DLOH	1	0	1	1	1	1.41561487871267	0.931683416817304	1	HETD	1	0
GM847	chr17	80795625	81130897	444	0.842105	-0.302836	3	HET	2	1	1	NA	NA	1.61257997093832	0.851891574511417	2	NEUT	1	1
GM847	chr18	133427	2699540	1109	1	-1.319463	1	DLOH	1	0	1	1	1	0.773721083949198	1	1	HETD	1	0
GM847	chr18	2701762	2849639	229	0.775	0.883536	7	ASCNA	4	1	3	1	1	3.72875873313883	0.778402208748761	4	AMP	3	1
GM847	chr18	2850631	2859858	19	0.794118	0.632384	5	GAIN	3	1	2	1	1	3.12562657257515	0.798458872804943	3	GAIN	2	1
GM847	chr18	2870193	4776908	2579	0.782609	0.883211	7	ASCNA	4	1	3	1	1	3.72790844881609	0.786106142239775	4	AMP	3	1
GM847	chr18	4782065	4859220	80	0.774597	0.734101	5	GAIN	3	1	2	1	1	3.35732274901904	0.77837007329431	3	GAIN	2	1
GM847	chr18	4860173	5048694	121	0.793103	0.820657	7	ASCNA	4	1	3	1	1	3.56776628860683	0.796892801058502	4	AMP	3	1
GM847	chr18	5050075	5109602	53	0.785714	0.714876	5	GAIN	3	1	2	1	1	3.31227000777952	0.789693223529512	3	GAIN	2	1
GM847	chr18	5114220	5289887	241	0.777778	0.821104	7	ASCNA	4	1	3	1	1	3.56888618041335	0.781368522857555	4	AMP	3	1
GM847	chr18	5290174	5389832	90	0.791289	0.719936	5	GAIN	3	1	2	1	1	3.32406969114415	0.795331467256617	3	GAIN	2	1
GM847	chr18	5390581	5856706	404	0.785714	0.816707	7	ASCNA	4	1	3	1	1	3.55788521898848	0.789418521630071	4	AMP	3	1
GM847	chr18	5860385	5939675	66	0.771131	0.717964	5	GAIN	3	1	2	1	1	3.31946615721033	0.774898935651404	3	GAIN	2	1
GM847	chr18	5940026	5948903	35	0.794872	0.82211	7	ASCNA	4	1	3	1	1	3.57140783286915	0.798680786554783	4	AMP	3	1
GM847	chr18	5952499	5978725	77	0.806452	0.633893	5	GAIN	3	1	2	1	1	3.12894583682568	0.810970111676014	3	GAIN	2	1
GM847	chr18	5980327	6009944	74	0.802174	0.812038	7	ASCNA	4	1	3	1	1	3.54624037960813	0.806104804727061	4	AMP	3	1
GM847	chr18	6012357	6029597	36	0.763305	0.645051	5	GAIN	3	1	2	1	1	3.15359752024853	0.76715663733208	3	GAIN	2	1
GM847	chr18	6040528	6115702	54	0.780781	0.774838	7	ASCNA	4	1	3	1	1	3.45479484615546	0.784530194749255	4	AMP	3	1
GM847	chr18	6129606	6149842	84	0.774603	0.613464	5	GAIN	3	1	2	1	1	3.08430261164496	0.778710152632388	3	GAIN	2	1
GM847	chr18	6150108	6271810	165	0.787879	0.792753	7	ASCNA	4	1	3	1	1	3.49853944596438	0.791674908691909	4	AMP	3	1
GM847	chr18	6272136	6289676	42	0.775958	0.697277	5	GAIN	3	1	2	1	1	3.27155075697545	0.779849184944008	3	GAIN	2	1
GM847	chr18	6290382	6359221	156	0.787879	0.774277	7	ASCNA	4	1	3	1	1	3.45343375631015	0.791724487485508	4	AMP	3	1
GM847	chr18	6363309	6389729	50	0.8	0.703877	5	GAIN	3	1	2	1	1	3.2867631625151	0.804210613616986	3	GAIN	2	1
GM847	chr18	6390535	7010626	763	0.793103	0.846959	7	ASCNA	4	1	3	1	1	3.6342560685447	0.796823465537385	4	AMP	3	1
GM847	chr18	7011427	7029717	44	0.778989	0.67825	5	GAIN	3	1	2	1	1	3.22808274299324	0.782975896567089	3	GAIN	2	1
GM847	chr18	7030273	7901997	907	0.789474	0.88211	7	ASCNA	4	1	3	1	1	3.7250293703252	0.793058861716444	4	AMP	3	1
GM847	chr18	7913192	8028970	97	0.65625	0.224796	3	HET	2	1	1	NA	NA	2.3450022196169	0.659323755470101	2	NEUT	1	1
GM847	chr18	8030571	8121595	39	0.725	0.627536	5	GAIN	3	1	2	1	1	3.11498615772666	0.728332107036873	3	GAIN	2	1
GM847	chr18	8132679	78008975	56194	0.6	-0.42261	3	HET	2	1	1	NA	NA	1.48043347366375	0.603116044495096	2	NEUT	1	1
GM847	chr19	262692	28689803	24052	0.666667	0.11175	3	HET	2	1	1	NA	NA	2.16479158795542	0.670218616568099	2	NEUT	1	1
GM847	chr19	28701100	43209490	12240	0.5625	0.527574	5	GAIN	3	1	2	1	1	2.90337328828307	0.563493046733472	3	GAIN	2	1
GM847	chr19	43906189	59089308	12020	0.666667	0.129042	3	HET	2	1	1	NA	NA	2.19145093589824	0.670175410589677	2	NEUT	1	1
GM847	chr20	61098	22769927	21627	0.675	0.180943	3	HET	2	1	1	NA	NA	2.27341347906597	0.678551012203577	2	NEUT	1	1
GM847	chr20	22770026	53689917	22096	0.5625	0.574543	5	GAIN	3	1	2	1	1	3.00097883996129	0.563460748313712	3	GAIN	2	1
GM847	chr20	53700004	53709879	69	0.55	0.300802	3	HET	2	1	1	NA	NA	2.47435249926588	0.550932182576519	2	NEUT	1	1
GM847	chr20	53710337	58346165	4684	0.560976	0.548169	5	GAIN	3	1	2	1	1	2.94578051071992	0.561930885049285	3	GAIN	2	1
GM847	chr20	58349807	58359527	60	0.541667	0.271081	3	HET	2	1	1	NA	NA	2.42295914600589	0.542460302253352	2	NEUT	1	1
GM847	chr20	58360160	62907932	4776	0.564103	0.504031	5	GAIN	3	1	2	1	1	2.85563162616303	0.565138544385697	3	GAIN	2	1
GM847	chr21	15412436	31249960	17477	0.648649	0.106429	3	HET	2	1	1	NA	NA	2.15665220268713	0.651828614181954	2	NEUT	1	1
GM847	chr21	31253525	31411419	54	1	-1.366806	1	DLOH	1	0	1	1	1	0.747253739020699	1	1	HETD	1	0
GM847	chr21	31452416	48097610	16245	0.611111	-0.431047	3	HET	2	1	1	NA	NA	1.47153205197435	0.614594211751755	2	NEUT	1	1
GM847	chr22	17278454	19921103	2482	0.678571	0.127485	3	HET	2	1	1	NA	NA	2.1890373726536	0.682334139355031	2	NEUT	1	1
GM847	chr22	19923406	19923674	7	1	0.098243	2	NLOH	2	0	2	1	1	2.14418877731635	1	2	NEUT	2	0
GM847	chr22	19924484	51179770	29217	0.666667	0.070763	3	HET	2	1	1	NA	NA	2.10286308666253	0.670323210296823	2	NEUT	1	1
GM847	chrX	2832208	2836434	131	0.75	-0.035601	3	HET	2	1	1	NA	NA	1.95012606662997	0.755913844052063	2	NEUT	1	1
GM847	chrX	3195621	43925409	86	1	0.425035	4	ALOH	3	0	3	1	1	2.70101485132128	1	3	GAIN	3	0
GM847	chrX	46390419	48998810	104	0.590909	0.382099	5	GAIN	3	1	2	1	1	2.62046174899673	0.592509374425557	3	GAIN	2	1
GM847	chrX	49418235	71288023	18	1	0.394831	4	ALOH	3	0	3	1	1	2.64409897706304	1	3	GAIN	3	0
GM847	chrX	73285238	88218951	45	1	0.866156	6	ALOH	4	0	4	1	1	3.68355584594905	1	4	HLAMP	4	0
GM847	chrX	88458245	88459980	18	0.622024	0.856511	8	BCNA	4	2	2	1	1	3.65870454380794	0.623562545924782	4	HLAMP	2	2
GM847	chrX	91430701	100439072	24	1	0.808175	6	ALOH	4	0	4	1	1	3.53663421370012	1	4	HLAMP	4	0
GM847	chrX	100439872	103016741	19	0.896552	0.77767	7	ASCNA	4	1	3	1	1	3.46167388791715	0.901836532086565	3	HLAMP	3	1
GM847	chrX	103440017	118378559	24	1	-0.162322	2	NLOH	2	0	2	1	1	1.78226240081307	1	2	NEUT	2	0
GM847	chrX	118603713	143826398	58	0.633971	-0.242903	3	HET	2	1	1	NA	NA	1.68293809156015	0.637643275079386	2	NEUT	1	1
GM847	chrX	146719200	153725108	10	1	-0.237743	2	NLOH	2	0	2	1	1	1.68913342079033	1	2	NEUT	2	0
