Sample	Chromosome	Start_Position.bp.	End_Position.bp.	Length.snp.	Median_Ratio	Median_logR	TITAN_state	TITAN_call	Copy_Number	MinorCN	MajorCN	Clonal_Cluster	Cellular_Prevalence	logR_Copy_Number	Corrected_Ratio	Corrected_Copy_Number	Corrected_Call	Corrected_MajorCN	Corrected_MinorCN
IIICF_E6E7_C4_post	chr1	821038	72071129	21332	0.636364	0.092041	3	HET	2	1	1	NA	NA	2.13504445249792	0.639554122515188	2	NEUT	1	1
IIICF_E6E7_C4_post	chr1	72091462	72375682	23	1	-1.182477	1	DLOH	1	0	1	1	1	0.853247797828301	1	1	HETD	1	0
IIICF_E6E7_C4_post	chr1	72509490	249205937	45319	0.6	-0.147853	3	HET	2	1	1	NA	NA	1.80032012012945	0.602774372792157	2	NEUT	1	1
IIICF_E6E7_C4_post	chr2	50814	90249092	30826	0.652174	0.132424	3	HET	2	1	1	NA	NA	2.19706938855999	0.655633483274115	2	NEUT	1	1
IIICF_E6E7_C4_post	chr2	96363682	132314570	6688	1	-0.497256	1	DLOH	1	0	1	1	1	1.40234387863917	1	1	HETD	1	0
IIICF_E6E7_C4_post	chr2	132318181	132348165	19	0.8	-0.288768	3	HET	2	1	1	NA	NA	1.62814116800549	0.809203303601575	2	NEUT	1	1
IIICF_E6E7_C4_post	chr2	133001493	133030244	1131	0.69697	0.646628	5	GAIN	3	1	2	1	1	3.15925535419468	0.700084081013222	3	GAIN	2	1
IIICF_E6E7_C4_post	chr2	133030340	133034009	123	0.755102	0.865694	7	ASCNA	4	1	3	1	1	3.68549975555718	0.758559259897847	4	AMP	3	1
IIICF_E6E7_C4_post	chr2	133034033	133084435	980	0.697169	0.865694	8	BCNA	4	2	2	1	1	3.68549975555718	0.699841125176591	4	AMP	2	2
IIICF_E6E7_C4_post	chr2	133084659	133088380	68	0.754519	0.924977	7	ASCNA	4	1	3	1	1	3.84219354677235	0.757827685756655	4	AMP	3	1
IIICF_E6E7_C4_post	chr2	133088395	133127075	322	0.693441	0.961767	8	BCNA	4	2	2	1	1	3.94272293588989	0.695891568356139	4	AMP	2	2
IIICF_E6E7_C4_post	chr2	133130800	135803425	660	1	-0.556705	1	DLOH	1	0	1	1	1	1.34371567855734	1	1	HETD	1	0
IIICF_E6E7_C4_post	chr2	136827560	136967396	63	0.72093	1.374643	10	ASCNA	5	1	4	1	1	5.26564312735448	0.723025645516017	5	HLAMP	4	1
IIICF_E6E7_C4_post	chr2	136970397	136990077	26	0.725362	1.48138	14	UBCNA	6	2	4	1	1	5.67382766790397	0.727345896902326	6	HLAMP	4	2
IIICF_E6E7_C4_post	chr2	136990327	137537357	177	0.735849	1.399545	10	ASCNA	5	1	4	1	1	5.35819063768281	0.738047520046075	5	HLAMP	4	1
IIICF_E6E7_C4_post	chr2	137540833	137894858	67	0.72093	1.450382	14	UBCNA	6	2	4	1	1	5.55215741855246	0.722917501538035	6	HLAMP	4	2
IIICF_E6E7_C4_post	chr2	138003520	138744326	194	1	-0.463305	1	DLOH	1	0	1	1	1	1.43692602737447	1	1	HETD	1	0
IIICF_E6E7_C4_post	chr2	138746886	138747035	13	0.53125	-0.277389	3	HET	2	1	1	NA	NA	1.64142912832955	0.532200916618987	2	NEUT	1	1
IIICF_E6E7_C4_post	chr2	138748890	155308898	4157	1	-0.450047	1	DLOH	1	0	1	1	1	1.45065299431562	1	1	HETD	1	0
IIICF_E6E7_C4_post	chr2	155390631	156114451	277	1	-0.323423	2	NLOH	2	0	2	1	1	1.5883120548319	1	2	NEUT	2	0
IIICF_E6E7_C4_post	chr2	156120425	159141026	720	1	-0.436542	1	DLOH	1	0	1	1	1	1.46476599790429	1	1	HETD	1	0
IIICF_E6E7_C4_post	chr2	159151706	162101261	790	0.634381	0.96838	8	BCNA	4	2	2	1	1	3.96106647768665	0.636075494990816	4	AMP	2	2
IIICF_E6E7_C4_post	chr2	162135135	162372251	43	0.697674	0.288806	5	GAIN	3	1	2	1	1	2.45432746071187	0.701696829217756	3	GAIN	2	1
IIICF_E6E7_C4_post	chr2	162504240	165149521	301	1	-0.470273	1	DLOH	1	0	1	1	1	1.42976196608459	1	1	HETD	1	0
IIICF_E6E7_C4_post	chr2	165205260	166009352	220	0.611111	0.247293	3	HET	2	1	1	NA	NA	2.38329477079772	0.613439594396529	2	NEUT	1	1
IIICF_E6E7_C4_post	chr2	166012807	166056101	71	0.65	0.344232	5	GAIN	3	1	2	1	1	2.55240965608225	0.652935319853471	3	GAIN	2	1
IIICF_E6E7_C4_post	chr2	166063233	166140595	12	0.596014	0.14595	3	HET	2	1	1	NA	NA	2.21823538188777	0.598175929296395	2	NEUT	1	1
IIICF_E6E7_C4_post	chr2	166144638	167210924	238	1	-0.425786	1	DLOH	1	0	1	1	1	1.47610113354723	1	1	HETD	1	0
IIICF_E6E7_C4_post	chr2	167213006	168576627	309	0.631579	0.195288	3	HET	2	1	1	NA	NA	2.29714543940392	0.634439965631682	2	NEUT	1	1
IIICF_E6E7_C4_post	chr2	168585500	170776530	562	1	-0.438791	1	DLOH	1	0	1	1	1	1.4624065685733	1	1	HETD	1	0
IIICF_E6E7_C4_post	chr2	170799646	171436481	137	0.666667	0.200172	3	HET	2	1	1	NA	NA	2.30510459038056	0.670278382876668	2	NEUT	1	1
IIICF_E6E7_C4_post	chr2	171534221	175249469	1155	1	-0.46111	1	DLOH	1	0	1	1	1	1.4391899650346	1	1	HETD	1	0
IIICF_E6E7_C4_post	chr2	175250165	184538648	2960	0.634146	1.000893	8	BCNA	4	2	2	1	1	4.0524861320496	0.635799372621739	4	AMP	2	2
IIICF_E6E7_C4_post	chr2	184540102	184549973	18	0.725564	0.647573	5	GAIN	3	1	2	1	1	3.16135814803496	0.729127777977889	3	GAIN	2	1
IIICF_E6E7_C4_post	chr2	184550071	185633046	341	1	-0.415398	1	DLOH	1	0	1	1	1	1.48712896933139	1	1	HETD	1	0
IIICF_E6E7_C4_post	chr2	185636177	186599644	228	0.618037	0.253322	3	HET	2	1	1	NA	NA	2.39348452914468	0.620500213693709	2	NEUT	1	1
IIICF_E6E7_C4_post	chr2	186602051	187229671	228	0.571429	0.649514	5	GAIN	3	1	2	1	1	3.16568154222225	0.572555994762964	3	GAIN	2	1
IIICF_E6E7_C4_post	chr2	187241005	187259609	20	0.678118	1.194019	11	UBCNA	5	2	3	1	1	4.64011126204536	0.680035317196817	5	HLAMP	3	2
IIICF_E6E7_C4_post	chr2	187271019	187298747	21	0.617021	1.065392	8	BCNA	4	2	2	1	1	4.24005650877377	0.618399499815445	4	AMP	2	2
IIICF_E6E7_C4_post	chr2	187301080	187749232	198	0.55719	0.656757	5	GAIN	3	1	2	1	1	3.18186608881482	0.558087744494265	3	GAIN	2	1
IIICF_E6E7_C4_post	chr2	188075837	189001642	173	0.666667	0.072546	3	HET	2	1	1	NA	NA	2.10571745683965	0.670620339143193	2	NEUT	1	1
IIICF_E6E7_C4_post	chr2	189750863	191784775	292	0.558824	0.500941	5	GAIN	3	1	2	1	1	2.85100763002869	0.559854553933433	3	GAIN	2	1
IIICF_E6E7_C4_post	chr2	191808709	209469952	3447	1	-0.414706	1	DLOH	1	0	1	1	1	1.48786641701542	1	1	HETD	1	0
IIICF_E6E7_C4_post	chr2	209574331	209574567	25	0.666667	-0.344957	3	HET	2	1	1	NA	NA	1.56404060355067	0.67198950584015	2	NEUT	1	1
IIICF_E6E7_C4_post	chr2	209587434	209820436	100	1	-0.436871	1	DLOH	1	0	1	1	1	1.46442061378709	1	1	HETD	1	0
IIICF_E6E7_C4_post	chr2	209821991	209878650	89	1	-0.360842	2	NLOH	2	0	2	1	1	1.54636703302784	1	2	NEUT	2	0
IIICF_E6E7_C4_post	chr2	209881162	210209679	93	1	-0.475155	1	DLOH	1	0	1	1	1	1.42476317360118	1	1	HETD	1	0
IIICF_E6E7_C4_post	chr2	210210188	210238018	47	1	-0.260076	2	NLOH	2	0	2	1	1	1.66184869919902	1	2	NEUT	2	0
IIICF_E6E7_C4_post	chr2	210243583	227047771	5168	1	-0.429437	1	DLOH	1	0	1	1	1	1.47224407456609	1	1	HETD	1	0
IIICF_E6E7_C4_post	chr2	227054381	227486156	194	0.731238	1.468843	14	UBCNA	6	2	4	1	1	5.62430363311506	0.733291548658866	6	HLAMP	4	2
IIICF_E6E7_C4_post	chr2	227498292	227787170	44	0.685243	1.259518	11	UBCNA	5	2	3	1	1	4.85794959405149	0.687147598129061	5	HLAMP	3	2
IIICF_E6E7_C4_post	chr2	227822440	227971515	59	0.717391	1.514798	14	UBCNA	6	2	4	1	1	5.80795834231547	0.719260530778665	6	HLAMP	4	2
IIICF_E6E7_C4_post	chr2	228017376	228268905	116	0.666667	1.101388	8	BCNA	4	2	2	1	1	4.34844086798143	0.668581390812561	4	AMP	2	2
IIICF_E6E7_C4_post	chr2	228285154	228315672	30	0.679711	1.279128	11	UBCNA	5	2	3	1	1	4.92511620776462	0.681533521794939	5	HLAMP	3	2
IIICF_E6E7_C4_post	chr2	228321298	228377913	35	0.717949	1.454333	14	UBCNA	6	2	4	1	1	5.56752050790753	0.719904273918221	6	HLAMP	4	2
IIICF_E6E7_C4_post	chr2	228382022	228426532	20	1	-0.313906	2	NLOH	2	0	2	1	1	1.59915485622484	1	2	NEUT	2	0
IIICF_E6E7_C4_post	chr2	228430865	228438958	11	0.804878	0.923455	7	ASCNA	4	1	3	1	1	3.83808961974191	0.808845578492383	4	AMP	3	1
IIICF_E6E7_C4_post	chr2	228440521	228469877	37	0.727273	1.390824	10	ASCNA	5	1	4	1	1	5.32559739645773	0.72940454283682	5	HLAMP	4	1
IIICF_E6E7_C4_post	chr2	228470066	228477814	18	0.761499	0.89002	7	ASCNA	4	1	3	1	1	3.74901900463647	0.764982910120388	4	AMP	3	1
IIICF_E6E7_C4_post	chr2	228485051	229535851	293	1	-0.424125	1	DLOH	1	0	1	1	1	1.47785911190123	1	1	HETD	1	0
IIICF_E6E7_C4_post	chr2	229543080	229742191	36	0.625	0.264063	3	HET	2	1	1	NA	NA	2.41174399802699	0.627588769352461	2	NEUT	1	1
IIICF_E6E7_C4_post	chr2	229748368	229941644	27	1	-0.443032	1	DLOH	1	0	1	1	1	1.45796732411634	1	1	HETD	1	0
IIICF_E6E7_C4_post	chr2	229942630	232316617	861	0.64	0.180403	3	HET	2	1	1	NA	NA	2.2730538132945	0.643076329641184	2	NEUT	1	1
IIICF_E6E7_C4_post	chr2	232322829	242979674	3152	1	-0.470262	1	DLOH	1	0	1	1	1	1.42977324834919	1	1	HETD	1	0
IIICF_E6E7_C4_post	chr3	61495	115604146	35366	0.631579	0.137358	3	HET	2	1	1	NA	NA	2.20476731599965	0.634559837980234	2	NEUT	1	1
IIICF_E6E7_C4_post	chr3	115982772	116537350	11	1	0.497468	4	ALOH	3	0	3	1	1	2.84403255897835	1	3	GAIN	3	0
IIICF_E6E7_C4_post	chr3	116573923	174581888	18876	0.631579	0.125867	3	HET	2	1	1	NA	NA	2.18687994551885	0.634584219452753	2	NEUT	1	1
IIICF_E6E7_C4_post	chr3	174675883	174695577	12	1	-0.588996	1	DLOH	1	0	1	1	1	1.31286863152449	1	1	HETD	1	0
IIICF_E6E7_C4_post	chr3	174762060	197794027	7598	0.636364	0.073478	3	HET	2	1	1	NA	NA	2.10711049476794	0.639596413960138	2	NEUT	1	1
IIICF_E6E7_C4_post	chr4	40094	9959334	5335	0.578947	0.159413	3	HET	2	1	1	NA	NA	2.23950077189501	0.580707755147895	2	NEUT	1	1
IIICF_E6E7_C4_post	chr4	9959603	9969974	44	0.55719	0.41803	5	GAIN	3	1	2	1	1	2.6889912016287	0.558252295317661	3	GAIN	2	1
IIICF_E6E7_C4_post	chr4	9970691	11200341	408	0.576923	0.239599	3	HET	2	1	1	NA	NA	2.37035264955074	0.57854390589693	2	NEUT	1	1
IIICF_E6E7_C4_post	chr4	11220217	11606915	220	0.576923	0.34411	5	GAIN	3	1	2	1	1	2.55218959976294	0.578428420517276	3	GAIN	2	1
IIICF_E6E7_C4_post	chr4	11609704	11683501	123	0.578947	0.228368	3	HET	2	1	1	NA	NA	2.35158439889041	0.580623832230512	2	NEUT	1	1
IIICF_E6E7_C4_post	chr4	11686244	12089863	360	0.571429	0.342626	5	GAIN	3	1	2	1	1	2.5495143384649	0.572828367112971	3	GAIN	2	1
IIICF_E6E7_C4_post	chr4	12105392	30915989	6496	0.575379	0.23559	3	HET	2	1	1	NA	NA	2.36363638976316	0.576971884388801	2	NEUT	1	1
IIICF_E6E7_C4_post	chr4	30919004	31957057	426	0.578947	0.344732	5	GAIN	3	1	2	1	1	2.55331172068362	0.580491352176386	3	GAIN	2	1
IIICF_E6E7_C4_post	chr4	31974213	34498265	435	0.591549	0.27176	3	HET	2	1	1	NA	NA	2.42491259840452	0.593434697680397	2	NEUT	1	1
IIICF_E6E7_C4_post	chr4	34500383	34876631	133	0.583333	0.335206	5	GAIN	3	1	2	1	1	2.53617923206824	0.584974162657942	3	GAIN	2	1
IIICF_E6E7_C4_post	chr4	34885918	35979627	355	0.578947	0.258493	3	HET	2	1	1	NA	NA	2.40225814919685	0.580588460770628	2	NEUT	1	1
IIICF_E6E7_C4_post	chr4	35980449	36232191	131	0.590909	0.332539	5	GAIN	3	1	2	1	1	2.53140287337381	0.592702742770511	3	GAIN	2	1
IIICF_E6E7_C4_post	chr4	36314643	36376771	56	0.56125	0.217805	3	HET	2	1	1	NA	NA	2.33406528253077	0.562560713118204	2	NEUT	1	1
IIICF_E6E7_C4_post	chr4	36540033	36629624	192	0.581989	0.329366	5	GAIN	3	1	2	1	1	2.52573180336742	0.583610372895162	3	GAIN	2	1
IIICF_E6E7_C4_post	chr4	36631029	38758432	552	0.566667	0.246765	3	HET	2	1	1	NA	NA	2.38240441153138	0.568064687173535	2	NEUT	1	1
IIICF_E6E7_C4_post	chr4	38763103	38999794	77	0.578947	0.330998	5	GAIN	3	1	2	1	1	2.52864710222734	0.580506415906378	3	GAIN	2	1
IIICF_E6E7_C4_post	chr4	39282854	41488988	408	0.577935	0.250381	3	HET	2	1	1	NA	NA	2.38850855431524	0.579564747376501	2	NEUT	1	1
IIICF_E6E7_C4_post	chr4	41490831	41892547	96	0.571429	0.339855	5	GAIN	3	1	2	1	1	2.54452631557289	0.572831110285699	3	GAIN	2	1
IIICF_E6E7_C4_post	chr4	42215425	42848360	449	0.571429	0.270773	3	HET	2	1	1	NA	NA	2.42322003583001	0.572901299859915	2	NEUT	1	1
IIICF_E6E7_C4_post	chr4	42850408	42868769	36	0.590401	0.377465	5	GAIN	3	1	2	1	1	2.61305166655991	0.59212898428926	3	GAIN	2	1
IIICF_E6E7_C4_post	chr4	42870661	45902108	1046	0.571429	0.254326	3	HET	2	1	1	NA	NA	2.39518555368204	0.572918532413809	2	NEUT	1	1
IIICF_E6E7_C4_post	chr4	45945712	48654307	953	0.571429	0.33698	5	GAIN	3	1	2	1	1	2.53936120101045	0.572833962207769	3	GAIN	2	1
IIICF_E6E7_C4_post	chr4	53826284	190925473	45465	0.666667	-0.295213	3	HET	2	1	1	NA	NA	1.62066130570141	0.671803554576421	2	NEUT	1	1
IIICF_E6E7_C4_post	chr5	78954	169542600	51133	0.625	0.062601	3	HET	2	1	1	NA	NA	2.09090880519738	0.627985997731013	2	NEUT	1	1
IIICF_E6E7_C4_post	chr5	169545984	180698413	2300	1	-0.671635	1	DLOH	1	0	1	1	1	1.23699886069424	1	1	HETD	1	0
IIICF_E6E7_C4_post	chr6	209159	5045541	2279	0.588235	-0.079898	3	HET	2	1	1	NA	NA	1.88955812299101	0.59056735786179	2	NEUT	1	1
IIICF_E6E7_C4_post	chr6	5162376	5199979	43	0.5625	0.478505	5	GAIN	3	1	2	1	1	2.80624255265726	0.563612421473005	3	GAIN	2	1
IIICF_E6E7_C4_post	chr6	5200687	57569009	23272	0.6	0.022063	3	HET	2	1	1	NA	NA	2.03159059666126	0.602458546109963	2	NEUT	1	1
IIICF_E6E7_C4_post	chr6	63219938	64678118	922	0.571429	0.368725	5	GAIN	3	1	2	1	1	2.5969677021969	0.57280279703116	3	GAIN	2	1
IIICF_E6E7_C4_post	chr6	65248865	170787371	29602	0.736842	-0.311515	3	HET	2	1	1	NA	NA	1.60189020433811	0.744226830404757	2	NEUT	1	1
IIICF_E6E7_C4_post	chr7	50571	11009735	2818	1	-0.467551	1	DLOH	1	0	1	1	1	1.43255643850094	1	1	HETD	1	0
IIICF_E6E7_C4_post	chr7	11015444	12598502	1039	1	-0.299335	2	NLOH	2	0	2	1	1	1.61589493338536	1	2	NEUT	2	0
IIICF_E6E7_C4_post	chr7	12601529	13618862	318	1	-0.451896	1	DLOH	1	0	1	1	1	1.4487310127788	1	1	HETD	1	0
IIICF_E6E7_C4_post	chr7	13620410	13646096	31	1	-0.292177	2	NLOH	2	0	2	1	1	1.62418062816807	1	2	NEUT	2	0
IIICF_E6E7_C4_post	chr7	13648051	17228122	1531	0.636364	0.25572	3	HET	2	1	1	NA	NA	2.39754929846014	0.639204839762176	2	NEUT	1	1
IIICF_E6E7_C4_post	chr7	17237990	18144413	313	1	-0.384095	1	DLOH	1	0	1	1	1	1.52084426808586	1	1	HETD	1	0
IIICF_E6E7_C4_post	chr7	18148091	18151619	3	0.652174	0.457864	3	HET	2	1	1	NA	NA	2.76566926172083	0.654922240690597	2	NEUT	1	1
IIICF_E6E7_C4_post	chr7	18158464	23069524	1728	1	-0.41407	1	DLOH	1	0	1	1	1	1.48854449886635	1	1	HETD	1	0
IIICF_E6E7_C4_post	chr7	23091891	24680053	549	0.6875	0.09759	3	HET	2	1	1	NA	NA	2.14346471287494	0.691869175459646	2	NEUT	1	1
IIICF_E6E7_C4_post	chr7	24879876	25079003	19	0.551724	0.616824	5	GAIN	3	1	2	1	1	3.09363796120069	0.552559097467617	3	GAIN	2	1
IIICF_E6E7_C4_post	chr7	25094977	31425683	2107	0.6875	0.104227	3	HET	2	1	1	NA	NA	2.15357857211699	0.691848656484312	2	NEUT	1	1
IIICF_E6E7_C4_post	chr7	31436860	56760501	7836	0.571429	0.525895	5	GAIN	3	1	2	1	1	2.90162132250894	0.572658556211081	3	GAIN	2	1
IIICF_E6E7_C4_post	chr7	62055680	62467869	250	1	-0.340594	2	NLOH	2	0	2	1	1	1.56892901655093	1	2	NEUT	2	0
IIICF_E6E7_C4_post	chr7	62470462	62476510	161	0.69697	-0.186487	3	HET	2	1	1	NA	NA	1.75142925897856	0.702587227794947	2	NEUT	1	1
IIICF_E6E7_C4_post	chr7	62483416	63524269	85	1	-0.403224	1	DLOH	1	0	1	1	1	1.50015427478285	1	1	HETD	1	0
IIICF_E6E7_C4_post	chr7	63634801	63635660	13	0.6	-0.186361	3	HET	2	1	1	NA	NA	1.75158659187884	0.602851562795478	2	NEUT	1	1
IIICF_E6E7_C4_post	chr7	64110593	65302406	175	1	-0.301326	2	NLOH	2	0	2	1	1	1.6135975629675	1	2	NEUT	2	0
IIICF_E6E7_C4_post	chr7	65303834	65309745	18	0.651515	-0.412243	3	HET	2	1	1	NA	NA	1.49049404849897	0.656592383131158	2	NEUT	1	1
IIICF_E6E7_C4_post	chr7	65395034	65810075	51	1	-0.302756	2	NLOH	2	0	2	1	1	1.61194947316007	1	2	NEUT	2	0
IIICF_E6E7_C4_post	chr7	65834149	66029856	24	0.578818	-0.134894	3	HET	2	1	1	NA	NA	1.81701500794225	0.580984613515192	2	NEUT	1	1
IIICF_E6E7_C4_post	chr7	66030612	67592188	440	1	-0.316355	2	NLOH	2	0	2	1	1	1.59635785070525	1	2	NEUT	2	0
IIICF_E6E7_C4_post	chr7	67629919	67635743	210	0.604957	-0.080891	3	HET	2	1	1	NA	NA	1.88822362992894	0.607733339246502	2	NEUT	1	1
IIICF_E6E7_C4_post	chr7	67636655	100541287	6170	1	-0.203779	2	NLOH	2	0	2	1	1	1.72996701341798	1	2	NEUT	2	0
IIICF_E6E7_C4_post	chr7	100546763	100619228	383	0.576923	-0.13552	3	HET	2	1	1	NA	NA	1.81620508967717	0.579038465158257	2	NEUT	1	1
IIICF_E6E7_C4_post	chr7	100621967	100828392	70	1	-0.238471	2	NLOH	2	0	2	1	1	1.68767651898171	1	2	NEUT	2	0
IIICF_E6E7_C4_post	chr7	100908753	100939314	101	0.575758	-0.24642	3	HET	2	1	1	NA	NA	1.67812883803774	0.578012850496277	2	NEUT	1	1
IIICF_E6E7_C4_post	chr7	100970851	105267713	579	1	-0.237388	2	NLOH	2	0	2	1	1	1.68898140557664	1	2	NEUT	2	0
IIICF_E6E7_C4_post	chr7	105272609	105529386	52	0.608696	0.441357	5	GAIN	3	1	2	1	1	2.73363719308972	0.61068203656279	3	GAIN	2	1
IIICF_E6E7_C4_post	chr7	105530591	106208986	188	1	-0.232764	2	NLOH	2	0	2	1	1	1.69456381008998	1	2	NEUT	2	0
IIICF_E6E7_C4_post	chr7	106377328	108649872	607	0.684211	0.368219	5	GAIN	3	1	2	1	1	2.59603950583294	0.687755204844617	3	GAIN	2	1
IIICF_E6E7_C4_post	chr7	108660736	109142251	127	1	-0.105414	2	NLOH	2	0	2	1	1	1.85555692354019	1	2	NEUT	2	0
IIICF_E6E7_C4_post	chr7	109143002	120676565	1863	0.666667	0.389102	5	GAIN	3	1	2	1	1	2.63461869252546	0.669826704009634	3	GAIN	2	1
IIICF_E6E7_C4_post	chr7	120711855	120845243	67	0.674419	1.496861	14	UBCNA	6	2	4	1	1	5.73557799339197	0.675937906897723	6	HLAMP	4	2
IIICF_E6E7_C4_post	chr7	120855328	121040782	95	0.681818	0.434343	5	GAIN	3	1	2	1	1	2.72013698719566	0.685156571273975	3	GAIN	2	1
IIICF_E6E7_C4_post	chr7	121091266	121247529	46	0.587121	1.053825	8	BCNA	4	2	2	1	1	4.20579834666094	0.588155639268879	4	AMP	2	2
IIICF_E6E7_C4_post	chr7	121266861	121288416	32	0.59517	1.182051	11	UBCNA	5	2	3	1	1	4.60136540998709	0.596203065594136	5	HLAMP	3	2
IIICF_E6E7_C4_post	chr7	121290341	121320815	51	0.588235	1.048422	8	BCNA	4	2	2	1	1	4.18989006970785	0.589286847583145	4	AMP	2	2
IIICF_E6E7_C4_post	chr7	121328556	122088595	69	0.581395	0.800793	5	GAIN	3	1	2	1	1	3.52118085706961	0.582549579779356	3	GAIN	2	1
IIICF_E6E7_C4_post	chr7	122090476	122099464	10	0.598928	1.279083	11	UBCNA	5	2	3	1	1	4.9249610298697	0.599931300393711	5	HLAMP	3	2
IIICF_E6E7_C4_post	chr7	122102781	122144841	17	0.741379	1.763709	18	UBCNA	7	2	5	1	1	6.91105941281735	0.74312349371492	7	HLAMP	5	2
IIICF_E6E7_C4_post	chr7	122153970	122259825	12	0.576923	0.756411	5	GAIN	3	1	2	1	1	3.41299393378916	0.57804873261541	3	GAIN	2	1
IIICF_E6E7_C4_post	chr7	122265200	122268634	4	0.757631	1.470946	14	UBCNA	6	2	4	1	1	5.63258095540214	0.759915573993595	6	HLAMP	4	2
IIICF_E6E7_C4_post	chr7	122271993	122309025	17	0.76087	1.790781	18	UBCNA	7	2	5	1	1	7.04291513659681	0.762720061794578	7	HLAMP	5	2
IIICF_E6E7_C4_post	chr7	122311943	124639919	1099	0.571429	0.779672	5	GAIN	3	1	2	1	1	3.46928051022644	0.572457370726662	3	GAIN	2	1
IIICF_E6E7_C4_post	chr7	124640225	124669695	78	0.569048	0.929999	8	BCNA	4	2	2	1	1	3.85576564066463	0.569942447854237	4	AMP	2	2
IIICF_E6E7_C4_post	chr7	124671915	124872158	118	0.567117	0.741761	5	GAIN	3	1	2	1	1	3.37800706589641	0.568109399494432	3	GAIN	2	1
IIICF_E6E7_C4_post	chr7	124887218	125128939	59	0.571429	0.936831	8	BCNA	4	2	2	1	1	3.87430532759077	0.572349863540075	4	AMP	2	2
IIICF_E6E7_C4_post	chr7	125151097	125308492	125	0.714286	1.778847	18	UBCNA	7	2	5	1	1	6.98448484662481	0.715818406447337	7	HLAMP	5	2
IIICF_E6E7_C4_post	chr7	125311672	128668250	937	0.681818	0.38172	5	GAIN	3	1	2	1	1	2.62091735372552	0.685282959012851	3	GAIN	2	1
IIICF_E6E7_C4_post	chr7	128673205	128698257	8	0.676343	1.430786	14	UBCNA	6	2	4	1	1	5.47657896805682	0.67795128652233	6	HLAMP	4	2
IIICF_E6E7_C4_post	chr7	128709789	129065922	119	0.692308	0.357012	5	GAIN	3	1	2	1	1	2.57556483985424	0.696037403854959	3	GAIN	2	1
IIICF_E6E7_C4_post	chr7	129076203	129559996	240	0.666667	0.263564	3	HET	2	1	1	NA	NA	2.41089269428234	0.670119918193486	2	NEUT	1	1
IIICF_E6E7_C4_post	chr7	129561887	131907751	716	0.666667	0.391531	5	GAIN	3	1	2	1	1	2.63914238173073	0.669821288038514	3	GAIN	2	1
IIICF_E6E7_C4_post	chr7	131910088	132549193	151	0.666667	0.291644	3	HET	2	1	1	NA	NA	2.4592585981919	0.670052010121648	2	NEUT	1	1
IIICF_E6E7_C4_post	chr7	132550351	139832548	1587	0.681818	0.364678	5	GAIN	3	1	2	1	1	2.58955306822066	0.685324926086272	3	GAIN	2	1
IIICF_E6E7_C4_post	chr7	139856789	140949782	136	0.65	0.239282	3	HET	2	1	1	NA	NA	2.36982090107343	0.653161478884035	2	NEUT	1	1
IIICF_E6E7_C4_post	chr7	140950418	152079995	3911	0.666667	0.364715	5	GAIN	3	1	2	1	1	2.58962076289902	0.669881607855287	3	GAIN	2	1
IIICF_E6E7_C4_post	chr7	152091153	152208470	493	0.766667	0.037276	3	HET	2	1	1	NA	NA	2.05365623552432	0.773152688390632	2	NEUT	1	1
IIICF_E6E7_C4_post	chr7	152210490	155809532	1296	0.666667	0.314991	5	GAIN	3	1	2	1	1	2.50019519232962	0.669996586134782	3	GAIN	2	1
IIICF_E6E7_C4_post	chr7	155810088	156096029	203	0.684211	0.244321	3	HET	2	1	1	NA	NA	2.37828736968839	0.688079706494706	2	NEUT	1	1
IIICF_E6E7_C4_post	chr7	156105037	157368550	193	0.666667	0.327094	5	GAIN	3	1	2	1	1	2.52167873745381	0.669968219589548	3	GAIN	2	1
IIICF_E6E7_C4_post	chr7	157370054	157747326	145	0.684211	0.183667	3	HET	2	1	1	NA	NA	2.27831539667601	0.688249464475469	2	NEUT	1	1
IIICF_E6E7_C4_post	chr7	157753629	158750773	276	0.666667	0.369177	5	GAIN	3	1	2	1	1	2.59779711736567	0.66987149013935	3	GAIN	2	1
IIICF_E6E7_C4_post	chr7	158751481	159084397	9	1	-0.252631	2	NLOH	2	0	2	1	1	1.67070522332807	1	2	NEUT	2	0
IIICF_E6E7_C4_post	chr8	198546	507388	87	0.888889	1.372927	10	ASCNA	5	1	4	1	1	5.25932430681893	0.892582263204658	5	HLAMP	4	1
IIICF_E6E7_C4_post	chr8	513823	680851	62	0.867296	1.445552	13	ASCNA	6	1	5	1	1	5.53343348667025	0.870611400942805	6	HLAMP	5	1
IIICF_E6E7_C4_post	chr8	691091	868938	111	0.87931	1.363678	10	ASCNA	5	1	4	1	1	5.22539587100814	0.882935681466368	5	HLAMP	4	1
IIICF_E6E7_C4_post	chr8	870091	929118	54	0.883205	1.473047	13	ASCNA	6	1	5	1	1	5.64086246310187	0.886598127727963	6	HLAMP	5	1
IIICF_E6E7_C4_post	chr8	930451	1277244	273	0.871795	1.357256	10	ASCNA	5	1	4	1	1	5.20196544126933	0.875364855475369	5	HLAMP	4	1
IIICF_E6E7_C4_post	chr8	1280384	1630469	164	0.875	1.441466	13	ASCNA	6	1	5	1	1	5.51764261025395	0.878394628497579	6	HLAMP	5	1
IIICF_E6E7_C4_post	chr8	1640790	1728292	53	0.88	1.387497	10	ASCNA	5	1	4	1	1	5.31321513142303	0.883572240975129	5	HLAMP	4	1
IIICF_E6E7_C4_post	chr8	1730228	1777571	43	0.882353	1.482097	13	ASCNA	6	1	5	1	1	5.67667301409067	0.885717226094711	6	HLAMP	5	1
IIICF_E6E7_C4_post	chr8	1782406	1799282	50	0.884358	1.363623	10	ASCNA	5	1	4	1	1	5.22519476242199	0.888032074800873	5	HLAMP	4	1
IIICF_E6E7_C4_post	chr8	1800233	1887976	52	0.881356	1.459124	13	ASCNA	6	1	5	1	1	5.58620638825799	0.884765794127258	6	HLAMP	5	1
IIICF_E6E7_C4_post	chr8	1892069	1946698	33	0.860465	1.408016	10	ASCNA	5	1	4	1	1	5.39003874020562	0.86380530226281	5	HLAMP	4	1
IIICF_E6E7_C4_post	chr8	1963421	2144040	223	0.92	2.024065	21	ASCNA	8	1	7	1	1	8.28776722287788	0.922531199043286	8	HLAMP	7	1
IIICF_E6E7_C4_post	chr8	2200022	2206197	14	0.553419	1.961336	23	UBCNA	8	3	5	1	1	7.93300822750148	0.55375533526127	8	HLAMP	4	4
IIICF_E6E7_C4_post	chr8	2206725	2207557	3	0.95098	1.961336	21	ASCNA	8	1	7	1	1	7.93300822750148	0.953819448063943	8	HLAMP	8	0
IIICF_E6E7_C4_post	chr8	2208612	2209534	5	0.546875	1.961336	23	UBCNA	8	3	5	1	1	7.93300822750148	0.547170133105675	8	HLAMP	4	4
IIICF_E6E7_C4_post	chr8	2209584	2209676	2	0.967125	1.961336	20	ALOH	8	0	8	1	1	7.93300822750148	0.970066099775753	8	HLAMP	8	0
IIICF_E6E7_C4_post	chr8	2210425	2211420	12	0.518754	1.961157	23	UBCNA	8	3	5	1	1	7.93201781691051	0.518872093170515	8	HLAMP	4	4
IIICF_E6E7_C4_post	chr8	2211504	2212587	3	0.954545	1.961157	21	ASCNA	8	1	7	1	1	7.93201781691051	0.957407251263281	8	HLAMP	8	0
IIICF_E6E7_C4_post	chr8	2212664	2221176	26	0.541204	1.961157	23	UBCNA	8	3	5	1	1	7.93201781691051	0.541463459901775	8	HLAMP	4	4
IIICF_E6E7_C4_post	chr8	2221208	2222276	9	0.932886	2.025088	21	ASCNA	8	1	7	1	1	8.29368150608515	0.935492998244968	8	HLAMP	7	1
IIICF_E6E7_C4_post	chr8	2222685	2223397	6	0.565485	2.025088	24	BCNA	8	4	4	1	1	8.29368150608515	0.565879374685418	8	HLAMP	5	3
IIICF_E6E7_C4_post	chr8	2224666	2226153	7	0.936709	2.025088	21	ASCNA	8	1	7	1	1	8.29368150608515	0.939339021752983	8	HLAMP	8	0
IIICF_E6E7_C4_post	chr8	2226485	2227022	6	0.72411	2.025088	22	UBCNA	8	2	6	1	1	8.29368150608515	0.725459672608215	8	HLAMP	6	2
IIICF_E6E7_C4_post	chr8	2227130	2275387	77	0.920904	2.030112	21	ASCNA	8	1	7	1	1	8.32278777172015	0.923429973467659	8	HLAMP	7	1
IIICF_E6E7_C4_post	chr8	2275960	2279823	8	0.556275	2.047161	24	BCNA	8	4	4	1	1	8.42231923610543	0.556608732388624	8	HLAMP	4	4
IIICF_E6E7_C4_post	chr8	2313143	2426503	80	0.905506	1.985978	21	ASCNA	8	1	7	1	1	8.07053251698591	0.908015629696736	8	HLAMP	7	1
IIICF_E6E7_C4_post	chr8	2506001	6896532	3764	0.783784	0.627879	5	GAIN	3	1	2	1	1	3.11781897461522	0.788330231659262	3	GAIN	2	1
IIICF_E6E7_C4_post	chr8	8104744	9064002	588	0.652174	-0.047968	3	HET	2	1	1	NA	NA	1.93296217256249	0.656106164275992	2	NEUT	1	1
IIICF_E6E7_C4_post	chr8	9103655	12765203	1778	0.78125	0.626973	5	GAIN	3	1	2	1	1	3.11583026913707	0.785758512633796	3	GAIN	2	1
IIICF_E6E7_C4_post	chr8	12791025	51368483	11939	0.666667	0.018783	3	HET	2	1	1	NA	NA	2.02686354779335	0.670774141428288	2	NEUT	1	1
IIICF_E6E7_C4_post	chr8	51371466	52498405	165	1	-0.382233	1	DLOH	1	0	1	1	1	1.52287290380814	1	1	HETD	1	0
IIICF_E6E7_C4_post	chr8	52731092	52733128	3	0.588235	-0.353643	3	HET	2	1	1	NA	NA	1.55435249664097	0.591070345105432	2	NEUT	1	1
IIICF_E6E7_C4_post	chr8	52931576	63788262	2498	1	-0.433989	1	DLOH	1	0	1	1	1	1.46744881533326	1	1	HETD	1	0
IIICF_E6E7_C4_post	chr8	63804850	63816442	32	1	-0.292876	2	NLOH	2	0	2	1	1	1.62336969297545	1	2	NEUT	2	0
IIICF_E6E7_C4_post	chr8	63817927	66089371	557	0.612903	0.273086	3	HET	2	1	1	NA	NA	2.42718832064075	0.615226360278525	2	NEUT	1	1
IIICF_E6E7_C4_post	chr8	66132172	75129859	2574	0.625	0.936639	8	BCNA	4	2	2	1	1	3.87378310605071	0.626611718771328	4	AMP	2	2
IIICF_E6E7_C4_post	chr8	75130274	75139832	54	0.602632	0.762675	5	GAIN	3	1	2	1	1	3.4280622781041	0.604127369921443	3	GAIN	2	1
IIICF_E6E7_C4_post	chr8	75141553	82203217	1458	0.617647	0.965665	8	BCNA	4	2	2	1	1	3.95352527009286	0.619133315099995	4	AMP	2	2
IIICF_E6E7_C4_post	chr8	82304282	83518480	204	1	-0.427644	1	DLOH	1	0	1	1	1	1.47413705006057	1	1	HETD	1	0
IIICF_E6E7_C4_post	chr8	83521415	83708678	74	0.651163	1.076591	8	BCNA	4	2	2	1	1	4.2734874897807	0.652929760240847	4	AMP	2	2
IIICF_E6E7_C4_post	chr8	83711123	83891459	24	0.662281	1.210037	11	UBCNA	5	2	3	1	1	4.69247434674442	0.664008349903482	5	HLAMP	3	2
IIICF_E6E7_C4_post	chr8	84688565	85121515	39	1	-0.428186	1	DLOH	1	0	1	1	1	1.47356458068662	1	1	HETD	1	0
IIICF_E6E7_C4_post	chr8	85132271	85802612	46	0.628289	0.360272	5	GAIN	3	1	2	1	1	2.58150431283952	0.630771167682202	3	GAIN	2	1
IIICF_E6E7_C4_post	chr8	86087356	87900076	634	1	-0.407232	1	DLOH	1	0	1	1	1	1.49585386056908	1	1	HETD	1	0
IIICF_E6E7_C4_post	chr8	87900893	88689990	369	1	-0.364477	2	NLOH	2	0	2	1	1	1.54235003737682	1	2	NEUT	2	0
IIICF_E6E7_C4_post	chr8	88691489	100405679	3047	1	-0.431779	1	DLOH	1	0	1	1	1	1.4697750282703	1	1	HETD	1	0
IIICF_E6E7_C4_post	chr8	100414018	100569248	84	1	-0.29591	2	NLOH	2	0	2	1	1	1.61985439007775	1	2	NEUT	2	0
IIICF_E6E7_C4_post	chr8	100591430	101707306	325	1	-0.411694	1	DLOH	1	0	1	1	1	1.49108035632407	1	1	HETD	1	0
IIICF_E6E7_C4_post	chr8	101715171	101715470	12	0.534524	-0.50844	3	HET	2	1	1	NA	NA	1.39112901147751	0.535763561994351	2	NEUT	1	1
IIICF_E6E7_C4_post	chr8	101717689	106089202	974	1	-0.407154	1	DLOH	1	0	1	1	1	1.49593743732599	1	1	HETD	1	0
IIICF_E6E7_C4_post	chr8	106092865	106309697	151	1	-0.30588	2	NLOH	2	0	2	1	1	1.60835470833855	1	2	NEUT	2	0
IIICF_E6E7_C4_post	chr8	106310305	110089593	1184	1	-0.399267	1	DLOH	1	0	1	1	1	1.50441170437471	1	1	HETD	1	0
IIICF_E6E7_C4_post	chr8	110090411	112809521	508	1	-0.331671	2	NLOH	2	0	2	1	1	1.57897271903212	1	2	NEUT	2	0
IIICF_E6E7_C4_post	chr8	112810621	114067442	452	1	-0.409793	1	DLOH	1	0	1	1	1	1.49311226532164	1	1	HETD	1	0
IIICF_E6E7_C4_post	chr8	114073148	115481698	306	1	-0.351655	2	NLOH	2	0	2	1	1	1.55656470845183	1	2	NEUT	2	0
IIICF_E6E7_C4_post	chr8	115863477	116319524	34	1	-0.416966	1	DLOH	1	0	1	1	1	1.48545929783487	1	1	HETD	1	0
IIICF_E6E7_C4_post	chr8	116580068	117229594	54	0.625	0.736657	5	GAIN	3	1	2	1	1	3.36590099554296	0.62685491164367	3	GAIN	2	1
IIICF_E6E7_C4_post	chr8	117231025	118289276	121	0.647059	1.063146	8	BCNA	4	2	2	1	1	4.23338298967927	0.648794076388965	4	AMP	2	2
IIICF_E6E7_C4_post	chr8	118298747	118384809	16	0.677866	1.300619	11	UBCNA	5	2	3	1	1	4.99978162098139	0.679642873271325	5	HLAMP	3	2
IIICF_E6E7_C4_post	chr8	118395860	118853829	114	0.641429	1.031654	8	BCNA	4	2	2	1	1	4.14089700991041	0.643134919735099	4	AMP	2	2
IIICF_E6E7_C4_post	chr8	118899325	122677557	1476	0.583333	0.425057	5	GAIN	3	1	2	1	1	2.70236441703597	0.584873237365205	3	GAIN	2	1
IIICF_E6E7_C4_post	chr8	122681374	124651435	762	0.744433	1.245955	10	ASCNA	5	1	4	1	1	4.81202589699098	0.746970151693517	5	HLAMP	4	1
IIICF_E6E7_C4_post	chr8	124661695	124719918	32	0.708042	1.15181	8	BCNA	4	2	2	1	1	4.50488183174083	0.710348652479811	4	AMP	2	2
IIICF_E6E7_C4_post	chr8	124721944	125300254	121	0.702128	1.19103	11	UBCNA	5	2	3	1	1	4.63040437765982	0.704308329398555	5	HLAMP	3	2
IIICF_E6E7_C4_post	chr8	125310965	125400695	44	0.609477	0.749005	5	GAIN	3	1	2	1	1	3.39526265371561	0.611087512364315	3	GAIN	2	1
IIICF_E6E7_C4_post	chr8	125404497	125470047	35	0.627907	0.856467	8	BCNA	4	2	2	1	1	3.66168530647102	0.629651728468479	4	AMP	2	2
IIICF_E6E7_C4_post	chr8	125473730	126329330	216	0.731925	1.287646	10	ASCNA	5	1	4	1	1	4.95457700321717	0.734263059368284	5	HLAMP	4	1
IIICF_E6E7_C4_post	chr8	126408424	126519407	35	1	-0.555719	1	DLOH	1	0	1	1	1	1.34466849369135	1	1	HETD	1	0
IIICF_E6E7_C4_post	chr8	126526063	126548891	4	0.739861	1.141734	10	ASCNA	5	1	4	1	1	4.47318104570599	0.742539290715859	5	HLAMP	4	1
IIICF_E6E7_C4_post	chr8	126551832	128858528	785	1	-0.519787	1	DLOH	1	0	1	1	1	1.37983919691071	1	1	HETD	1	0
IIICF_E6E7_C4_post	chr8	128863363	128953000	49	0.714286	0.017187	3	HET	2	1	1	NA	NA	2.02456731902972	0.719572596059165	2	NEUT	1	1
IIICF_E6E7_C4_post	chr8	128961106	129069103	89	0.578947	0.388082	5	GAIN	3	1	2	1	1	2.63272134778359	0.580444770554468	3	GAIN	2	1
IIICF_E6E7_C4_post	chr8	129103995	140604446	2826	1	-0.510275	1	DLOH	1	0	1	1	1	1.38929723519721	1	1	HETD	1	0
IIICF_E6E7_C4_post	chr8	140604853	140606747	5	0.75	-0.341992	3	HET	2	1	1	NA	NA	1.56736105294774	0.757966829259068	2	NEUT	1	1
IIICF_E6E7_C4_post	chr8	140619534	146217389	1057	1	-0.631966	1	DLOH	1	0	1	1	1	1.27287631759012	1	1	HETD	1	0
IIICF_E6E7_C4_post	chr9	212189	31774127	10079	1	-0.479109	1	DLOH	1	0	1	1	1	1.42072696153674	1	1	HETD	1	0
IIICF_E6E7_C4_post	chr9	31774487	31774751	10	0.761111	-0.27537	3	HET	2	1	1	NA	NA	1.64379780647949	0.769044984054996	2	NEUT	1	1
IIICF_E6E7_C4_post	chr9	31775169	33773182	335	1	-0.498915	1	DLOH	1	0	1	1	1	1.40067480325077	1	1	HETD	1	0
IIICF_E6E7_C4_post	chr9	33793811	33804167	129	0.592593	-0.622438	3	HET	2	1	1	NA	NA	1.28164156424304	0.596201495133601	2	NEUT	1	1
IIICF_E6E7_C4_post	chr9	33808376	35863928	188	1	-0.492659	1	DLOH	1	0	1	1	1	1.40697883716719	1	1	HETD	1	0
IIICF_E6E7_C4_post	chr9	35883887	35884106	4	0.642655	-0.245924	3	HET	2	1	1	NA	NA	1.67872305458528	0.646899460489202	2	NEUT	1	1
IIICF_E6E7_C4_post	chr9	35884171	38769613	456	1	-0.493014	1	DLOH	1	0	1	1	1	1.4066203793929	1	1	HETD	1	0
IIICF_E6E7_C4_post	chr9	66840056	68413159	181	0.657895	0.13954	3	HET	2	1	1	NA	NA	2.20818003325783	0.661466481878502	2	NEUT	1	1
IIICF_E6E7_C4_post	chr9	68413160	68413195	2	0.942859	0.13954	1	DLOH	1	0	1	1	1	2.20818003325783	0.952876181628496	1	HETD	1	0
IIICF_E6E7_C4_post	chr9	68413240	68419973	192	0.705439	0.13954	3	HET	2	1	1	NA	NA	2.20818003325783	0.710085896137544	2	NEUT	1	1
IIICF_E6E7_C4_post	chr9	71083668	72650716	392	1	0.249314	2	NLOH	2	0	2	1	1	2.38670576805139	1	2	NEUT	2	0
IIICF_E6E7_C4_post	chr9	72653098	72653098	1	0.739526	0.149593	3	HET	2	1	1	NA	NA	2.22397008791277	0.744905454915745	2	NEUT	1	1
IIICF_E6E7_C4_post	chr9	72656879	111369823	12163	1	0.221409	2	NLOH	2	0	2	1	1	2.34002823583869	1	2	NEUT	2	0
IIICF_E6E7_C4_post	chr9	111370483	127603814	3017	1	-1.001631	1	DLOH	1	0	1	1	1	0.973868102458091	1	1	HETD	1	0
IIICF_E6E7_C4_post	chr9	127613206	133524832	2009	0.6	0.202092	3	HET	2	1	1	NA	NA	2.30824088060956	0.602163881248451	2	NEUT	1	1
IIICF_E6E7_C4_post	chr9	133657281	140779859	2730	0.576923	0.522245	5	GAIN	3	1	2	1	1	2.89416332920163	0.578250540346011	3	GAIN	2	1
IIICF_E6E7_C4_post	chr9	140780442	141019317	46	0.594872	0.166522	3	HET	2	1	1	NA	NA	2.25081006027908	0.596977298884361	2	NEUT	1	1
IIICF_E6E7_C4_post	chr10	133947	3452742	1216	1	-0.317647	2	NLOH	2	0	2	1	1	1.59488416816655	1	2	NEUT	2	0
IIICF_E6E7_C4_post	chr10	3453386	3453386	1	0.510638	-0.229468	3	HET	2	1	1	NA	NA	1.69855389987398	0.510950820499436	2	NEUT	1	1
IIICF_E6E7_C4_post	chr10	3453995	5077785	758	1	-0.304157	2	NLOH	2	0	2	1	1	1.61033638960891	1	2	NEUT	2	0
IIICF_E6E7_C4_post	chr10	5077854	5077904	6	0.702941	-0.448477	3	HET	2	1	1	NA	NA	1.45228689838759	0.7099206224114	2	NEUT	1	1
IIICF_E6E7_C4_post	chr10	5078004	8688998	1255	1	-0.297506	2	NLOH	2	0	2	1	1	1.61800817148466	1	2	NEUT	2	0
IIICF_E6E7_C4_post	chr10	8691199	8691342	13	0.565217	-0.363552	3	HET	2	1	1	NA	NA	1.54337128409991	0.5673275952365	2	NEUT	1	1
IIICF_E6E7_C4_post	chr10	8693169	26857061	6450	1	-0.276441	2	NLOH	2	0	2	1	1	1.64254090317357	1	2	NEUT	2	0
IIICF_E6E7_C4_post	chr10	26860068	26940909	194	1	-0.566286	1	DLOH	1	0	1	1	1	1.33449096542433	1	1	HETD	1	0
IIICF_E6E7_C4_post	chr10	27031214	37973308	2621	1	-0.281015	2	NLOH	2	0	2	1	1	1.63718344150164	1	2	NEUT	2	0
IIICF_E6E7_C4_post	chr10	43262616	44316351	342	0.666667	0.086038	3	HET	2	1	1	NA	NA	2.12597167132672	0.670582675527997	2	NEUT	1	1
IIICF_E6E7_C4_post	chr10	44321351	46136306	254	1	-0.479988	1	DLOH	1	0	1	1	1	1.41983118719583	1	1	HETD	1	0
IIICF_E6E7_C4_post	chr10	46970039	47620380	959	0.698113	-0.091321	3	HET	2	1	1	NA	NA	1.87426210086977	0.703392553594456	2	NEUT	1	1
IIICF_E6E7_C4_post	chr10	47623357	47656255	27	1	-0.240858	2	NLOH	2	0	2	1	1	1.6848039234253	1	2	NEUT	2	0
IIICF_E6E7_C4_post	chr10	47662212	47698928	56	0.603571	-0.2058	3	HET	2	1	1	NA	NA	1.72747536486016	0.606565614055423	2	NEUT	1	1
IIICF_E6E7_C4_post	chr10	48316966	48351783	10	1	-0.535632	1	DLOH	1	0	1	1	1	1.36422188597731	1	1	HETD	1	0
IIICF_E6E7_C4_post	chr10	48357142	48360017	217	0.607143	-0.489358	3	HET	2	1	1	NA	NA	1.41031621634199	0.610937563760338	2	NEUT	1	1
IIICF_E6E7_C4_post	chr10	48365922	56436508	2606	1	-0.471811	1	DLOH	1	0	1	1	1	1.42818534691029	1	1	HETD	1	0
IIICF_E6E7_C4_post	chr10	56440040	56468045	18	1	0.08048	2	NLOH	2	0	2	1	1	2.11760504280755	1	2	NEUT	2	0
IIICF_E6E7_C4_post	chr10	56486226	58870378	658	1	-0.492209	1	DLOH	1	0	1	1	1	1.40743334704888	1	1	HETD	1	0
IIICF_E6E7_C4_post	chr10	58940034	58940993	38	0.574176	-0.429317	3	HET	2	1	1	NA	NA	1.47237069217529	0.576692290614224	2	NEUT	1	1
IIICF_E6E7_C4_post	chr10	58953622	84598696	7313	1	-0.467181	1	DLOH	1	0	1	1	1	1.43293669685102	1	1	HETD	1	0
IIICF_E6E7_C4_post	chr10	84601453	93790505	1734	1	-0.330881	2	NLOH	2	0	2	1	1	1.57986493769449	1	2	NEUT	2	0
IIICF_E6E7_C4_post	chr10	93792997	93793238	11	0.8	-0.189829	3	HET	2	1	1	NA	NA	1.74726120283825	0.808575865732632	2	NEUT	1	1
IIICF_E6E7_C4_post	chr10	93798652	97740462	1096	1	-0.315582	2	NLOH	2	0	2	1	1	1.59724018207913	1	2	NEUT	2	0
IIICF_E6E7_C4_post	chr10	97746055	97746115	5	0.636364	-0.450809	3	HET	2	1	1	NA	NA	1.44986061914793	0.641061729760289	2	NEUT	1	1
IIICF_E6E7_C4_post	chr10	97771023	100120346	291	1	-0.394405	1	DLOH	1	0	1	1	1	1.50965885872815	1	1	HETD	1	0
IIICF_E6E7_C4_post	chr10	100134036	101635138	203	1	-0.367228	2	NLOH	2	0	2	1	1	1.53931666100966	1	2	NEUT	2	0
IIICF_E6E7_C4_post	chr10	101644511	104568480	422	1	-0.393052	1	DLOH	1	0	1	1	1	1.51112218760549	1	1	HETD	1	0
IIICF_E6E7_C4_post	chr10	104602182	104602458	5	0.692308	-0.439508	3	HET	2	1	1	NA	NA	1.46165513567093	0.698879537435909	2	NEUT	1	1
IIICF_E6E7_C4_post	chr10	104699760	106409327	278	1	-0.383827	1	DLOH	1	0	1	1	1	1.5211360908963	1	1	HETD	1	0
IIICF_E6E7_C4_post	chr10	106413994	107726216	147	1	-0.333841	2	NLOH	2	0	2	1	1	1.57652445384766	1	2	NEUT	2	0
IIICF_E6E7_C4_post	chr10	107727810	107729999	5	0.775	0.544993	5	GAIN	3	1	2	1	1	2.94095313718742	0.779670454456442	3	GAIN	2	1
IIICF_E6E7_C4_post	chr10	107731823	107736158	5	0.770833	1.859965	22	UBCNA	8	2	6	1	1	7.39133870653118	0.772663176725588	7	HLAMP	5	2
IIICF_E6E7_C4_post	chr10	107760081	107962771	77	1	-0.356415	2	NLOH	2	0	2	1	1	1.55127294753549	1	2	NEUT	2	0
IIICF_E6E7_C4_post	chr10	107970003	108178365	74	1	-0.39809	1	DLOH	1	0	1	1	1	1.50568032131663	1	1	HETD	1	0
IIICF_E6E7_C4_post	chr10	108190046	108736899	185	0.708333	1.354581	10	ASCNA	5	1	4	1	1	5.19223653077468	0.710337094292684	5	HLAMP	4	1
IIICF_E6E7_C4_post	chr10	108740201	109259724	145	0.729167	1.436956	14	UBCNA	6	2	4	1	1	5.50026497733729	0.731248052416171	6	HLAMP	4	2
IIICF_E6E7_C4_post	chr10	109261058	109559187	207	0.612245	0.899681	8	BCNA	4	2	2	1	1	3.77454413418136	0.613730309806459	4	AMP	2	2
IIICF_E6E7_C4_post	chr10	109560553	109664040	103	0.6	0.799527	5	GAIN	3	1	2	1	1	3.51804847953801	0.601419752794059	3	GAIN	2	1
IIICF_E6E7_C4_post	chr10	109881754	111028887	250	0.715839	1.490487	14	UBCNA	6	2	4	1	1	5.71007322939167	0.717727003496091	6	HLAMP	4	2
IIICF_E6E7_C4_post	chr10	111112341	111357179	75	0.628571	1.115399	8	BCNA	4	2	2	1	1	4.3913647259816	0.630033372678732	4	AMP	2	2
IIICF_E6E7_C4_post	chr10	111978723	112862029	225	0.666667	1.269141	11	UBCNA	5	2	3	1	1	4.89079545227643	0.668369098427109	5	HLAMP	3	2
IIICF_E6E7_C4_post	chr10	113010748	114371105	720	0.621622	1.035828	8	BCNA	4	2	2	1	1	4.15303950297622	0.623084718083791	4	AMP	2	2
IIICF_E6E7_C4_post	chr10	114388316	116640176	654	0.576923	0.778267	5	GAIN	3	1	2	1	1	3.46585490158269	0.57803156302314	3	GAIN	2	1
IIICF_E6E7_C4_post	chr10	116641999	116739745	94	0.573593	0.876586	8	BCNA	4	2	2	1	1	3.71380820966597	0.574582763848849	4	AMP	2	2
IIICF_E6E7_C4_post	chr10	116740959	116877120	32	0.572807	0.764205	5	GAIN	3	1	2	1	1	3.43175271692618	0.573866672593122	3	GAIN	2	1
IIICF_E6E7_C4_post	chr10	116907961	117728741	239	0.564103	0.902034	8	BCNA	4	2	2	1	1	3.78078687527625	0.564949858225277	4	AMP	2	2
IIICF_E6E7_C4_post	chr10	117730587	120713222	1069	0.575758	0.739744	5	GAIN	3	1	2	1	1	3.37321786699035	0.576879756670476	3	GAIN	2	1
IIICF_E6E7_C4_post	chr10	120723187	120762715	23	0.833333	2.003815	21	ASCNA	8	1	7	1	1	8.17155463795843	0.835370455696414	8	HLAMP	7	1
IIICF_E6E7_C4_post	chr10	120782606	120788730	11	0.755102	1.355421	10	ASCNA	5	1	4	1	1	5.19528964783869	0.757554554404491	5	HLAMP	4	1
IIICF_E6E7_C4_post	chr10	120798655	122466579	606	0.734534	1.543833	14	UBCNA	6	2	4	1	1	5.92704612722601	0.736510432812104	6	HLAMP	4	2
IIICF_E6E7_C4_post	chr10	122483828	124407605	566	0.641026	1.084773	8	BCNA	4	2	2	1	1	4.29807677894296	0.642664851377741	4	AMP	2	2
IIICF_E6E7_C4_post	chr10	124414322	124419950	24	0.633399	1.227169	11	UBCNA	5	2	3	1	1	4.74912630056602	0.63480198622275	5	HLAMP	3	2
IIICF_E6E7_C4_post	chr10	124420243	125587893	318	0.621622	1.071028	8	BCNA	4	2	2	1	1	4.25684852060063	0.623049047721878	4	AMP	2	2
IIICF_E6E7_C4_post	chr10	125625215	129089129	1380	0.586207	0.544639	5	GAIN	3	1	2	1	1	2.94021933763856	0.587671459461447	3	GAIN	2	1
IIICF_E6E7_C4_post	chr10	129118884	132229271	923	1	-0.325298	2	NLOH	2	0	2	1	1	1.58618427209084	1	2	NEUT	2	0
IIICF_E6E7_C4_post	chr10	132230893	132575675	99	1	-0.422669	1	DLOH	1	0	1	1	1	1.4794017868087	1	1	HETD	1	0
IIICF_E6E7_C4_post	chr10	132585831	133168994	225	1	-0.30039	2	NLOH	2	0	2	1	1	1.61467719756447	1	2	NEUT	2	0
IIICF_E6E7_C4_post	chr10	133173662	133443512	122	1	-0.414842	1	DLOH	1	0	1	1	1	1.48772145717164	1	1	HETD	1	0
IIICF_E6E7_C4_post	chr10	133453834	134114985	214	1	-0.317842	2	NLOH	2	0	2	1	1	1.59466186164391	1	2	NEUT	2	0
IIICF_E6E7_C4_post	chr10	134123092	135424194	284	1	-0.393904	1	DLOH	1	0	1	1	1	1.51020055222249	1	1	HETD	1	0
IIICF_E6E7_C4_post	chr11	190010	68320405	22179	0.666667	0.154836	3	HET	2	1	1	NA	NA	2.23224892708988	0.670396250418985	2	NEUT	1	1
IIICF_E6E7_C4_post	chr11	68322767	72581294	1679	0.592593	0.629081	5	GAIN	3	1	2	1	1	3.1204593400035	0.594075088642625	3	GAIN	2	1
IIICF_E6E7_C4_post	chr11	72614419	76837499	995	0.666667	-0.008536	3	HET	2	1	1	NA	NA	1.987906877197	0.670854628375413	2	NEUT	1	1
IIICF_E6E7_C4_post	chr11	76840156	76841025	5	0.611111	0.754849	5	GAIN	3	1	2	1	1	3.40924665016178	0.612738845509005	3	GAIN	2	1
IIICF_E6E7_C4_post	chr11	76864838	77434542	137	0.769231	1.529326	13	ASCNA	6	1	5	1	1	5.86724571466902	0.77152295105913	6	HLAMP	5	1
IIICF_E6E7_C4_post	chr11	77550780	77886785	18	0.711916	1.264941	10	ASCNA	5	1	4	1	1	4.8764327879798	0.714086581299578	5	HLAMP	4	1
IIICF_E6E7_C4_post	chr11	77894816	79689553	563	0.765957	1.573134	13	ASCNA	6	1	5	1	1	6.0496794249889	0.768152804220665	6	HLAMP	5	1
IIICF_E6E7_C4_post	chr11	79691782	79722743	30	0.738095	1.361692	10	ASCNA	5	1	4	1	1	5.21813888046265	0.740374025547377	5	HLAMP	4	1
IIICF_E6E7_C4_post	chr11	79799533	80399974	188	0.681818	1.125204	8	BCNA	4	2	2	1	1	4.42165205732139	0.683871841208896	4	AMP	2	2
IIICF_E6E7_C4_post	chr11	80400647	80425472	33	0.697674	1.252428	11	UBCNA	5	2	3	1	1	4.83388932729009	0.699716525087025	5	HLAMP	3	2
IIICF_E6E7_C4_post	chr11	80430120	80538610	42	0.657072	1.108094	8	BCNA	4	2	2	1	1	4.36893324501279	0.658867717092801	4	AMP	2	2
IIICF_E6E7_C4_post	chr11	80592567	80629996	49	0.657895	1.196726	11	UBCNA	5	2	3	1	1	4.64891971252585	0.659591410233113	5	HLAMP	3	2
IIICF_E6E7_C4_post	chr11	80630699	81859167	683	0.65	0.940826	8	BCNA	4	2	2	1	1	3.88518712611917	0.651928385556341	4	AMP	2	2
IIICF_E6E7_C4_post	chr11	81902313	82362649	128	0.735271	1.282046	10	ASCNA	5	1	4	1	1	4.93518897225326	0.737652108380199	5	HLAMP	4	1
IIICF_E6E7_C4_post	chr11	82362982	82400531	83	0.675	1.322795	11	UBCNA	5	2	3	1	1	5.07800180983401	0.676721312605753	5	HLAMP	3	2
IIICF_E6E7_C4_post	chr11	82402120	82692522	144	0.714286	1.277949	10	ASCNA	5	1	4	1	1	4.92105214435442	0.716460955537217	5	HLAMP	4	1
IIICF_E6E7_C4_post	chr11	82733242	82908161	18	0.792785	1.602315	13	ASCNA	6	1	5	1	1	6.17431111737478	0.795153508052816	6	HLAMP	5	1
IIICF_E6E7_C4_post	chr11	83487967	83948632	113	0.815789	1.797382	17	ASCNA	7	1	6	1	1	7.07544263595206	0.818018245689699	7	HLAMP	6	1
IIICF_E6E7_C4_post	chr11	83951160	90074026	1898	0.863636	2.3541	21	ASCNA	8	1	7	1	1	10.4309257076315	0.865377239744442	10	HLAMP	9	1
IIICF_E6E7_C4_post	chr11	90181257	90342527	11	0.6	0.270051	3	HET	2	1	1	NA	NA	2.42198264314453	0.602062260509008	2	NEUT	1	1
IIICF_E6E7_C4_post	chr11	90360170	90736028	232	0.862745	2.32339	21	ASCNA	8	1	7	1	1	10.2101818477645	0.864519526583316	10	HLAMP	9	1
IIICF_E6E7_C4_post	chr11	90777369	96769519	1499	1	-0.509616	1	DLOH	1	0	1	1	1	1.38995480936788	1	1	HETD	1	0
IIICF_E6E7_C4_post	chr11	96774173	96779624	5	0.621622	0.112509	3	HET	2	1	1	NA	NA	2.16626461164485	0.624426240050383	2	NEUT	1	1
IIICF_E6E7_C4_post	chr11	96795229	101882743	1699	1	-0.492403	1	DLOH	1	0	1	1	1	1.40723738540392	1	1	HETD	1	0
IIICF_E6E7_C4_post	chr11	101934205	103107925	283	0.566667	0.419327	5	GAIN	3	1	2	1	1	2.69145464734609	0.567904195689496	3	GAIN	2	1
IIICF_E6E7_C4_post	chr11	103154866	103193947	30	0.614144	-0.102072	3	HET	2	1	1	NA	NA	1.85997613727835	0.617209210235533	2	NEUT	1	1
IIICF_E6E7_C4_post	chr11	103194949	114259653	3380	1	-0.527367	1	DLOH	1	0	1	1	1	1.37234671777382	1	1	HETD	1	0
IIICF_E6E7_C4_post	chr11	114419670	114433280	333	0.743243	0.078554	3	HET	2	1	1	NA	NA	2.11471328753311	0.748988176942631	2	NEUT	1	1
IIICF_E6E7_C4_post	chr11	114580728	118237405	729	1	-0.56876	1	DLOH	1	0	1	1	1	1.33211890077418	1	1	HETD	1	0
IIICF_E6E7_C4_post	chr11	118293214	118293673	13	0.583333	-0.500701	3	HET	2	1	1	NA	NA	1.39888010061184	0.586308439172877	2	NEUT	1	1
IIICF_E6E7_C4_post	chr11	118335927	131230245	3594	1	-0.567946	1	DLOH	1	0	1	1	1	1.33289891285431	1	1	HETD	1	0
IIICF_E6E7_C4_post	chr11	131230584	131230788	8	0.583916	-0.315536	3	HET	2	1	1	NA	NA	1.59729270312025	0.58654006638885	2	NEUT	1	1
IIICF_E6E7_C4_post	chr11	131232156	134929931	917	1	-0.596672	1	DLOH	1	0	1	1	1	1.30563689023665	1	1	HETD	1	0
IIICF_E6E7_C4_post	chr12	207886	2068139	613	0.866667	2.245438	21	ASCNA	8	1	7	1	1	9.67051536450077	0.868560811536744	10	HLAMP	9	1
IIICF_E6E7_C4_post	chr12	2172930	4544601	905	0.762712	1.392136	10	ASCNA	5	1	4	1	1	5.33048818952092	0.765173656646415	5	HLAMP	4	1
IIICF_E6E7_C4_post	chr12	4561875	4592341	23	0.790698	1.576575	13	ASCNA	6	1	5	1	1	6.06424512757871	0.793092307069222	6	HLAMP	5	1
IIICF_E6E7_C4_post	chr12	4658118	4683433	21	0.714286	1.464341	14	UBCNA	6	2	4	1	1	5.60662445507433	0.716195004196029	6	HLAMP	4	2
IIICF_E6E7_C4_post	chr12	4697726	4715847	24	0.765915	1.378513	10	ASCNA	5	1	4	1	1	5.27992123276169	0.76843053256776	5	HLAMP	4	1
IIICF_E6E7_C4_post	chr12	4722535	4771682	39	0.737705	1.477956	14	UBCNA	6	2	4	1	1	5.66025933380885	0.739802570368676	6	HLAMP	4	2
IIICF_E6E7_C4_post	chr12	4778627	11227575	2173	0.735849	1.268144	10	ASCNA	5	1	4	1	1	4.88738224366705	0.738259306569104	5	HLAMP	4	1
IIICF_E6E7_C4_post	chr12	11230496	11231155	46	0.791182	1.500971	13	ASCNA	6	1	5	1	1	5.75208350023234	0.793710447233459	6	HLAMP	5	1
IIICF_E6E7_C4_post	chr12	11231188	11236517	66	0.708685	1.500971	14	UBCNA	6	2	4	1	1	5.75208350023234	0.710497093504799	6	HLAMP	4	2
IIICF_E6E7_C4_post	chr12	11236885	11239278	64	0.78	1.500971	13	ASCNA	6	1	5	1	1	5.75208350023234	0.782431349552405	6	HLAMP	5	1
IIICF_E6E7_C4_post	chr12	11261589	14717403	1399	0.738095	1.2854	10	ASCNA	5	1	4	1	1	4.94679197792092	0.740499037176298	5	HLAMP	4	1
IIICF_E6E7_C4_post	chr12	14720366	14886455	10	0.849803	1.948304	21	ASCNA	8	1	7	1	1	7.86122215005457	0.852025531948031	8	HLAMP	7	1
IIICF_E6E7_C4_post	chr12	15009730	31147475	6469	0.705882	-0.079082	3	HET	2	1	1	NA	NA	1.89065543342647	0.711321018590491	2	NEUT	1	1
IIICF_E6E7_C4_post	chr12	31387953	31405270	15	0.65	0.758512	5	GAIN	3	1	2	1	1	3.41804069715673	0.652191939593909	3	GAIN	2	1
IIICF_E6E7_C4_post	chr12	31481747	133819755	32407	0.652174	0.053211	3	HET	2	1	1	NA	NA	2.07701996372288	0.655833437528068	2	NEUT	1	1
IIICF_E6E7_C4_post	chr13	20144985	20498423	60	0.585784	0.356366	5	GAIN	3	1	2	1	1	2.5743894692391	0.587448357412773	3	GAIN	2	1
IIICF_E6E7_C4_post	chr13	20507523	25669061	2100	0.586207	0.246167	3	HET	2	1	1	NA	NA	2.38139640565206	0.588015112256117	2	NEUT	1	1
IIICF_E6E7_C4_post	chr13	25670797	25729972	123	0.592593	0.313709	5	GAIN	3	1	2	1	1	2.49793010454596	0.594444451863755	3	GAIN	2	1
IIICF_E6E7_C4_post	chr13	25748373	33228940	2673	0.580645	0.24335	3	HET	2	1	1	NA	NA	2.37665360593423	0.582339829870572	2	NEUT	1	1
IIICF_E6E7_C4_post	chr13	33232334	33368129	122	0.580128	0.324936	5	GAIN	3	1	2	1	1	2.51783494443154	0.581717540500795	3	GAIN	2	1
IIICF_E6E7_C4_post	chr13	33371918	35905594	532	0.576923	0.258638	3	HET	2	1	1	NA	NA	2.4025046238096	0.578522213816026	2	NEUT	1	1
IIICF_E6E7_C4_post	chr13	35926497	36236890	144	0.569048	0.357678	5	GAIN	3	1	2	1	1	2.57677715077113	0.570386408834734	3	GAIN	2	1
IIICF_E6E7_C4_post	chr13	36244990	36799665	203	0.588235	0.248613	3	HET	2	1	1	NA	NA	2.38552209510198	0.590082447044199	2	NEUT	1	1
IIICF_E6E7_C4_post	chr13	36800066	36887917	287	0.583333	0.318234	5	GAIN	3	1	2	1	1	2.50593404557152	0.584993970549833	3	GAIN	2	1
IIICF_E6E7_C4_post	chr13	36900126	38118276	277	0.571429	0.271038	3	HET	2	1	1	NA	NA	2.42367435888419	0.572901023874089	2	NEUT	1	1
IIICF_E6E7_C4_post	chr13	38120400	39009266	234	0.571429	0.313802	5	GAIN	3	1	2	1	1	2.4980943528843	0.572857171243883	3	GAIN	2	1
IIICF_E6E7_C4_post	chr13	39029841	60319928	5368	0.583333	0.253648	3	HET	2	1	1	NA	NA	2.39403672406679	0.585071604344569	2	NEUT	1	1
IIICF_E6E7_C4_post	chr13	60345244	60579602	136	0.588235	0.315001	5	GAIN	3	1	2	1	1	2.50021286863369	0.589997700207953	3	GAIN	2	1
IIICF_E6E7_C4_post	chr13	60582651	69394670	4109	0.611111	0.240115	3	HET	2	1	1	NA	NA	2.37121845850857	0.613451453629922	2	NEUT	1	1
IIICF_E6E7_C4_post	chr13	69408347	69578710	158	0.571429	0.314486	5	GAIN	3	1	2	1	1	2.49930269828099	0.572856480761634	3	GAIN	2	1
IIICF_E6E7_C4_post	chr13	69581085	73686601	1267	0.583333	0.278808	3	HET	2	1	1	NA	NA	2.43703261704547	0.585040930628588	2	NEUT	1	1
IIICF_E6E7_C4_post	chr13	73690363	73863096	185	0.588235	0.325812	5	GAIN	3	1	2	1	1	2.51939456755603	0.589984279688152	3	GAIN	2	1
IIICF_E6E7_C4_post	chr13	73937787	75838466	348	0.583333	0.270415	3	HET	2	1	1	NA	NA	2.42260640360642	0.585051101068057	2	NEUT	1	1
IIICF_E6E7_C4_post	chr13	75867510	75978839	127	0.571429	0.328435	5	GAIN	3	1	2	1	1	2.52407020206557	0.572842473569941	3	GAIN	2	1
IIICF_E6E7_C4_post	chr13	76020849	78808628	1199	0.583333	0.236841	3	HET	2	1	1	NA	NA	2.36573018155737	0.585092407172452	2	NEUT	1	1
IIICF_E6E7_C4_post	chr13	78820613	79034491	131	0.576923	0.3596	5	GAIN	3	1	2	1	1	2.58027888137083	0.57841203229616	3	GAIN	2	1
IIICF_E6E7_C4_post	chr13	79047083	115093704	13195	0.583333	0.170638	3	HET	2	1	1	NA	NA	2.25738348008829	0.585176852710996	2	NEUT	1	1
IIICF_E6E7_C4_post	chr14	20211494	48319697	8408	0.571429	0.405977	5	GAIN	3	1	2	1	1	2.66620404955915	0.572767122084049	3	GAIN	2	1
IIICF_E6E7_C4_post	chr14	48320195	48347022	73	0.555556	0.244784	3	HET	2	1	1	NA	NA	2.3790667812614	0.556722376841512	2	NEUT	1	1
IIICF_E6E7_C4_post	chr14	48349615	88731117	12345	0.571429	0.370136	5	GAIN	3	1	2	1	1	2.59955773289807	0.572801428268911	3	GAIN	2	1
IIICF_E6E7_C4_post	chr14	88744914	89439974	89	0.5625	0.241441	3	HET	2	1	1	NA	NA	2.3734448070676	0.563815271568457	2	NEUT	1	1
IIICF_E6E7_C4_post	chr14	89440210	92208571	991	0.575	0.321248	5	GAIN	3	1	2	1	1	2.51127923594993	0.576491697663572	3	GAIN	2	1
IIICF_E6E7_C4_post	chr14	92334242	92950519	124	0.571429	0.260185	3	HET	2	1	1	NA	NA	2.40513579555224	0.572912370097395	2	NEUT	1	1
IIICF_E6E7_C4_post	chr14	92971600	94285443	573	0.571429	0.33508	5	GAIN	3	1	2	1	1	2.53595337854996	0.572835850200588	3	GAIN	2	1
IIICF_E6E7_C4_post	chr14	94304448	94442156	84	0.583333	0.281775	3	HET	2	1	1	NA	NA	2.44215252308719	0.585037349998688	2	NEUT	1	1
IIICF_E6E7_C4_post	chr14	94451457	94789810	169	0.571429	0.326448	5	GAIN	3	1	2	1	1	2.52052749018334	0.572844460269008	3	GAIN	2	1
IIICF_E6E7_C4_post	chr14	94793686	95115271	229	0.576923	0.245498	3	HET	2	1	1	NA	NA	2.38026921521075	0.578537152955014	2	NEUT	1	1
IIICF_E6E7_C4_post	chr14	95131448	95163831	64	0.573593	0.392195	5	GAIN	3	1	2	1	1	2.64038031951764	0.574985145321003	3	GAIN	2	1
IIICF_E6E7_C4_post	chr14	95168398	95537587	156	0.565217	0.261437	3	HET	2	1	1	NA	NA	2.40726729142418	0.566570165928843	2	NEUT	1	1
IIICF_E6E7_C4_post	chr14	95593528	96116162	256	0.571429	0.308654	5	GAIN	3	1	2	1	1	2.48901832228699	0.572862378970074	3	GAIN	2	1
IIICF_E6E7_C4_post	chr14	96130955	97096259	360	0.566667	0.263862	3	HET	2	1	1	NA	NA	2.41140105268602	0.56804788024987	2	NEUT	1	1
IIICF_E6E7_C4_post	chr14	97102290	97369418	124	0.5625	0.350259	5	GAIN	3	1	2	1	1	2.56330399891276	0.563717851833166	3	GAIN	2	1
IIICF_E6E7_C4_post	chr14	97371939	97479339	59	0.590909	0.224838	3	HET	2	1	1	NA	NA	2.3457154904664	0.592844735864737	2	NEUT	1	1
IIICF_E6E7_C4_post	chr14	97481950	100651324	824	0.578947	0.33374	5	GAIN	3	1	2	1	1	2.53355266427961	0.580503396505359	3	GAIN	2	1
IIICF_E6E7_C4_post	chr14	101027448	101227589	81	0.565217	0.236406	3	HET	2	1	1	NA	NA	2.36500191855211	0.566594348599517	2	NEUT	1	1
IIICF_E6E7_C4_post	chr14	101233246	103480056	676	0.571429	0.309125	5	GAIN	3	1	2	1	1	2.48984735970601	0.572861901701941	3	GAIN	2	1
IIICF_E6E7_C4_post	chr14	103519107	103816225	123	0.571429	0.264992	3	HET	2	1	1	NA	NA	2.41332967475679	0.572907333671779	2	NEUT	1	1
IIICF_E6E7_C4_post	chr14	103822687	104549879	362	0.576923	0.32005	5	GAIN	3	1	2	1	1	2.50915330077926	0.578454241070949	3	GAIN	2	1
IIICF_E6E7_C4_post	chr14	104550988	105569998	553	0.576923	0.278736	3	HET	2	1	1	NA	NA	2.43690850342352	0.57849963637435	2	NEUT	1	1
IIICF_E6E7_C4_post	chr14	105580183	106775893	308	0.587596	0.315243	5	GAIN	3	1	2	1	1	2.50064067255393	0.589345635315647	3	GAIN	2	1
IIICF_E6E7_C4_post	chr14	106870007	107019630	427	0.647059	0.261463	3	HET	2	1	1	NA	NA	2.40731157532399	0.650110222345346	2	NEUT	1	1
IIICF_E6E7_C4_post	chr14	107021515	107029994	206	0.581607	0.335527	5	GAIN	3	1	2	1	1	2.53675470993961	0.583213806164771	3	GAIN	2	1
IIICF_E6E7_C4_post	chr14	107031802	107268223	820	0.6	0.21843	3	HET	2	1	1	NA	NA	2.33509830115154	0.602138993101916	2	NEUT	1	1
IIICF_E6E7_C4_post	chr15	21910347	61373673	11993	0.571429	0.435649	5	GAIN	3	1	2	1	1	2.72264574221815	0.572739382200656	3	GAIN	2	1
IIICF_E6E7_C4_post	chr15	61377621	63379754	830	0.588235	0.296267	3	HET	2	1	1	NA	NA	2.4673120436417	0.590021205257184	2	NEUT	1	1
IIICF_E6E7_C4_post	chr15	63388274	64179824	466	0.591751	0.3359	5	GAIN	3	1	2	1	1	2.53742357249796	0.593557060889931	3	GAIN	2	1
IIICF_E6E7_C4_post	chr15	64182298	65167333	155	0.586207	0.237778	3	HET	2	1	1	NA	NA	2.36729962292436	0.588025879193	2	NEUT	1	1
IIICF_E6E7_C4_post	chr15	65170437	66509102	205	0.608696	0.318505	5	GAIN	3	1	2	1	1	2.50641419484925	0.610862083892294	3	GAIN	2	1
IIICF_E6E7_C4_post	chr15	66512166	67059689	160	0.604348	0.269208	3	HET	2	1	1	NA	NA	2.42053865919066	0.606501211338675	2	NEUT	1	1
IIICF_E6E7_C4_post	chr15	67061467	68229581	627	0.6	0.321156	5	GAIN	3	1	2	1	1	2.51111591289931	0.601989059578175	3	GAIN	2	1
IIICF_E6E7_C4_post	chr15	68232499	70579752	977	0.6	0.253126	3	HET	2	1	1	NA	NA	2.39315259470824	0.602087104336557	2	NEUT	1	1
IIICF_E6E7_C4_post	chr15	70580177	73563495	942	0.590909	0.314044	5	GAIN	3	1	2	1	1	2.49852180141147	0.592726348802319	3	GAIN	2	1
IIICF_E6E7_C4_post	chr15	73572762	75666546	264	0.591751	0.216992	3	HET	2	1	1	NA	NA	2.33272220142354	0.593715546602541	2	NEUT	1	1
IIICF_E6E7_C4_post	chr15	76084875	77819676	235	0.588235	0.332458	5	GAIN	3	1	2	1	1	2.53125794772273	0.58997608124675	3	GAIN	2	1
IIICF_E6E7_C4_post	chr15	77869917	78817929	309	0.6	0.248479	3	HET	2	1	1	NA	NA	2.38529589498822	0.60209397885141	2	NEUT	1	1
IIICF_E6E7_C4_post	chr15	78822660	78915864	54	0.583426	0.344035	5	GAIN	3	1	2	1	1	2.55205432847476	0.585058773930023	3	GAIN	2	1
IIICF_E6E7_C4_post	chr15	78920935	81344881	804	0.6	0.252152	3	HET	2	1	1	NA	NA	2.39150375248066	0.602088543308066	2	NEUT	1	1
IIICF_E6E7_C4_post	chr15	81348200	86859476	980	0.59375	0.30623	5	GAIN	3	1	2	1	1	2.48475596206968	0.595634525797518	3	GAIN	2	1
IIICF_E6E7_C4_post	chr15	86874161	87019438	109	0.6	0.257397	3	HET	2	1	1	NA	NA	2.40039594214887	0.602080806366465	2	NEUT	1	1
IIICF_E6E7_C4_post	chr15	87034857	87336686	232	0.6	0.302436	5	GAIN	3	1	2	1	1	2.47809895477948	0.602015560818839	3	GAIN	2	1
IIICF_E6E7_C4_post	chr15	87341968	89181102	265	0.590909	0.254137	3	HET	2	1	1	NA	NA	2.39486525044259	0.592805008805725	2	NEUT	1	1
IIICF_E6E7_C4_post	chr15	89208619	89219986	32	0.590326	0.435953	5	GAIN	3	1	2	1	1	2.72323003561285	0.591982696679484	3	GAIN	2	1
IIICF_E6E7_C4_post	chr15	89221246	91668642	882	0.6	0.271825	3	HET	2	1	1	NA	NA	2.42502410467003	0.602059674025029	2	NEUT	1	1
IIICF_E6E7_C4_post	chr15	91675359	91979779	135	0.590909	0.326432	5	GAIN	3	1	2	1	1	2.52049898286053	0.592710502652546	3	GAIN	2	1
IIICF_E6E7_C4_post	chr15	91984493	94148668	965	0.6	0.273276	3	HET	2	1	1	NA	NA	2.4275145758808	0.60205756093417	2	NEUT	1	1
IIICF_E6E7_C4_post	chr15	94151736	95078995	414	0.590909	0.313678	5	GAIN	3	1	2	1	1	2.49787535745266	0.59272681912769	3	GAIN	2	1
IIICF_E6E7_C4_post	chr15	95080451	97738587	648	0.590909	0.249158	3	HET	2	1	1	NA	NA	2.38644230462855	0.592811700766977	2	NEUT	1	1
IIICF_E6E7_C4_post	chr15	97741226	98220344	114	0.60303	0.34867	5	GAIN	3	1	2	1	1	2.56042731969887	0.605039859964143	3	GAIN	2	1
IIICF_E6E7_C4_post	chr15	98221417	98689116	377	0.6	0.273266	3	HET	2	1	1	NA	NA	2.42749740348115	0.602057575489595	2	NEUT	1	1
IIICF_E6E7_C4_post	chr15	98690126	98799993	140	0.595455	0.307351	5	GAIN	3	1	2	1	1	2.48672623769936	0.597372278742801	3	GAIN	2	1
IIICF_E6E7_C4_post	chr15	98800118	99614558	359	0.588235	0.282366	3	HET	2	1	1	NA	NA	2.44317362099067	0.59003885286809	2	NEUT	1	1
IIICF_E6E7_C4_post	chr15	99640612	99907898	132	0.585784	0.364163	5	GAIN	3	1	2	1	1	2.58861101171717	0.587439213617302	3	GAIN	2	1
IIICF_E6E7_C4_post	chr15	99940716	102110442	1105	0.6	0.238276	3	HET	2	1	1	NA	NA	2.36813416998314	0.602109153789413	2	NEUT	1	1
IIICF_E6E7_C4_post	chr16	94168	1186264	438	0.578947	0.210021	3	HET	2	1	1	NA	NA	2.32123708015457	0.580645754748725	2	NEUT	1	1
IIICF_E6E7_C4_post	chr16	1250559	1659128	99	0.571429	0.321047	5	GAIN	3	1	2	1	1	2.51092242406848	0.57284987484866	3	GAIN	2	1
IIICF_E6E7_C4_post	chr16	1660274	2950185	273	0.594595	0.249905	3	HET	2	1	1	NA	NA	2.38770414753958	0.596573801448585	2	NEUT	1	1
IIICF_E6E7_C4_post	chr16	2950833	3447282	211	0.571429	0.308161	5	GAIN	3	1	2	1	1	2.48815085111932	0.572862878704617	3	GAIN	2	1
IIICF_E6E7_C4_post	chr16	3449479	4209841	151	0.590909	0.231428	3	HET	2	1	1	NA	NA	2.35668352697389	0.592835726924253	2	NEUT	1	1
IIICF_E6E7_C4_post	chr16	4210803	6203738	855	0.583333	0.311781	5	GAIN	3	1	2	1	1	2.49452742612369	0.585001565599211	3	GAIN	2	1
IIICF_E6E7_C4_post	chr16	6234043	6348570	119	0.578947	0.226595	3	HET	2	1	1	NA	NA	2.34863484906386	0.580625938092229	2	NEUT	1	1
IIICF_E6E7_C4_post	chr16	6353397	6949509	526	0.578947	0.32308	5	GAIN	3	1	2	1	1	2.51453366453022	0.580515168511105	3	GAIN	2	1
IIICF_E6E7_C4_post	chr16	6950592	7279002	415	0.578947	0.286964	3	HET	2	1	1	NA	NA	2.45113209997229	0.580555731129943	2	NEUT	1	1
IIICF_E6E7_C4_post	chr16	7280317	7609702	162	0.571429	0.337066	5	GAIN	3	1	2	1	1	2.53951555601068	0.572833876812371	3	GAIN	2	1
IIICF_E6E7_C4_post	chr16	7611156	7629406	91	0.583333	0.123223	3	HET	2	1	1	NA	NA	2.18278430801124	0.585239868504709	2	NEUT	1	1
IIICF_E6E7_C4_post	chr16	7630143	8099536	249	0.571429	0.347596	5	GAIN	3	1	2	1	1	2.55848477515588	0.572823460719071	3	GAIN	2	1
IIICF_E6E7_C4_post	chr16	8111100	8179165	132	0.578947	0.275296	3	HET	2	1	1	NA	NA	2.43098584222413	0.58056906313354	2	NEUT	1	1
IIICF_E6E7_C4_post	chr16	8180406	8809702	489	0.583333	0.373114	5	GAIN	3	1	2	1	1	2.60503246990856	0.584930785324213	3	GAIN	2	1
IIICF_E6E7_C4_post	chr16	8812592	9109783	178	0.571429	0.292645	3	HET	2	1	1	NA	NA	2.4610001907607	0.572878697782507	2	NEUT	1	1
IIICF_E6E7_C4_post	chr16	9110242	10950242	676	0.576923	0.337056	5	GAIN	3	1	2	1	1	2.53949760728208	0.578435944362083	3	GAIN	2	1
IIICF_E6E7_C4_post	chr16	10952048	11504940	468	0.576923	0.270441	3	HET	2	1	1	NA	NA	2.42265096394754	0.578508915034662	2	NEUT	1	1
IIICF_E6E7_C4_post	chr16	11601329	11739196	171	0.583333	0.307722	5	GAIN	3	1	2	1	1	2.48737864654575	0.58500636109253	3	GAIN	2	1
IIICF_E6E7_C4_post	chr16	11740427	12728628	214	0.574176	0.273568	3	HET	2	1	1	NA	NA	2.42801606243684	0.575701901171206	2	NEUT	1	1
IIICF_E6E7_C4_post	chr16	12730369	27146981	4187	0.576923	0.328878	5	GAIN	3	1	2	1	1	2.52486071214517	0.578444715066887	3	GAIN	2	1
IIICF_E6E7_C4_post	chr16	27168533	27829674	263	0.566667	0.246332	3	HET	2	1	1	NA	NA	2.38167449262811	0.568065115526902	2	NEUT	1	1
IIICF_E6E7_C4_post	chr16	27832537	33613102	1565	0.603448	0.434169	5	GAIN	3	1	2	1	1	2.71980291406302	0.605347762084792	3	GAIN	2	1
IIICF_E6E7_C4_post	chr16	33892028	33949452	233	0.653846	0.257966	3	HET	2	1	1	NA	NA	2.40136255006881	0.657045948785203	2	NEUT	1	1
IIICF_E6E7_C4_post	chr16	33950086	33959274	229	0.666667	0.333533	5	GAIN	3	1	2	1	1	2.53318200646641	0.669953228634729	3	GAIN	2	1
IIICF_E6E7_C4_post	chr16	33960165	46500472	1557	0.668342	0.227249	3	HET	2	1	1	NA	NA	2.34972241676145	0.671920413093629	2	NEUT	1	1
IIICF_E6E7_C4_post	chr16	46935847	47859931	24	1	-0.449132	1	DLOH	1	0	1	1	1	1.45160502160039	1	1	HETD	1	0
IIICF_E6E7_C4_post	chr16	48280980	48281323	16	0.666667	-0.393155	3	HET	2	1	1	NA	NA	1.51101074031892	0.672176302498321	2	NEUT	1	1
IIICF_E6E7_C4_post	chr16	48484746	69970000	5590	1	-0.510731	1	DLOH	1	0	1	1	1	1.38884239760924	1	1	HETD	1	0
IIICF_E6E7_C4_post	chr16	70190003	70199541	24	0.589572	-0.469017	3	HET	2	1	1	NA	NA	1.4310507515809	0.592698308181924	2	NEUT	1	1
IIICF_E6E7_C4_post	chr16	70531366	90143727	5605	1	-0.512572	1	DLOH	1	0	1	1	1	1.38700755174075	1	1	HETD	1	0
IIICF_E6E7_C4_post	chr17	828	57929535	17224	0.6	0.08645	3	HET	2	1	1	NA	NA	2.12659315177116	0.602348714023789	2	NEUT	1	1
IIICF_E6E7_C4_post	chr17	57930646	79610124	7913	0.576923	0.345117	5	GAIN	3	1	2	1	1	2.55400652350086	0.578427349559059	3	GAIN	2	1
IIICF_E6E7_C4_post	chr17	79610768	80089785	114	0.589572	0.230192	3	HET	2	1	1	NA	NA	2.35462257706461	0.591472052142961	2	NEUT	1	1
IIICF_E6E7_C4_post	chr17	80091717	80109806	47	0.555556	0.421485	5	GAIN	3	1	2	1	1	2.69555833706647	0.556585429918068	3	GAIN	2	1
IIICF_E6E7_C4_post	chr17	80110394	80119842	48	0.566964	0.175588	3	HET	2	1	1	NA	NA	2.26531371106461	0.568440480059488	2	NEUT	1	1
IIICF_E6E7_C4_post	chr17	80120063	80878263	299	0.578947	0.338542	5	GAIN	3	1	2	1	1	2.54216615319487	0.5804981230483	3	GAIN	2	1
IIICF_E6E7_C4_post	chr17	80884247	81108721	75	0.583333	0.191504	3	HET	2	1	1	NA	NA	2.29099738830492	0.585149799386488	2	NEUT	1	1
IIICF_E6E7_C4_post	chr18	131139	13936785	5619	0.68	-0.032632	3	HET	2	1	1	NA	NA	1.95415314345842	0.684600748163123	2	NEUT	1	1
IIICF_E6E7_C4_post	chr18	19728805	19999749	91	1	-0.469496	1	DLOH	1	0	1	1	1	1.4305591158346	1	1	HETD	1	0
IIICF_E6E7_C4_post	chr18	20075297	20179381	95	1	-0.2846	2	NLOH	2	0	2	1	1	1.63299623913822	1	2	NEUT	2	0
IIICF_E6E7_C4_post	chr18	20183928	28787634	1806	1	-0.39659	1	DLOH	1	0	1	1	1	1.50729858109274	1	1	HETD	1	0
IIICF_E6E7_C4_post	chr18	28850260	28851179	8	0.66129	-0.243323	3	HET	2	1	1	NA	NA	1.68184244417929	0.666080012925741	2	NEUT	1	1
IIICF_E6E7_C4_post	chr18	28942743	30309466	329	1	-0.387474	1	DLOH	1	0	1	1	1	1.51716955188663	1	1	HETD	1	0
IIICF_E6E7_C4_post	chr18	30311245	32632790	286	1	-0.34028	2	NLOH	2	0	2	1	1	1.56928140050098	1	2	NEUT	2	0
IIICF_E6E7_C4_post	chr18	32646329	34289364	395	1	-0.426497	1	DLOH	1	0	1	1	1	1.47534923983951	1	1	HETD	1	0
IIICF_E6E7_C4_post	chr18	34291197	34668147	272	1	-0.35898	2	NLOH	2	0	2	1	1	1.54842863071918	1	2	NEUT	2	0
IIICF_E6E7_C4_post	chr18	34701175	35839365	277	1	-0.429144	1	DLOH	1	0	1	1	1	1.47255325109915	1	1	HETD	1	0
IIICF_E6E7_C4_post	chr18	35890715	43303114	1445	1	-0.332699	2	NLOH	2	0	2	1	1	1.57781243666065	1	2	NEUT	2	0
IIICF_E6E7_C4_post	chr18	43558163	45358227	468	0.944444	-0.359176	1	DLOH	1	0	1	1	1	1.54821149511469	0.958782420470505	1	HETD	1	0
IIICF_E6E7_C4_post	chr18	45360991	45989199	180	0.947368	-0.291635	2	NLOH	2	0	2	1	1	1.62480969247836	0.961120351586439	2	NEUT	2	0
IIICF_E6E7_C4_post	chr18	46077295	46599146	192	0.941176	-0.379866	1	DLOH	1	0	1	1	1	1.52545551599764	0.955621310554017	1	HETD	1	0
IIICF_E6E7_C4_post	chr18	46613504	47019276	327	0.944444	-0.289012	2	NLOH	2	0	2	1	1	1.62785738035622	0.958080887151235	2	NEUT	2	0
IIICF_E6E7_C4_post	chr18	47026587	47289416	130	0.928571	-0.317709	1	DLOH	1	0	1	1	1	1.59481348283462	0.941993315213284	1	HETD	1	0
IIICF_E6E7_C4_post	chr18	47344725	47350848	14	0.697917	-0.30385	3	HET	2	1	1	NA	NA	1.61068972929852	0.704054418836062	2	NEUT	1	1
IIICF_E6E7_C4_post	chr18	47483006	47709926	74	0.941176	-0.428372	1	DLOH	1	0	1	1	1	1.47336817396878	0.956131989313633	1	HETD	1	0
IIICF_E6E7_C4_post	chr18	47710277	47965828	127	0.954545	-0.260579	2	NLOH	2	0	2	1	1	1.66125198026235	0.968211456555997	2	NEUT	2	0
IIICF_E6E7_C4_post	chr18	47974811	47976134	31	0.695652	-0.317407	3	HET	2	1	1	NA	NA	1.59515781744665	0.701778256651114	2	NEUT	1	1
IIICF_E6E7_C4_post	chr18	47985176	48925760	195	0.9375	-0.301553	2	NLOH	2	0	2	1	1	1.61333583402801	0.951044651310262	2	NEUT	2	0
IIICF_E6E7_C4_post	chr18	48944611	49280770	110	0.928571	-0.368037	1	DLOH	1	0	1	1	1	1.53842572125794	0.942485281968386	1	HETD	1	0
IIICF_E6E7_C4_post	chr18	49303801	49303808	2	0.596675	-0.373829	3	HET	2	1	1	NA	NA	1.53206164896108	0.599826755296345	2	NEUT	1	1
IIICF_E6E7_C4_post	chr18	49479794	51469572	682	0.941176	-0.296863	2	NLOH	2	0	2	1	1	1.61875173444355	0.954788759879142	2	NEUT	2	0
IIICF_E6E7_C4_post	chr18	51470619	51479995	45	0.941176	-0.546303	1	DLOH	1	0	1	1	1	1.35380046631583	0.957452902847354	1	HETD	1	0
IIICF_E6E7_C4_post	chr18	51480178	59270925	2617	0.944444	-0.297692	2	NLOH	2	0	2	1	1	1.61779314352302	0.958165721768384	2	NEUT	2	0
IIICF_E6E7_C4_post	chr18	59273221	61136536	591	0.9375	-0.372182	1	DLOH	1	0	1	1	1	1.53386872321294	0.951746376490738	1	HETD	1	0
IIICF_E6E7_C4_post	chr18	61137908	64740083	1251	0.941176	-0.277323	2	NLOH	2	0	2	1	1	1.64150650671779	0.954600058067845	2	NEUT	2	0
IIICF_E6E7_C4_post	chr18	64744686	64744697	2	0.606636	-0.372192	3	HET	2	1	1	NA	NA	1.53385774507286	0.610108428517784	2	NEUT	1	1
IIICF_E6E7_C4_post	chr18	64767114	71252949	1876	0.944444	-0.28198	2	NLOH	2	0	2	1	1	1.63605531877237	0.958012555500238	2	NEUT	2	0
IIICF_E6E7_C4_post	chr18	71365907	76170182	1845	0.9375	-0.377503	1	DLOH	1	0	1	1	1	1.52803799379246	0.951800738206139	1	HETD	1	0
IIICF_E6E7_C4_post	chr18	76256215	76323662	40	0.555556	0.373	5	GAIN	3	1	2	1	1	2.60482268491552	0.556621288786889	3	GAIN	2	1
IIICF_E6E7_C4_post	chr18	76338532	77019645	206	1	-0.467569	1	DLOH	1	0	1	1	1	1.43253794193353	1	1	HETD	1	0
IIICF_E6E7_C4_post	chr18	77022741	77390784	147	0.727273	0.018346	3	HET	2	1	1	NA	NA	2.02623456592074	0.732875381468133	2	NEUT	1	1
IIICF_E6E7_C4_post	chr18	77396601	78002055	107	1	-0.465894	1	DLOH	1	0	1	1	1	1.4342601391126	1	1	HETD	1	0
IIICF_E6E7_C4_post	chr19	288367	7858023	1377	1	-0.238431	2	NLOH	2	0	2	1	1	1.68772469681972	1	2	NEUT	2	0
IIICF_E6E7_C4_post	chr19	7861536	7862405	31	0.555556	-0.294508	3	HET	2	1	1	NA	NA	1.62147787958435	0.557267332872938	2	NEUT	1	1
IIICF_E6E7_C4_post	chr19	7865959	8988850	185	1	-0.210967	2	NLOH	2	0	2	1	1	1.72112092565917	1	2	NEUT	2	0
IIICF_E6E7_C4_post	chr19	8999311	9019605	49	0.733333	-0.277483	3	HET	2	1	1	NA	NA	1.64131892885722	0.740433643989601	2	NEUT	1	1
IIICF_E6E7_C4_post	chr19	9037160	16159493	1258	1	-0.208048	2	NLOH	2	0	2	1	1	1.72470795018761	1	2	NEUT	2	0
IIICF_E6E7_C4_post	chr19	16168024	16168187	10	0.727273	-0.160774	3	HET	2	1	1	NA	NA	1.78382282267837	0.733636714399147	2	NEUT	1	1
IIICF_E6E7_C4_post	chr19	16183418	20612299	627	1	-0.213068	2	NLOH	2	0	2	1	1	1.71854359177852	1	2	NEUT	2	0
IIICF_E6E7_C4_post	chr19	20688241	20688324	10	0.727273	-0.295423	3	HET	2	1	1	NA	NA	1.6204181480511	0.734278438069092	2	NEUT	1	1
IIICF_E6E7_C4_post	chr19	20820472	20883071	65	1	-0.229643	2	NLOH	2	0	2	1	1	1.69834181818325	1	2	NEUT	2	0
IIICF_E6E7_C4_post	chr19	20883303	20883885	8	0.654872	-0.153153	3	HET	2	1	1	NA	NA	1.7935352987989	0.659184980853552	2	NEUT	1	1
IIICF_E6E7_C4_post	chr19	20885474	22443852	339	1	-0.241693	2	NLOH	2	0	2	1	1	1.68380017809459	1	2	NEUT	2	0
IIICF_E6E7_C4_post	chr19	22484415	22485574	66	0.592593	-0.240613	3	HET	2	1	1	NA	NA	1.68509854578093	0.5953375263419	2	NEUT	1	1
IIICF_E6E7_C4_post	chr19	22665616	23679783	88	1	-0.23165	2	NLOH	2	0	2	1	1	1.69591138261755	1	2	NEUT	2	0
IIICF_E6E7_C4_post	chr19	28682204	58979063	9139	0.575758	0.479385	5	GAIN	3	1	2	1	1	2.80798527303453	0.577105560359238	3	GAIN	2	1
IIICF_E6E7_C4_post	chr20	65900	62897889	20428	0.583333	0.180228	3	HET	2	1	1	NA	NA	2.272772048556	0.585164368285334	2	NEUT	1	1
IIICF_E6E7_C4_post	chr21	15416327	47606966	12780	0.608696	0.033247	3	HET	2	1	1	NA	NA	2.04778971766808	0.611347201619013	2	NEUT	1	1
IIICF_E6E7_C4_post	chr22	17404911	51174048	11096	0.583333	0.177424	3	HET	2	1	1	NA	NA	2.26826203043511	0.585168009621318	2	NEUT	1	1
IIICF_E6E7_C4_post	chrX	2700027	22765899	1597	0.769231	-0.741194	1	DLOH	1	0	1	1	1	1.17642131689527	0.780661802754749	1	HETD	1	0
IIICF_E6E7_C4_post	chrX	22766594	22895453	63	0.75	-0.607526	3	HET	2	1	1	NA	NA	1.29547652777429	0.759638845342572	1	HLAMP	1	1
IIICF_E6E7_C4_post	chrX	22966777	26415560	189	0.789474	-0.696919	1	DLOH	1	0	1	1	1	1.21464092738139	0.80137754186198	1	HETD	1	0
IIICF_E6E7_C4_post	chrX	26426758	26644357	37	0.727273	-0.642665	3	HET	2	1	1	NA	NA	1.26310256548446	0.736260187020597	1	HLAMP	1	1
IIICF_E6E7_C4_post	chrX	26645262	26848733	66	0.8125	-0.732271	1	DLOH	1	0	1	1	1	1.18402985505504	0.825682625677509	1	HETD	1	0
IIICF_E6E7_C4_post	chrX	26850484	26997673	87	0.733333	-0.633278	3	HET	2	1	1	NA	NA	1.27167387632662	0.74249763065269	1	HLAMP	1	1
IIICF_E6E7_C4_post	chrX	26999741	27149181	38	0.773504	-0.663587	1	DLOH	1	0	1	1	1	1.24419808679894	0.784483655276516	1	HETD	1	0
IIICF_E6E7_C4_post	chrX	27150011	27238734	50	0.727273	-0.719025	3	HET	2	1	1	NA	NA	1.19541170042255	0.736769091579322	1	HLAMP	1	1
IIICF_E6E7_C4_post	chrX	27253958	27556909	146	0.8	-0.714669	1	DLOH	1	0	1	1	1	1.19917755726043	0.812495461897745	1	HETD	1	0
IIICF_E6E7_C4_post	chrX	27560995	154899846	11966	0.6	-0.030172	3	HET	2	1	1	NA	NA	1.95757333505018	0.60255150551401	2	HLAMP	1	1
