Sample	Chromosome	Start_Position.bp.	End_Position.bp.	Length.snp.	Median_Ratio	Median_logR	TITAN_state	TITAN_call	Copy_Number	MinorCN	MajorCN	Clonal_Cluster	Cellular_Prevalence	logR_Copy_Number	Corrected_Ratio	Corrected_Copy_Number	Corrected_Call	Corrected_MajorCN	Corrected_MinorCN
IIICF_T_B1	chr1	820979	3129343	1526	0.558824	0.20892	5	GAIN	3	1	2	1	1	2.5609517623747	0.595573915175401	3	GAIN	2	1
IIICF_T_B1	chr1	3130016	3169591	78	0.558482	0.135693	3	HET	2	1	1	NA	NA	2.35502737516817	0.598212995140329	2	NEUT	1	1
IIICF_T_B1	chr1	3180158	4277935	761	0.555556	0.198464	5	GAIN	3	1	2	1	1	2.53090453358972	0.590676314131224	3	GAIN	2	1
IIICF_T_B1	chr1	4279625	4578546	386	0.559412	0.098475	3	HET	2	1	1	NA	NA	2.2543037455867	0.601578244826973	2	NEUT	1	1
IIICF_T_B1	chr1	4580171	4609256	83	0.564103	0.177341	5	GAIN	3	1	2	1	1	2.47086403863516	0.605611084529613	3	GAIN	2	1
IIICF_T_B1	chr1	4610733	5731021	915	0.56	0.084021	3	HET	2	1	1	NA	NA	2.21588185343565	0.603321933936657	2	NEUT	1	1
IIICF_T_B1	chr1	5731048	5732204	63	0.674797	0.030577	1	DLOH	1	0	1	1	1	2.07711267977048	0.809437930401885	1	HETD	1	0
IIICF_T_B1	chr1	5732247	5989981	289	0.571429	0.058624	3	HET	2	1	1	NA	NA	2.14929649600062	0.624600807735545	2	NEUT	1	1
IIICF_T_B1	chr1	5990302	13189595	3803	0.555556	0.210952	5	GAIN	3	1	2	1	1	2.56681640117758	0.590184952119455	3	GAIN	2	1
IIICF_T_B1	chr1	13781792	15381694	1047	0.55814	0.102168	3	HET	2	1	1	NA	NA	2.2641824434703	0.599223439467961	2	NEUT	1	1
IIICF_T_B1	chr1	15385462	16932105	1196	0.558824	0.227624	5	GAIN	3	1	2	1	1	2.61524733920737	0.594810944188647	3	GAIN	2	1
IIICF_T_B1	chr1	16932130	16935384	27	0.834483	0.296959	4	ALOH	3	0	3	1	1	2.82277329391949	1	3	GAIN	3	0
IIICF_T_B1	chr1	16935777	16939717	23	0.66087	0.296959	5	GAIN	3	1	2	1	1	2.82277329391949	0.752050558529344	3	GAIN	2	1
IIICF_T_B1	chr1	16939857	16941207	9	0.811966	0.256419	4	ALOH	3	0	3	1	1	2.70022416793338	0.996812244180153	3	GAIN	3	0
IIICF_T_B1	chr1	16941826	16946630	26	0.643382	0.256419	5	GAIN	3	1	2	1	1	2.70022416793338	0.728338771516892	3	GAIN	2	1
IIICF_T_B1	chr1	16946723	16949212	21	0.811321	0.256419	4	ALOH	3	0	3	1	1	2.70022416793338	0.995785068470312	3	GAIN	3	0
IIICF_T_B1	chr1	16949745	17037121	86	0.724634	0.256419	5	GAIN	3	1	2	1	1	2.70022416793338	0.857734245588187	3	GAIN	2	1
IIICF_T_B1	chr1	17037237	17047817	50	0.764533	0.189821	2	NLOH	2	0	2	1	1	2.5062311690552	0.933406660265105	2	NEUT	2	0
IIICF_T_B1	chr1	17047925	31116388	9980	0.555556	0.245995	5	GAIN	3	1	2	1	1	2.66926589773534	0.588855853091153	3	GAIN	2	1
IIICF_T_B1	chr1	31121171	31129336	62	0.553897	0.023328	3	HET	2	1	1	NA	NA	2.05868322171284	0.595783903241559	2	NEUT	1	1
IIICF_T_B1	chr1	31130554	34548951	2165	0.555556	0.258188	5	GAIN	3	1	2	1	1	2.70550016357905	0.588409874286308	3	GAIN	2	1
IIICF_T_B1	chr1	34570584	34619711	78	0.564103	0.08379	3	HET	2	1	1	NA	NA	2.21527092470506	0.610400196533875	2	NEUT	1	1
IIICF_T_B1	chr1	34620210	98478981	37903	0.553191	0.296396	5	GAIN	3	1	2	1	1	2.82104770349962	0.583357915821323	3	GAIN	2	1
IIICF_T_B1	chr1	98480128	98495513	48	0.551786	0.608035	8	BCNA	4	2	2	1	1	3.88702206858724	0.573101648349118	4	AMP	2	2
IIICF_T_B1	chr1	98497176	145077538	13701	0.552632	0.320005	5	GAIN	3	1	2	1	1	2.89399018436619	0.581729522045728	3	GAIN	2	1
IIICF_T_B1	chr1	145077963	145079845	19	0.731959	0.347585	10	ASCNA	5	1	4	1	1	2.98072704102467	0.856465552100983	5	HLAMP	4	1
IIICF_T_B1	chr1	145080207	145111485	159	0.653595	0.402008	5	GAIN	3	1	2	1	1	3.15682475332363	0.731439832992889	3	GAIN	2	1
IIICF_T_B1	chr1	145111545	145114532	37	0.740196	0.388822	10	ASCNA	5	1	4	1	1	3.11354678590402	0.863623962822169	5	HLAMP	4	1
IIICF_T_B1	chr1	145114600	152259742	2329	0.56338	0.254914	5	GAIN	3	1	2	1	1	2.69574063564345	0.600996407444587	3	GAIN	2	1
IIICF_T_B1	chr1	152280032	152286367	21	0.666667	-0.063397	1	DLOH	1	0	1	1	1	1.8452317231694	0.811178328025131	1	HETD	1	0
IIICF_T_B1	chr1	152293202	157419863	2414	0.55814	0.217105	5	GAIN	3	1	2	1	1	2.58462528658863	0.594129898746022	3	GAIN	2	1
IIICF_T_B1	chr1	157420307	157678431	218	0.551372	0.111869	3	HET	2	1	1	NA	NA	2.29025319786071	0.587259744304387	2	NEUT	1	1
IIICF_T_B1	chr1	157686337	161688764	2816	0.555556	0.205374	5	GAIN	3	1	2	1	1	2.55073726977933	0.590403243308403	3	GAIN	2	1
IIICF_T_B1	chr1	161690781	161700088	22	0.56125	-0.075369	3	HET	2	1	1	NA	NA	1.81676076475911	0.615190073904197	2	NEUT	1	1
IIICF_T_B1	chr1	161700415	170555234	6452	0.555556	0.211349	5	GAIN	3	1	2	1	1	2.56796316409036	0.590169488035486	3	GAIN	2	1
IIICF_T_B1	chr1	170559256	170979785	295	0.552632	0.110362	3	HET	2	1	1	NA	NA	2.28619173143581	0.589465281317499	2	NEUT	1	1
IIICF_T_B1	chr1	170981149	175285439	2066	0.555556	0.22655	5	GAIN	3	1	2	1	1	2.61211055395932	0.589584484024568	3	GAIN	2	1
IIICF_T_B1	chr1	175289242	176013345	714	0.558824	0.091692	3	HET	2	1	1	NA	NA	2.23622510796928	0.600910442773657	2	NEUT	1	1
IIICF_T_B1	chr1	176018764	176299972	172	0.568627	0.165064	5	GAIN	3	1	2	1	1	2.4363694356404	0.613693627347442	3	GAIN	2	1
IIICF_T_B1	chr1	176314523	177231312	271	0.552632	0.080119	3	HET	2	1	1	NA	NA	2.20557530078887	0.590811582061694	2	NEUT	1	1
IIICF_T_B1	chr1	177250670	181504203	2806	0.553191	0.222738	5	GAIN	3	1	2	1	1	2.60099584493892	0.585910125163158	3	GAIN	2	1
IIICF_T_B1	chr1	181523840	182409618	502	0.555556	0.10041	3	HET	2	1	1	NA	NA	2.25947667645037	0.594895269655773	2	NEUT	1	1
IIICF_T_B1	chr1	182410409	186454444	1610	0.555556	0.201885	5	GAIN	3	1	2	1	1	2.54071144385917	0.590540752979582	3	GAIN	2	1
IIICF_T_B1	chr1	186458717	186940071	482	0.560976	0.125068	3	HET	2	1	1	NA	NA	2.32600727825801	0.60291818469739	2	NEUT	1	1
IIICF_T_B1	chr1	186941897	187709910	655	0.558824	0.166334	5	GAIN	3	1	2	1	1	2.4399241491201	0.597396822056581	3	GAIN	2	1
IIICF_T_B1	chr1	187710092	187862315	193	0.555556	0.107156	3	HET	2	1	1	NA	NA	2.27756544597877	0.594582831221358	2	NEUT	1	1
IIICF_T_B1	chr1	187864644	190756370	2590	0.555556	0.177201	5	GAIN	3	1	2	1	1	2.47046902469612	0.591535468419663	3	GAIN	2	1
IIICF_T_B1	chr1	190760498	190839062	159	0.560976	0.094088	3	HET	2	1	1	NA	NA	2.24260142697773	0.604478080083684	2	NEUT	1	1
IIICF_T_B1	chr1	190840558	195009142	3312	0.555556	0.190024	5	GAIN	3	1	2	1	1	2.50680898417838	0.591013892012041	3	GAIN	2	1
IIICF_T_B1	chr1	195012070	195139293	245	0.547619	0.15013	3	HET	2	1	1	NA	NA	2.39480326587315	0.579432658547382	2	NEUT	1	1
IIICF_T_B1	chr1	195150562	207849916	6287	0.55814	0.210277	5	GAIN	3	1	2	1	1	2.56486733962038	0.594407139794645	3	GAIN	2	1
IIICF_T_B1	chr1	207850717	208072697	267	0.5625	0.112593	3	HET	2	1	1	NA	NA	2.292205935804	0.606124410445326	2	NEUT	1	1
IIICF_T_B1	chr1	208076291	213079861	3269	0.555556	0.19919	5	GAIN	3	1	2	1	1	2.53298379940298	0.590647484705414	3	GAIN	2	1
IIICF_T_B1	chr1	213090297	213154214	38	0.555666	0.014433	3	HET	2	1	1	NA	NA	2.03619522681944	0.599405497213264	2	NEUT	1	1
IIICF_T_B1	chr1	213167762	214576614	428	0.558824	0.175246	5	GAIN	3	1	2	1	1	2.46495694039185	0.59700509699742	3	GAIN	2	1
IIICF_T_B1	chr1	214656066	214656697	22	0.79661	0.292402	4	ALOH	3	0	3	1	1	2.8088254404693	0.965562345440188	3	GAIN	3	0
IIICF_T_B1	chr1	215017312	215189868	27	0.558824	0.336605	5	GAIN	3	1	2	1	1	2.94599704436949	0.590770657996633	3	GAIN	2	1
IIICF_T_B1	chr1	215189986	215199729	44	0.550862	0.019457	3	HET	2	1	1	NA	NA	2.04887966687184	0.590579341155331	2	NEUT	1	1
IIICF_T_B1	chr1	215200303	215919848	504	0.55814	0.171395	5	GAIN	3	1	2	1	1	2.45412094494783	0.596043756354074	3	GAIN	2	1
IIICF_T_B1	chr1	215920209	216085775	162	0.555556	0.120398	3	HET	2	1	1	NA	NA	2.31331954962048	0.593979642021437	2	NEUT	1	1
IIICF_T_B1	chr1	216090175	216811291	470	0.55814	0.179009	5	GAIN	3	1	2	1	1	2.47557329774756	0.595715297182825	3	GAIN	2	1
IIICF_T_B1	chr1	216814562	217599364	752	0.555556	0.103622	3	HET	2	1	1	NA	NA	2.26807880640329	0.594746067825185	2	NEUT	1	1
IIICF_T_B1	chr1	217600228	219939138	1617	0.555556	0.21564	5	GAIN	3	1	2	1	1	2.58037818398591	0.590002951538905	3	GAIN	2	1
IIICF_T_B1	chr1	219950094	221149383	332	0.555556	0.098105	3	HET	2	1	1	NA	NA	2.25331539628361	0.595002835717011	2	NEUT	1	1
IIICF_T_B1	chr1	221150392	221547323	228	0.557916	0.178942	5	GAIN	3	1	2	1	1	2.47538403188273	0.595349390143964	3	GAIN	2	1
IIICF_T_B1	chr1	221570143	221729286	158	0.555556	0.067372	3	HET	2	1	1	NA	NA	2.17209961345431	0.596477770670754	2	NEUT	1	1
IIICF_T_B1	chr1	221730380	222009265	349	0.561404	0.176729	5	GAIN	3	1	2	1	1	2.46913754585116	0.60119222506388	3	GAIN	2	1
IIICF_T_B1	chr1	222032438	223559803	970	0.555556	0.128187	3	HET	2	1	1	NA	NA	2.33450406331302	0.593630965750827	2	NEUT	1	1
IIICF_T_B1	chr1	223580276	226459577	952	0.56	0.200304	5	GAIN	3	1	2	1	1	2.53617633344623	0.597850793732286	3	GAIN	2	1
IIICF_T_B1	chr1	226462222	226903189	385	0.55814	0.124307	3	HET	2	1	1	NA	NA	2.32393694701407	0.598167076672734	2	NEUT	1	1
IIICF_T_B1	chr1	226914734	227798322	1140	0.555556	0.218639	5	GAIN	3	1	2	1	1	2.58907704803599	0.589887215567044	3	GAIN	2	1
IIICF_T_B1	chr1	227800890	228046401	233	0.555556	0.12027	3	HET	2	1	1	NA	NA	2.31297236969138	0.593985409456227	2	NEUT	1	1
IIICF_T_B1	chr1	228097756	228399766	169	0.56	0.184823	5	GAIN	3	1	2	1	1	2.49203057519618	0.598521311986078	3	GAIN	2	1
IIICF_T_B1	chr1	228400646	229219986	603	0.55814	0.126417	3	HET	2	1	1	NA	NA	2.32967997209801	0.598068403675532	2	NEUT	1	1
IIICF_T_B1	chr1	229236001	230179885	295	0.566667	0.149567	5	GAIN	3	1	2	1	1	2.39324465469091	0.611235395675838	3	GAIN	2	1
IIICF_T_B1	chr1	230180071	230889535	471	0.553191	0.108191	3	HET	2	1	1	NA	NA	2.28034819352958	0.590510874587962	2	NEUT	1	1
IIICF_T_B1	chr1	230890246	233435501	1531	0.555556	0.199651	5	GAIN	3	1	2	1	1	2.5343046478087	0.590629195455277	3	GAIN	2	1
IIICF_T_B1	chr1	233475040	233739220	300	0.55814	0.127517	3	HET	2	1	1	NA	NA	2.33267729869864	0.598017098479342	2	NEUT	1	1
IIICF_T_B1	chr1	233740436	234018653	305	0.555556	0.172191	5	GAIN	3	1	2	1	1	2.45635836958589	0.59174215400602	3	GAIN	2	1
IIICF_T_B1	chr1	234020195	234429662	444	0.554374	0.109945	3	HET	2	1	1	NA	NA	2.2850686375551	0.592445081965289	2	NEUT	1	1
IIICF_T_B1	chr1	234448256	234913857	394	0.5625	0.194996	5	GAIN	3	1	2	1	1	2.52098659713811	0.602165475684101	3	GAIN	2	1
IIICF_T_B1	chr1	234913876	234919118	39	0.767677	0.121851	2	NLOH	2	0	2	1	1	2.31726274446382	0.952492743257754	2	NEUT	2	0
IIICF_T_B1	chr1	234919166	236669855	1548	0.558824	0.21319	5	GAIN	3	1	2	1	1	2.57328515099367	0.595397778074778	3	GAIN	2	1
IIICF_T_B1	chr1	236670237	236710370	168	0.5625	0.098903	3	HET	2	1	1	NA	NA	2.25544734155786	0.606835387808105	2	NEUT	1	1
IIICF_T_B1	chr1	236711297	237229965	413	0.555556	0.185364	5	GAIN	3	1	2	1	1	2.49356532101892	0.591202213679091	3	GAIN	2	1
IIICF_T_B1	chr1	237270689	237569833	172	0.550862	0.102047	3	HET	2	1	1	NA	NA	2.2638583701434	0.586807734851873	2	NEUT	1	1
IIICF_T_B1	chr1	237571707	237699529	158	0.55814	0.188799	5	GAIN	3	1	2	1	1	2.50332340348313	0.59529876351865	3	GAIN	2	1
IIICF_T_B1	chr1	237701880	238007729	127	0.55102	0.113309	3	HET	2	1	1	NA	NA	2.29413806054914	0.586601486721406	2	NEUT	1	1
IIICF_T_B1	chr1	238010137	238119629	174	0.555556	0.229411	5	GAIN	3	1	2	1	1	2.62047173052634	0.589475908854715	3	GAIN	2	1
IIICF_T_B1	chr1	238120177	238369768	184	0.565217	0.090294	3	HET	2	1	1	NA	NA	2.23250959049944	0.611955058769284	2	NEUT	1	1
IIICF_T_B1	chr1	238380306	239173375	836	0.553191	0.189626	5	GAIN	3	1	2	1	1	2.50567620152684	0.587154809269351	3	GAIN	2	1
IIICF_T_B1	chr1	239174262	239447763	157	0.56	0.130945	3	HET	2	1	1	NA	NA	2.34203273012091	0.600988448210551	2	NEUT	1	1
IIICF_T_B1	chr1	239460460	241250625	1306	0.552632	0.202653	5	GAIN	3	1	2	1	1	2.54291625176857	0.585746713522771	3	GAIN	2	1
IIICF_T_B1	chr1	241253671	241378981	140	0.552178	0.096429	3	HET	2	1	1	NA	NA	2.2488416142597	0.58930003240699	2	NEUT	1	1
IIICF_T_B1	chr1	241382207	241876841	376	0.563301	0.158458	5	GAIN	3	1	2	1	1	2.41792971408834	0.605187115387731	3	GAIN	2	1
IIICF_T_B1	chr1	241881940	243488186	1026	0.55814	0.102178	3	HET	2	1	1	NA	NA	2.26420922760588	0.599222953477356	2	NEUT	1	1
IIICF_T_B1	chr1	243491353	244859695	725	0.558824	0.193768	5	GAIN	3	1	2	1	1	2.51748042132598	0.596208505253071	3	GAIN	2	1
IIICF_T_B1	chr1	244860899	245103337	107	0.547619	0.091637	3	HET	2	1	1	NA	NA	2.23607886434198	0.581690899074572	2	NEUT	1	1
IIICF_T_B1	chr1	245113826	245248443	142	0.556848	0.173195	5	GAIN	3	1	2	1	1	2.45918220897269	0.593833174167418	3	GAIN	2	1
IIICF_T_B1	chr1	245251020	245994892	489	0.555556	0.127795	3	HET	2	1	1	NA	NA	2.3334351667137	0.593648407075956	2	NEUT	1	1
IIICF_T_B1	chr1	245999343	246049132	165	0.5625	0.17436	5	GAIN	3	1	2	1	1	2.46246133927174	0.603108204065571	3	GAIN	2	1
IIICF_T_B1	chr1	246051742	246248704	301	0.553191	0.103773	3	HET	2	1	1	NA	NA	2.2684836744499	0.590706063281223	2	NEUT	1	1
IIICF_T_B1	chr1	246251530	246379538	243	0.571429	0.200934	5	GAIN	3	1	2	1	1	2.53798289759096	0.616457664361963	3	GAIN	2	1
IIICF_T_B1	chr1	246380012	246487042	210	0.556848	0.082409	3	HET	2	1	1	NA	NA	2.21162061566366	0.597973173849484	2	NEUT	1	1
IIICF_T_B1	chr1	246489196	246818634	235	0.56	0.173969	5	GAIN	3	1	2	1	1	2.4613604947279	0.599001311458275	3	GAIN	2	1
IIICF_T_B1	chr1	246821599	247629829	537	0.555556	0.105331	3	HET	2	1	1	NA	NA	2.27266352986485	0.594667008333511	2	NEUT	1	1
IIICF_T_B1	chr1	247631212	249215241	864	0.555556	0.205579	5	GAIN	3	1	2	1	1	2.55132710261818	0.590395187089964	3	GAIN	2	1
IIICF_T_B1	chr2	38938	37964121	26516	0.676471	-0.169886	1	DLOH	1	0	1	1	1	1.60009338308302	0.852924876475984	1	HETD	1	0
IIICF_T_B1	chr2	37964174	37970043	203	0.813953	-0.281689	2	NLOH	2	0	2	1	1	1.36146955217511	1	2	NEUT	2	0
IIICF_T_B1	chr2	37970145	37979342	334	0.774597	-0.412659	1	DLOH	1	0	1	1	1	1.1044704197169	1	1	HETD	1	0
IIICF_T_B1	chr2	37979478	38002883	770	0.764171	-0.043809	2	NLOH	2	0	2	1	1	1.89232705021802	0.987524174251942	2	NEUT	2	0
IIICF_T_B1	chr2	38004155	47278823	7462	0.666667	-0.087717	1	DLOH	1	0	1	1	1	1.78764209343786	0.81583382025343	1	HETD	1	0
IIICF_T_B1	chr2	47280156	47538477	305	0.722222	0.238698	5	GAIN	3	1	2	1	1	2.64772722825608	0.856503751289455	3	GAIN	2	1
IIICF_T_B1	chr2	47540532	89853945	26383	0.666667	-0.113399	1	DLOH	1	0	1	1	1	1.72787197746861	0.820993761650462	1	HETD	1	0
IIICF_T_B1	chr2	89854216	89878770	104	0.666667	0.067042	3	HET	2	1	1	NA	NA	2.17123690160999	0.789480354282797	2	NEUT	1	1
IIICF_T_B1	chr2	89880051	133015219	17929	0.666667	-0.13043	1	DLOH	1	0	1	1	1	1.68881818211842	0.824562556580768	1	HETD	1	0
IIICF_T_B1	chr2	133015230	133015321	14	0.795903	0.050992	2	NLOH	2	0	2	1	1	2.12951504170533	1	2	NEUT	2	0
IIICF_T_B1	chr2	133015331	133027652	537	0.671642	-0.103644	1	DLOH	1	0	1	1	1	1.75044971246373	0.828525443738159	1	HETD	1	0
IIICF_T_B1	chr2	133027727	133034231	189	0.560976	0.024385	3	HET	2	1	1	NA	NA	2.06136471686382	0.608302815130801	2	NEUT	1	1
IIICF_T_B1	chr2	133034250	133037665	229	0.655556	0.024385	1	DLOH	1	0	1	1	1	2.06136471686382	0.776291536186154	1	HETD	1	0
IIICF_T_B1	chr2	133037676	133109994	1226	0.571429	0.014656	3	HET	2	1	1	NA	NA	2.03675731401369	0.627538767848	2	NEUT	1	1
IIICF_T_B1	chr2	133120001	162135255	16132	0.666667	-0.123027	1	DLOH	1	0	1	1	1	1.70573737505508	0.82299639204413	1	HETD	1	0
IIICF_T_B1	chr2	162135292	162135806	7	0.808123	-0.545703	2	NLOH	2	0	2	1	1	0.866226504976395	1	2	NEUT	2	0
IIICF_T_B1	chr2	162135811	162135811	1	0.554149	-0.545703	3	HET	2	1	1	NA	NA	0.866226504976395	0.654163313602404	2	NEUT	1	1
IIICF_T_B1	chr2	162135814	162136793	17	0.839806	-0.545703	2	NLOH	2	0	2	1	1	0.866226504976395	1	2	NEUT	2	0
IIICF_T_B1	chr2	162136964	242999159	50091	0.666667	-0.123843	1	DLOH	1	0	1	1	1	1.70386818688449	0.823167889494798	1	HETD	1	0
IIICF_T_B1	chr3	60197	845999	700	0.718129	1.053109	13	ASCNA	6	1	5	1	1	5.86992138265746	0.777583442345417	6	HLAMP	5	1
IIICF_T_B1	chr3	847506	4447620	3613	0.666667	0.765673	7	ASCNA	4	1	3	1	1	4.52054318311709	0.725654797710947	4	AMP	3	1
IIICF_T_B1	chr3	4450062	4595660	177	0.666667	0.878016	14	UBCNA	6	2	4	1	1	5.01619429216157	0.719826202235447	6	HLAMP	4	2
IIICF_T_B1	chr3	4598499	4870000	214	0.679623	0.797684	7	ASCNA	4	1	3	1	1	4.65786429857342	0.741322024854437	4	AMP	3	1
IIICF_T_B1	chr3	4871598	5009859	85	0.676056	0.909979	14	UBCNA	6	2	4	1	1	5.16441093677641	0.730598271964155	6	HLAMP	4	2
IIICF_T_B1	chr3	5027714	5059272	52	0.65359	0.806692	7	ASCNA	4	1	3	1	1	4.69705943947175	0.705906667307776	4	AMP	3	1
IIICF_T_B1	chr3	5061554	5109845	69	0.657895	0.880723	14	UBCNA	6	2	4	1	1	5.02862012231709	0.708131888746057	6	HLAMP	4	2
IIICF_T_B1	chr3	5111412	6419975	910	0.666667	0.80094	7	ASCNA	4	1	3	1	1	4.67200340205853	0.723742490722421	4	AMP	3	1
IIICF_T_B1	chr3	6420269	13689452	6118	0.553191	0.25516	5	GAIN	3	1	2	1	1	2.69647317234986	0.584751599034348	3	GAIN	2	1
IIICF_T_B1	chr3	13690113	13717663	61	0.558824	0.017787	3	HET	2	1	1	NA	NA	2.04465840035622	0.604853576392403	2	NEUT	1	1
IIICF_T_B1	chr3	13719531	73157929	36976	0.553191	0.276791	5	GAIN	3	1	2	1	1	2.76137661981008	0.584009798127313	3	GAIN	2	1
IIICF_T_B1	chr3	73159908	73160128	12	0.880529	0.361961	9	ALOH	5	0	5	1	1	3.02660009693978	1	5	HLAMP	5	0
IIICF_T_B1	chr3	73160142	75238933	1264	0.555556	0.193862	5	GAIN	3	1	2	1	1	2.51774870390904	0.590859826040227	3	GAIN	2	1
IIICF_T_B1	chr3	75270680	75279305	235	0.658915	0.609242	7	ASCNA	4	1	3	1	1	3.89161453749418	0.724248851558243	4	AMP	3	1
IIICF_T_B1	chr3	75293819	75737313	31	0.548387	0.053309	3	HET	2	1	1	NA	NA	2.13550943787516	0.584638867817862	2	NEUT	1	1
IIICF_T_B1	chr3	75737408	75742091	61	0.656566	0.053309	1	DLOH	1	0	1	1	1	2.13550943787516	0.773866306627222	1	HETD	1	0
IIICF_T_B1	chr3	75742095	75744702	33	0.725	0.088055	2	NLOH	2	0	2	1	1	2.22656641119053	0.886677673496804	2	NEUT	2	0
IIICF_T_B1	chr3	75746306	75760408	101	0.653846	0.146746	5	GAIN	3	1	2	1	1	2.38544414101248	0.757031849522437	3	GAIN	2	1
IIICF_T_B1	chr3	75760531	75760706	9	0.84375	0.207957	4	ALOH	3	0	3	1	1	2.55817529207081	1	3	GAIN	3	0
IIICF_T_B1	chr3	75761304	75984143	92	0.628817	0.207957	5	GAIN	3	1	2	1	1	2.55817529207081	0.709381936102895	3	GAIN	2	1
IIICF_T_B1	chr3	75984157	75984993	16	0.834528	0.147839	4	ALOH	3	0	3	1	1	2.38846464998264	1	3	GAIN	3	0
IIICF_T_B1	chr3	75985148	75989575	64	0.632576	0.147839	5	GAIN	3	1	2	1	1	2.38846464998264	0.721383425449837	3	GAIN	2	1
IIICF_T_B1	chr3	75990203	75999516	143	0.645455	0.040196	3	HET	2	1	1	NA	NA	2.10171089651556	0.75618335935255	2	NEUT	1	1
IIICF_T_B1	chr3	76000201	116348825	23333	0.553191	0.302093	5	GAIN	3	1	2	1	1	2.83854007003605	0.583172013654787	3	GAIN	2	1
IIICF_T_B1	chr3	116349916	116612776	194	1	-0.656029	2	NLOH	2	0	2	1	1	0.684664279325447	1	2	NEUT	2	0
IIICF_T_B1	chr3	116613062	116648787	58	0.554094	0.399414	5	GAIN	3	1	2	1	1	3.14827966496745	0.581584268315683	3	GAIN	2	1
IIICF_T_B1	chr3	116649607	116839982	171	1	-0.745934	2	NLOH	2	0	2	1	1	0.546639152283463	1	2	NEUT	2	0
IIICF_T_B1	chr3	116851872	197819088	51557	0.553191	0.284024	5	GAIN	3	1	2	1	1	2.78329712128585	0.58376707754076	3	GAIN	2	1
IIICF_T_B1	chr4	40094	68559	115	0.8	-0.182925	2	NLOH	2	0	2	1	1	1.57130197445395	1	2	NEUT	2	0
IIICF_T_B1	chr4	68562	3590588	2222	0.555556	0.254629	5	GAIN	3	1	2	1	1	2.69489212123556	0.588539198679975	3	GAIN	2	1
IIICF_T_B1	chr4	3590683	3609994	451	0.540984	0.107795	3	HET	2	1	1	NA	NA	2.27928325432244	0.569752633223096	2	NEUT	1	1
IIICF_T_B1	chr4	3610011	6248529	2557	0.552632	0.218672	5	GAIN	3	1	2	1	1	2.58917286806564	0.585155105825926	3	GAIN	2	1
IIICF_T_B1	chr4	6254075	6430773	227	0.55102	0.135576	3	HET	2	1	1	NA	NA	2.35470664751116	0.585686247290201	2	NEUT	1	1
IIICF_T_B1	chr4	6432265	9948870	3027	0.557692	0.245958	5	GAIN	3	1	2	1	1	2.66915640923037	0.592273574074595	3	GAIN	2	1
IIICF_T_B1	chr4	9950537	9959989	78	0.571429	0.016567	3	HET	2	1	1	NA	NA	2.04157768812606	0.627406286936812	2	NEUT	1	1
IIICF_T_B1	chr4	9960125	17139932	5099	0.553191	0.240465	5	GAIN	3	1	2	1	1	2.6529329181265	0.585269575382716	3	GAIN	2	1
IIICF_T_B1	chr4	17140108	17169386	63	0.55102	0.072861	3	HET	2	1	1	NA	NA	2.18647836433034	0.588353478469385	2	NEUT	1	1
IIICF_T_B1	chr4	17172914	33836497	11548	0.553191	0.259792	5	GAIN	3	1	2	1	1	2.71028964664126	0.584590709881515	3	GAIN	2	1
IIICF_T_B1	chr4	33837411	33838767	12	0.806285	0.242334	4	ALOH	3	0	3	1	1	2.65844604921484	0.990617139283296	3	GAIN	3	0
IIICF_T_B1	chr4	33838770	33860748	130	0.602357	0.141292	5	GAIN	3	1	2	1	1	2.37040614629236	0.671444260222281	3	GAIN	2	1
IIICF_T_B1	chr4	33862670	34009086	31	0.779412	0.173969	4	ALOH	3	0	3	1	1	2.4613604947279	0.961035907286326	3	GAIN	3	0
IIICF_T_B1	chr4	34176092	68249090	21298	0.553191	0.282625	5	GAIN	3	1	2	1	1	2.77904870170957	0.583813820156789	3	GAIN	2	1
IIICF_T_B1	chr4	68250137	68264361	27	0.559124	0.125724	3	HET	2	1	1	NA	NA	2.32779282941426	0.599761096341472	2	NEUT	1	1
IIICF_T_B1	chr4	68264618	68266409	21	0.706633	-0.074679	1	DLOH	1	0	1	1	1	1.81839526548324	0.888441663964663	1	HETD	1	0
IIICF_T_B1	chr4	68266480	68281650	19	0.537415	-0.074679	3	HET	2	1	1	NA	NA	1.81839526548324	0.570335061956405	2	NEUT	1	1
IIICF_T_B1	chr4	68284172	70390000	1726	0.555556	0.318032	5	GAIN	3	1	2	1	1	2.88784858117005	0.586335370786746	3	GAIN	2	1
IIICF_T_B1	chr4	70390024	70399972	93	0.54717	0.059426	3	HET	2	1	1	NA	NA	2.15138129008574	0.582249361115603	2	NEUT	1	1
IIICF_T_B1	chr4	70410184	91383303	13885	0.555556	0.290899	5	GAIN	3	1	2	1	1	2.80423478134455	0.587253118531991	3	GAIN	2	1
IIICF_T_B1	chr4	91449439	120489982	16707	0.617647	-0.04297	3	HET	2	1	1	NA	NA	1.89435856937858	0.71700935049458	2	NEUT	1	1
IIICF_T_B1	chr4	120511817	122630617	1611	0.571429	-0.428815	1	DLOH	1	0	1	1	1	1.0743540823615	0.677801733094498	1	HETD	1	0
IIICF_T_B1	chr4	122656648	124135279	794	0.56	-0.339793	3	HET	2	1	1	NA	NA	1.24456981961291	0.637132102798246	2	NEUT	1	1
IIICF_T_B1	chr4	124139285	190540439	45807	0.571429	-0.489139	1	DLOH	1	0	1	1	1	0.964838372887547	0.689875760891157	1	HETD	1	0
IIICF_T_B1	chr4	190540601	190558195	343	0.784314	-0.485229	2	NLOH	2	0	2	1	1	0.971798872117275	1	2	NEUT	2	0
IIICF_T_B1	chr4	190558289	190587259	523	0.757895	-0.519177	1	DLOH	1	0	1	1	1	0.911989871853252	1	1	HETD	1	0
IIICF_T_B1	chr4	190587320	190605825	397	0.78125	-0.464616	2	NLOH	2	0	2	1	1	1.00880720109909	1	2	NEUT	2	0
IIICF_T_B1	chr4	190605874	190616965	175	0.75	-0.374723	1	DLOH	1	0	1	1	1	1.17652668446047	1	1	HETD	1	0
IIICF_T_B1	chr4	190617072	190624282	159	0.775701	-0.374723	2	NLOH	2	0	2	1	1	1.17652668446047	1	2	NEUT	2	0
IIICF_T_B1	chr4	190624353	190631693	136	0.74423	-0.433511	1	DLOH	1	0	1	1	1	1.06566336190413	1	1	HETD	1	0
IIICF_T_B1	chr4	190631782	190684209	1091	0.78	-0.475546	2	NLOH	2	0	2	1	1	0.989117767819269	1	2	NEUT	2	0
IIICF_T_B1	chr4	190684287	190929666	109	0.608696	-0.512719	1	DLOH	1	0	1	1	1	0.923259331061984	0.797057891572769	1	HETD	1	0
IIICF_T_B1	chr5	78650	21447380	15089	0.666667	-0.169771	1	DLOH	1	0	1	1	1	1.60034847392348	0.8332912641364	1	HETD	1	0
IIICF_T_B1	chr5	21530083	21539692	165	0.590909	0.143708	5	GAIN	3	1	2	1	1	2.37706062825042	0.652097500167999	3	GAIN	2	1
IIICF_T_B1	chr5	21539833	21559496	333	0.5875	0.046325	3	HET	2	1	1	NA	NA	2.11747005971061	0.653614080316843	2	NEUT	1	1
IIICF_T_B1	chr5	21559721	21569643	177	0.593407	0.139119	5	GAIN	3	1	2	1	1	2.36443048015531	0.656612673134334	3	GAIN	2	1
IIICF_T_B1	chr5	21569735	21573393	69	0.565789	-0.047572	3	HET	2	1	1	NA	NA	1.88322999926432	0.621681444943072	2	NEUT	1	1
IIICF_T_B1	chr5	21574347	25307582	2910	0.666667	-0.171348	1	DLOH	1	0	1	1	1	1.59685217395528	0.833656087141875	1	HETD	1	0
IIICF_T_B1	chr5	25314813	25332847	23	1	-0.1087	2	NLOH	2	0	2	1	1	1.7387286541218	1	2	NEUT	2	0
IIICF_T_B1	chr5	25333061	29999617	3679	0.552632	0.276922	5	GAIN	3	1	2	1	1	2.76177265511538	0.58312254129555	3	GAIN	2	1
IIICF_T_B1	chr5	30001145	30009847	41	0.551724	0.051703	3	HET	2	1	1	NA	NA	2.1313534723036	0.590551533983048	2	NEUT	1	1
IIICF_T_B1	chr5	30020044	112731092	42734	0.552632	0.30528	5	GAIN	3	1	2	1	1	2.8483557727017	0.582195702679544	3	GAIN	2	1
IIICF_T_B1	chr5	112731100	112731158	7	0.98	0.27552	4	ALOH	3	0	3	1	1	2.75753603685262	1	3	GAIN	3	0
IIICF_T_B1	chr5	112731438	115926061	3129	0.551724	0.281839	5	GAIN	3	1	2	1	1	2.7766636195385	0.58152782599946	3	GAIN	2	1
IIICF_T_B1	chr5	115935675	116004835	89	0.558824	0.080484	3	HET	2	1	1	NA	NA	2.20653821261959	0.601476676258813	2	NEUT	1	1
IIICF_T_B1	chr5	116008931	117869447	1251	0.552632	0.241256	5	GAIN	3	1	2	1	1	2.65526531913778	0.584345570234503	3	GAIN	2	1
IIICF_T_B1	chr5	117870089	117879953	14	0.564802	0.809627	8	BCNA	4	2	2	1	1	4.70988300891878	0.586815113686087	4	AMP	2	2
IIICF_T_B1	chr5	117880295	128482686	7312	0.552632	0.29532	5	GAIN	3	1	2	1	1	2.81775164500312	0.582516799584465	3	GAIN	2	1
IIICF_T_B1	chr5	128482714	128482808	11	0.84375	0.297676	4	ALOH	3	0	3	1	1	2.82497186819767	1	3	GAIN	3	0
IIICF_T_B1	chr5	128482924	135089652	4012	0.555556	0.290876	5	GAIN	3	1	2	1	1	2.80416456888354	0.587253912184662	3	GAIN	2	1
IIICF_T_B1	chr5	135090120	135129255	139	0.555556	0.600649	8	BCNA	4	2	2	1	1	3.85900289356364	0.578589453124397	4	AMP	2	2
IIICF_T_B1	chr5	135136818	147539520	7193	0.552632	0.306274	5	GAIN	3	1	2	1	1	2.85142165119418	0.582163915476074	3	GAIN	2	1
IIICF_T_B1	chr5	147541020	147549776	55	0.545455	0.075114	3	HET	2	1	1	NA	NA	2.19239608129254	0.578626555046617	2	NEUT	1	1
IIICF_T_B1	chr5	147551286	177578875	20075	0.555556	0.247911	5	GAIN	3	1	2	1	1	2.67493946612197	0.588785223831624	3	GAIN	2	1
IIICF_T_B1	chr5	177581346	177899308	247	0.555556	0.131003	3	HET	2	1	1	NA	NA	2.34219121053347	0.593506002483173	2	NEUT	1	1
IIICF_T_B1	chr5	177900178	178289963	653	0.558824	0.21586	5	GAIN	3	1	2	1	1	2.58101569897412	0.595288233856838	3	GAIN	2	1
IIICF_T_B1	chr5	178290048	178319688	137	0.54717	0.086255	3	HET	2	1	1	NA	NA	2.22179519276009	0.581137613854865	2	NEUT	1	1
IIICF_T_B1	chr5	178320315	179729519	1172	0.55814	0.198875	5	GAIN	3	1	2	1	1	2.53208151010945	0.594876732995894	3	GAIN	2	1
IIICF_T_B1	chr5	179730004	179895275	214	0.558824	0.110358	3	HET	2	1	1	NA	NA	2.28618095681095	0.59999080254692	2	NEUT	1	1
IIICF_T_B1	chr5	179900671	180698428	725	0.558824	0.20311	5	GAIN	3	1	2	1	1	2.54422878441935	0.595815468932321	3	GAIN	2	1
IIICF_T_B1	chr6	205800	6609703	5248	0.56	0.249876	5	GAIN	3	1	2	1	1	2.68076596268154	0.59580927563328	3	GAIN	2	1
IIICF_T_B1	chr6	6611693	6687088	55	0.571429	0.098739	3	HET	2	1	1	NA	NA	2.25500910113868	0.622108165771135	2	NEUT	1	1
IIICF_T_B1	chr6	6693443	37649711	20289	0.555556	0.266069	5	GAIN	3	1	2	1	1	2.72908380731261	0.588125964329289	3	GAIN	2	1
IIICF_T_B1	chr6	37650639	37837052	136	0.681818	0.906045	10	ASCNA	5	1	4	1	1	5.14599075823375	0.738346968466694	5	HLAMP	4	1
IIICF_T_B1	chr6	37841083	115146591	50446	0.5625	0.266902	5	GAIN	3	1	2	1	1	2.73158406996224	0.599107378725162	3	GAIN	2	1
IIICF_T_B1	chr6	115163794	170898626	36243	1	-0.69419	2	NLOH	2	0	2	1	1	0.625026056332284	1	2	NEUT	2	0
IIICF_T_B1	chr7	50571	4942895	3249	0.55814	0.189289	5	GAIN	3	1	2	1	1	2.50471728061628	0.595278084637578	3	GAIN	2	1
IIICF_T_B1	chr7	4946287	4969205	40	0.567766	0.068558	3	HET	2	1	1	NA	NA	2.17520177708371	0.617610298518272	2	NEUT	1	1
IIICF_T_B1	chr7	4970083	9578545	3631	0.558824	0.236504	5	GAIN	3	1	2	1	1	2.64127243717965	0.594456356098813	3	GAIN	2	1
IIICF_T_B1	chr7	9580117	9758350	195	0.555556	0.138786	3	HET	2	1	1	NA	NA	2.36351553807601	0.593163606475973	2	NEUT	1	1
IIICF_T_B1	chr7	9780728	11339426	1271	0.55814	0.187034	5	GAIN	3	1	2	1	1	2.49830652320964	0.595373382491923	3	GAIN	2	1
IIICF_T_B1	chr7	11340542	11399621	97	0.551724	0.089247	3	HET	2	1	1	NA	NA	2.22972929599496	0.588838460273003	2	NEUT	1	1
IIICF_T_B1	chr7	11400523	30841441	16564	0.555556	0.283189	5	GAIN	3	1	2	1	1	2.7807609356305	0.587520690353958	3	GAIN	2	1
IIICF_T_B1	chr7	30882926	56538439	16270	1	-0.708871	2	NLOH	2	0	2	1	1	0.602499423211482	1	2	NEUT	2	0
IIICF_T_B1	chr7	56557945	56563824	246	0.548387	-0.487195	3	HET	2	1	1	NA	NA	0.968296682568384	0.628337915106207	2	NEUT	1	1
IIICF_T_B1	chr7	56580735	62470480	677	1	-0.830947	2	NLOH	2	0	2	1	1	0.42380350155693	1	2	NEUT	2	0
IIICF_T_B1	chr7	62470579	62475302	129	0.64	-0.446587	1	DLOH	1	0	1	1	1	1.04161259403161	0.855042846291805	1	HETD	1	0
IIICF_T_B1	chr7	62475344	63602830	257	1	-0.818491	2	NLOH	2	0	2	1	1	0.441351811171978	1	2	NEUT	2	0
IIICF_T_B1	chr7	63635068	63635726	17	0.536585	-0.704847	3	HET	2	1	1	NA	NA	0.60865109063103	0.632754606957812	2	NEUT	1	1
IIICF_T_B1	chr7	63662328	65302406	727	1	-0.74997	2	NLOH	2	0	2	1	1	0.540642404148854	1	2	NEUT	2	0
IIICF_T_B1	chr7	65303861	65309745	69	0.703704	-0.599395	1	DLOH	1	0	1	1	1	0.776131498950866	1	1	HETD	1	0
IIICF_T_B1	chr7	65372984	66025641	458	1	-0.641995	2	NLOH	2	0	2	1	1	0.706996484118849	1	2	NEUT	2	0
IIICF_T_B1	chr7	66027649	66030389	26	0.602632	-0.530359	1	DLOH	1	0	1	1	1	0.892595748074053	0.786595288643263	1	HETD	1	0
IIICF_T_B1	chr7	66031952	67627425	1476	1	-0.687677	2	NLOH	2	0	2	1	1	0.635093292000198	1	2	NEUT	2	0
IIICF_T_B1	chr7	67630499	67634683	161	0.615385	-0.368278	1	DLOH	1	0	1	1	1	1.18895782526874	0.770654477335206	1	HETD	1	0
IIICF_T_B1	chr7	67634766	67635685	50	0.56119	-0.368278	3	HET	2	1	1	NA	NA	1.18895782526874	0.643531199619892	2	NEUT	1	1
IIICF_T_B1	chr7	67635856	100544499	17000	1	-0.684073	2	NLOH	2	0	2	1	1	0.640683609109115	1	2	NEUT	2	0
IIICF_T_B1	chr7	100546643	100617493	333	0.577778	-0.65451	1	DLOH	1	0	1	1	1	0.687070982417975	0.758894639135233	1	HETD	1	0
IIICF_T_B1	chr7	100617561	100619263	100	0.536811	-0.65451	3	HET	2	1	1	NA	NA	0.687070982417975	0.622530414271479	2	NEUT	1	1
IIICF_T_B1	chr7	100619624	100856729	169	1	-0.654595	2	NLOH	2	0	2	1	1	0.686936241504792	1	2	NEUT	2	0
IIICF_T_B1	chr7	100882790	100939314	102	0.632843	-0.587763	1	DLOH	1	0	1	1	1	0.795366445459704	0.900066467917852	1	HETD	1	0
IIICF_T_B1	chr7	100964292	138028651	21388	1	-0.686295	2	NLOH	2	0	2	1	1	0.637235320100679	1	2	NEUT	2	0
IIICF_T_B1	chr7	138029095	138029403	29	0.565217	-0.779381	3	HET	2	1	1	NA	NA	0.497446004957898	0.774974769494169	2	NEUT	1	1
IIICF_T_B1	chr7	138029499	142002224	2244	1	-0.671187	2	NLOH	2	0	2	1	1	0.660786249858762	1	2	NEUT	2	0
IIICF_T_B1	chr7	142002499	142251554	886	0.675	-0.696776	1	DLOH	1	0	1	1	1	0.621041427886111	1	1	HETD	1	0
IIICF_T_B1	chr7	142336341	142457132	249	1	-0.671439	2	NLOH	2	0	2	1	1	0.660391396634497	1	2	NEUT	2	0
IIICF_T_B1	chr7	142457673	142501304	377	0.714286	-0.708826	1	DLOH	1	0	1	1	1	0.602568121884727	1	1	HETD	1	0
IIICF_T_B1	chr7	142523909	152070280	4690	1	-0.713649	2	NLOH	2	0	2	1	1	0.5952173297925	1	2	NEUT	2	0
IIICF_T_B1	chr7	152073850	152099191	45	0.675676	-0.708369	1	DLOH	1	0	1	1	1	0.603265916472049	1	1	HETD	1	0
IIICF_T_B1	chr7	152099227	152100309	29	0.858757	-0.687914	2	NLOH	2	0	2	1	1	0.634726160400235	1	2	NEUT	2	0
IIICF_T_B1	chr7	152100313	152100743	22	0.626889	-0.514472	1	DLOH	1	0	1	1	1	0.920195288536571	0.847510155940793	1	HETD	1	0
IIICF_T_B1	chr7	152100760	152102781	74	0.844516	-0.514472	2	NLOH	2	0	2	1	1	0.920195288536571	1	2	NEUT	2	0
IIICF_T_B1	chr7	152102795	152103991	55	0.809859	-0.514472	1	DLOH	1	0	1	1	1	0.920195288536571	1	1	HETD	1	0
IIICF_T_B1	chr7	152104026	152106316	103	0.85567	-0.514472	2	NLOH	2	0	2	1	1	0.920195288536571	1	2	NEUT	2	0
IIICF_T_B1	chr7	152106326	152111783	214	0.79433	-0.514472	1	DLOH	1	0	1	1	1	0.920195288536571	1	1	HETD	1	0
IIICF_T_B1	chr7	152111794	152113192	61	0.821656	-0.640584	2	NLOH	2	0	2	1	1	0.709253840622531	1	2	NEUT	2	0
IIICF_T_B1	chr7	152113202	152113724	28	0.669005	-0.640584	1	DLOH	1	0	1	1	1	0.709253840622531	1	1	HETD	1	0
IIICF_T_B1	chr7	152119548	159078217	4963	1	-0.785664	2	NLOH	2	0	2	1	1	0.488331666435819	1	2	NEUT	2	0
IIICF_T_B1	chr8	198546	2154058	2175	1	-0.771282	2	NLOH	2	0	2	1	1	0.509253409087497	1	2	NEUT	2	0
IIICF_T_B1	chr8	2200022	2223617	166	0.571429	-0.840275	1	DLOH	1	0	1	1	1	0.410760852310467	0.849649233036342	1	HETD	1	0
IIICF_T_B1	chr8	2223816	14344903	16126	1	-0.732069	2	NLOH	2	0	2	1	1	0.567368251190778	1	2	NEUT	2	0
IIICF_T_B1	chr8	14345144	14346315	49	0.6	-0.553172	1	DLOH	1	0	1	1	1	0.853491876682114	0.787457920199459	1	HETD	1	0
IIICF_T_B1	chr8	14346497	42753173	21576	1	-0.676919	2	NLOH	2	0	2	1	1	0.65182194138953	1	2	NEUT	2	0
IIICF_T_B1	chr8	47872096	139241874	51105	0.553191	0.270741	5	GAIN	3	1	2	1	1	2.74312556507674	0.584214847279491	3	GAIN	2	1
IIICF_T_B1	chr8	139253497	139629554	321	0.555556	0.122929	3	HET	2	1	1	NA	NA	2.32019082035631	0.593865849981288	2	NEUT	1	1
IIICF_T_B1	chr8	139631281	139769587	142	0.559412	0.205413	5	GAIN	3	1	2	1	1	2.55084947542477	0.596676262186596	3	GAIN	2	1
IIICF_T_B1	chr8	139780605	139949808	165	0.571429	0.110304	3	HET	2	1	1	NA	NA	2.28603550229911	0.621420340876854	2	NEUT	1	1
IIICF_T_B1	chr8	139950489	143149563	2286	0.555556	0.217692	5	GAIN	3	1	2	1	1	2.58632823726969	0.589923703594206	3	GAIN	2	1
IIICF_T_B1	chr8	143150261	143229500	122	0.55	0.065439	3	HET	2	1	1	NA	NA	2.16704901977683	0.586915134510072	2	NEUT	1	1
IIICF_T_B1	chr8	143230657	143979466	556	0.55051	0.193205	5	GAIN	3	1	2	1	1	2.51587394572206	0.582631193764161	3	GAIN	2	1
IIICF_T_B1	chr8	143980466	144026496	110	0.565942	0.090725	3	HET	2	1	1	NA	NA	2.23365469162884	0.61317540629908	2	NEUT	1	1
IIICF_T_B1	chr8	144030477	146266138	1028	0.555556	0.237028	5	GAIN	3	1	2	1	1	2.6428131633313	0.589189161620766	3	GAIN	2	1
IIICF_T_B1	chr9	210128	28849378	21808	1	-0.69078	2	NLOH	2	0	2	1	1	0.630291272671946	1	2	NEUT	2	0
IIICF_T_B1	chr9	28851909	28919950	119	0.648148	0.900044	14	UBCNA	6	2	4	1	1	5.11798883126355	0.694460651429946	6	HLAMP	4	2
IIICF_T_B1	chr9	28920104	29249814	320	0.661538	0.841315	7	ASCNA	4	1	3	1	1	4.8500079967027	0.714826737746803	4	AMP	3	1
IIICF_T_B1	chr9	29251597	29749795	659	0.55102	0.302068	5	GAIN	3	1	2	1	1	2.83846315773634	0.579778112542705	3	GAIN	2	1
IIICF_T_B1	chr9	29750004	33791164	3014	1	-0.687426	2	NLOH	2	0	2	1	1	0.635482176464601	1	2	NEUT	2	0
IIICF_T_B1	chr9	33793811	33804254	142	0.637626	-0.605545	1	DLOH	1	0	1	1	1	0.766024216555654	0.925075246506241	1	HETD	1	0
IIICF_T_B1	chr9	33806584	38769613	2176	1	-0.640933	2	NLOH	2	0	2	1	1	0.708695295329368	1	2	NEUT	2	0
IIICF_T_B1	chr9	66840056	66857820	86	0.582278	-0.119576	3	HET	2	1	1	NA	NA	1.71365418409749	0.659096129322378	2	NEUT	1	1
IIICF_T_B1	chr9	66858207	66859077	8	0.865132	-0.10903	2	NLOH	2	0	2	1	1	1.7379650595944	1	2	NEUT	2	0
IIICF_T_B1	chr9	68410038	68413159	106	0.656753	-0.019636	1	DLOH	1	0	1	1	1	1.95133448092837	0.785277916024345	1	HETD	1	0
IIICF_T_B1	chr9	68413160	68413195	2	0.920981	-0.019636	9	ALOH	5	0	5	1	1	1.95133448092837	1	5	HLAMP	5	0
IIICF_T_B1	chr9	68413240	68415942	79	0.698013	-0.019636	1	DLOH	1	0	1	1	1	1.95133448092837	0.860367814241059	1	HETD	1	0
IIICF_T_B1	chr9	68415971	68416382	5	0.806167	-0.019636	2	NLOH	2	0	2	1	1	1.95133448092837	1	2	NEUT	2	0
IIICF_T_B1	chr9	68416487	68416944	24	0.681185	-0.019636	1	DLOH	1	0	1	1	1	1.95133448092837	0.829742200882095	1	HETD	1	0
IIICF_T_B1	chr9	68416972	68417110	5	0.800505	-0.019636	2	NLOH	2	0	2	1	1	1.95133448092837	1	2	NEUT	2	0
IIICF_T_B1	chr9	68417178	68417240	4	0.54007	-0.019636	3	HET	2	1	1	NA	NA	1.95133448092837	0.572924193445073	2	NEUT	1	1
IIICF_T_B1	chr9	68417244	68417244	1	0.865361	-0.019636	9	ALOH	5	0	5	1	1	1.95133448092837	1	5	HLAMP	5	0
IIICF_T_B1	chr9	68417247	68417604	5	0.723404	-0.019636	1	DLOH	1	0	1	1	1	1.95133448092837	0.906577402355954	1	HETD	1	0
IIICF_T_B1	chr9	68417685	68417685	1	0.538194	-0.019636	3	HET	2	1	1	NA	NA	1.95133448092837	0.569510023569781	2	NEUT	1	1
IIICF_T_B1	chr9	68417689	68417751	6	0.757379	-0.019636	2	NLOH	2	0	2	1	1	1.95133448092837	0.96840918354628	2	NEUT	2	0
IIICF_T_B1	chr9	68417759	68418848	37	0.702079	-0.019636	1	DLOH	1	0	1	1	1	1.95133448092837	0.86776760886416	1	HETD	1	0
IIICF_T_B1	chr9	68418859	68419253	7	0.816583	-0.019636	2	NLOH	2	0	2	1	1	1.95133448092837	1	2	NEUT	2	0
IIICF_T_B1	chr9	68419259	68419260	2	0.520752	-0.019636	3	HET	2	1	1	NA	NA	1.95133448092837	0.537766979345449	2	NEUT	1	1
IIICF_T_B1	chr9	68419286	68419506	13	0.746875	-0.019636	1	DLOH	1	0	1	1	1	1.95133448092837	0.949292744116605	1	HETD	1	0
IIICF_T_B1	chr9	68419507	68419569	5	0.809689	-0.019636	2	NLOH	2	0	2	1	1	1.95133448092837	1	2	NEUT	2	0
IIICF_T_B1	chr9	68419572	68419678	4	0.558619	-0.019636	3	HET	2	1	1	NA	NA	1.95133448092837	0.606681889083023	2	NEUT	1	1
IIICF_T_B1	chr9	68419692	68419693	2	0.812375	-0.019636	2	NLOH	2	0	2	1	1	1.95133448092837	1	2	NEUT	2	0
IIICF_T_B1	chr9	68419706	68419716	3	0.597345	-0.019636	3	HET	2	1	1	NA	NA	1.95133448092837	0.677160110080125	2	NEUT	1	1
IIICF_T_B1	chr9	68419718	68419773	10	0.650528	-0.019636	1	DLOH	1	0	1	1	1	1.95133448092837	0.773948914172696	1	HETD	1	0
IIICF_T_B1	chr9	68419804	68419804	1	0.873082	-0.019636	9	ALOH	5	0	5	1	1	1.95133448092837	1	5	HLAMP	5	0
IIICF_T_B1	chr9	68419825	68419883	4	0.520423	-0.019636	3	HET	2	1	1	NA	NA	1.95133448092837	0.53716822567329	2	NEUT	1	1
IIICF_T_B1	chr9	68419952	68419957	2	0.751785	-0.019636	2	NLOH	2	0	2	1	1	1.95133448092837	0.958228551199593	2	NEUT	2	0
IIICF_T_B1	chr9	71071933	116729973	29217	0.555556	0.252431	5	GAIN	3	1	2	1	1	2.68835376827059	0.588619417212754	3	GAIN	2	1
IIICF_T_B1	chr9	116735001	116759865	59	0.552632	0.03406	3	HET	2	1	1	NA	NA	2.08600065661909	0.593000128803083	2	NEUT	1	1
IIICF_T_B1	chr9	116760872	122553814	4640	0.555556	0.223271	5	GAIN	3	1	2	1	1	2.60254815599972	0.589709512991066	3	GAIN	2	1
IIICF_T_B1	chr9	122557517	122590178	62	0.537523	0.108845	3	HET	2	1	1	NA	NA	2.28210759690955	0.56382959404461	2	NEUT	1	1
IIICF_T_B1	chr9	122591833	130674290	4805	0.555556	0.235972	5	GAIN	3	1	2	1	1	2.63970876087273	0.589228715556099	3	GAIN	2	1
IIICF_T_B1	chr9	130696388	130859865	116	0.641741	0.878945	14	UBCNA	6	2	4	1	1	5.02045601497579	0.686911563898243	6	HLAMP	4	2
IIICF_T_B1	chr9	130860086	130893414	42	0.669399	0.60145	7	ASCNA	4	1	3	1	1	3.86203459861169	0.739576496046665	4	AMP	3	1
IIICF_T_B1	chr9	130893598	130909329	219	0.619048	0.60145	8	BCNA	4	2	2	1	1	3.86203459861169	0.668366417165174	4	AMP	2	2
IIICF_T_B1	chr9	130913608	133948375	1847	0.555556	0.230095	5	GAIN	3	1	2	1	1	2.62247315472873	0.589450021792191	3	GAIN	2	1
IIICF_T_B1	chr9	133950544	133986848	68	0.546537	0.072587	3	HET	2	1	1	NA	NA	2.18575930758327	0.580601281498559	2	NEUT	1	1
IIICF_T_B1	chr9	133995282	135859115	1298	0.555556	0.219913	5	GAIN	3	1	2	1	1	2.59277787340306	0.589838212590447	3	GAIN	2	1
IIICF_T_B1	chr9	135862495	135879542	44	0.544156	0.01857	3	HET	2	1	1	NA	NA	2.0466369845622	0.578674514132289	2	NEUT	1	1
IIICF_T_B1	chr9	135880598	136200810	289	0.558824	0.222157	5	GAIN	3	1	2	1	1	2.59930439167614	0.595031671689761	3	GAIN	2	1
IIICF_T_B1	chr9	136204198	136308796	82	0.552632	0.082225	3	HET	2	1	1	NA	NA	2.21113452396285	0.590715591150662	2	NEUT	1	1
IIICF_T_B1	chr9	136311391	136741349	373	0.555556	0.166397	5	GAIN	3	1	2	1	1	2.44010056677798	0.591983253641099	3	GAIN	2	1
IIICF_T_B1	chr9	136744664	136844973	191	0.55	0.122015	3	HET	2	1	1	NA	NA	2.31770806203898	0.584515523057121	2	NEUT	1	1
IIICF_T_B1	chr9	136847256	136979539	159	0.558824	0.244933	5	GAIN	3	1	2	1	1	2.66612439783519	0.594124213340376	3	GAIN	2	1
IIICF_T_B1	chr9	136991229	137019511	50	0.552178	0.065095	3	HET	2	1	1	NA	NA	2.16615091653266	0.590717129774191	2	NEUT	1	1
IIICF_T_B1	chr9	137021803	137588114	441	0.555556	0.204329	5	GAIN	3	1	2	1	1	2.54773186312995	0.590444350513704	3	GAIN	2	1
IIICF_T_B1	chr9	137590221	137857978	337	0.558824	0.096097	3	HET	2	1	1	NA	NA	2.24795601624971	0.600690815611711	2	NEUT	1	1
IIICF_T_B1	chr9	137866419	137919552	89	0.567568	0.208961	5	GAIN	3	1	2	1	1	2.56107001252772	0.60977872381374	3	GAIN	2	1
IIICF_T_B1	chr9	137920404	138533945	673	0.558824	0.141256	3	HET	2	1	1	NA	NA	2.37030707434279	0.598529724652431	2	NEUT	1	1
IIICF_T_B1	chr9	138542618	141017352	1474	0.558824	0.206416	5	GAIN	3	1	2	1	1	2.55373621681803	0.595677751540882	3	GAIN	2	1
IIICF_T_B1	chr10	133947	38211391	29001	0.555556	0.26146	5	GAIN	3	1	2	1	1	2.71527588242362	0.588291591558554	3	GAIN	2	1
IIICF_T_B1	chr10	43255039	46148326	1994	1	-0.707549	2	NLOH	2	0	2	1	1	0.604518531046104	1	2	NEUT	2	0
IIICF_T_B1	chr10	46970039	47031919	347	0.684211	-0.235351	1	DLOH	1	0	1	1	1	1.45813119577584	0.886336982956605	1	HETD	1	0
IIICF_T_B1	chr10	47032317	47042992	37	0.797101	-0.220949	2	NLOH	2	0	2	1	1	1.48881188511704	1	2	NEUT	2	0
IIICF_T_B1	chr10	47043570	47618412	678	0.718774	-0.215043	1	DLOH	1	0	1	1	1	1.5014823021017	0.951893539281615	1	HETD	1	0
IIICF_T_B1	chr10	47618755	47631405	56	0.556848	-0.351105	3	HET	2	1	1	NA	NA	1.22235358286546	0.631256324713261	2	NEUT	1	1
IIICF_T_B1	chr10	47631419	47656255	41	1	-0.185718	2	NLOH	2	0	2	1	1	1.56516851921764	1	2	NEUT	2	0
IIICF_T_B1	chr10	47662060	47698928	123	0.555556	-0.285548	3	HET	2	1	1	NA	NA	1.35355880091555	0.621224489758766	2	NEUT	1	1
IIICF_T_B1	chr10	48316966	48359837	233	0.591837	-0.604214	1	DLOH	1	0	1	1	1	0.768208010686536	0.783104879511063	1	HETD	1	0
IIICF_T_B1	chr10	48365295	56445932	5705	1	-0.674254	2	NLOH	2	0	2	1	1	0.655985320614611	1	2	NEUT	2	0
IIICF_T_B1	chr10	56446328	56468676	39	1	-0.08766	9	ALOH	5	0	5	1	1	1.78777593730734	1	5	HLAMP	5	0
IIICF_T_B1	chr10	56480003	58931196	1604	1	-0.71577	2	NLOH	2	0	2	1	1	0.591992459832529	1	2	NEUT	2	0
IIICF_T_B1	chr10	58939730	58940956	18	0.580645	-0.613208	1	DLOH	1	0	1	1	1	0.75349051850861	0.751884062213368	1	HETD	1	0
IIICF_T_B1	chr10	58953622	96851966	25562	1	-0.639762	2	NLOH	2	0	2	1	1	0.710569916851178	1	2	NEUT	2	0
IIICF_T_B1	chr10	96852202	96852723	18	0.586538	-0.6318	3	HET	2	1	1	NA	NA	0.723356487117504	0.77794493086952	2	NEUT	1	1
IIICF_T_B1	chr10	96853208	127572773	18398	1	-0.672492	2	NLOH	2	0	2	1	1	0.658742220254353	1	2	NEUT	2	0
IIICF_T_B1	chr10	127575250	127594668	310	0.680124	-0.460328	1	DLOH	1	0	1	1	1	1.016572487699	0.963613133939929	1	HETD	1	0
IIICF_T_B1	chr10	127594979	135424194	6820	1	-0.727265	2	NLOH	2	0	2	1	1	0.574597148283479	1	2	NEUT	2	0
IIICF_T_B1	chr11	190010	195360	64	0.645269	-0.284763	1	DLOH	1	0	1	1	1	1.35516629654205	0.81677666773575	1	HETD	1	0
IIICF_T_B1	chr11	196912	1015021	765	1	-0.671356	2	NLOH	2	0	2	1	1	0.660521439880919	1	2	NEUT	2	0
IIICF_T_B1	chr11	1016704	1018374	56	0.684321	-0.817754	1	DLOH	1	0	1	1	1	0.442394869456429	1	1	HETD	1	0
IIICF_T_B1	chr11	1022187	48338856	33105	1	-0.682609	2	NLOH	2	0	2	1	1	0.642958473192574	1	2	NEUT	2	0
IIICF_T_B1	chr11	48340048	48341963	70	0.606602	-0.663667	1	DLOH	1	0	1	1	1	0.672600965738221	0.860179696544436	1	HETD	1	0
IIICF_T_B1	chr11	48342018	48349472	318	0.545455	-0.663667	3	HET	2	1	1	NA	NA	0.672600965738221	0.653580309060124	2	NEUT	1	1
IIICF_T_B1	chr11	48349482	48355269	205	0.6	-0.813893	1	DLOH	1	0	1	1	1	0.4478679656772	0.957234328800549	1	HETD	1	0
IIICF_T_B1	chr11	48355288	48388782	567	0.553191	-0.661203	3	HET	2	1	1	NA	NA	0.676485584898634	0.678991623840583	2	NEUT	1	1
IIICF_T_B1	chr11	48389838	50643139	1087	1	-0.79989	2	NLOH	2	0	2	1	1	0.467841032071065	1	2	NEUT	2	0
IIICF_T_B1	chr11	55673041	55808909	164	0.662208	0.827073	7	ASCNA	4	1	3	1	1	4.78664865476514	0.716426051389456	4	AMP	3	1
IIICF_T_B1	chr11	55810147	55899424	84	0.658867	0.884484	14	UBCNA	6	2	4	1	1	5.04592283040945	0.709239821390158	6	HLAMP	4	2
IIICF_T_B1	chr11	55910963	56138041	84	0.615975	0.593541	8	BCNA	4	2	2	1	1	3.83217343796008	0.66439473532735	4	AMP	2	2
IIICF_T_B1	chr11	56141251	62266301	3544	0.553191	0.288205	5	GAIN	3	1	2	1	1	2.79601837349855	0.583627963292528	3	GAIN	2	1
IIICF_T_B1	chr11	62277068	62473905	100	0.660357	0.964941	14	UBCNA	6	2	4	1	1	5.42708238426113	0.707631255137386	6	HLAMP	4	2
IIICF_T_B1	chr11	62521408	63670387	528	0.558824	0.316005	5	GAIN	3	1	2	1	1	2.88154762644653	0.591485184972891	3	GAIN	2	1
IIICF_T_B1	chr11	63676067	63808063	120	0.603611	0.631759	8	BCNA	4	2	2	1	1	3.97799682400828	0.64528302639901	4	AMP	2	2
IIICF_T_B1	chr11	63810565	63996507	46	0.554374	0.296305	5	GAIN	3	1	2	1	1	2.82076885245294	0.585214894786902	3	GAIN	2	1
IIICF_T_B1	chr11	64015832	64779612	537	0.590909	0.631164	8	BCNA	4	2	2	1	1	3.97569683204625	0.627493473312615	4	AMP	2	2
IIICF_T_B1	chr11	64780509	65718633	300	0.552178	0.340608	5	GAIN	3	1	2	1	1	2.95862802122882	0.580394311981005	3	GAIN	2	1
IIICF_T_B1	chr11	65720841	68098799	489	0.577778	0.55427	8	BCNA	4	2	2	1	1	3.68630254706664	0.611535399343662	4	AMP	2	2
IIICF_T_B1	chr11	68101356	68179560	74	0.56466	0.409339	5	GAIN	3	1	2	1	1	3.18105757997131	0.597181259458383	3	GAIN	2	1
IIICF_T_B1	chr11	68181621	68389901	196	0.573802	0.531724	8	BCNA	4	2	2	1	1	3.60433294939691	0.606562190268535	4	AMP	2	2
IIICF_T_B1	chr11	68410157	68532860	113	0.567568	0.459653	5	GAIN	3	1	2	1	1	3.35073641748033	0.599830943274945	3	GAIN	2	1
IIICF_T_B1	chr11	68538660	68759988	248	0.575113	0.523466	8	BCNA	4	2	2	1	1	3.5746287474493	0.608732198126773	4	AMP	2	2
IIICF_T_B1	chr11	68760549	69056260	203	0.578947	0.464764	5	GAIN	3	1	2	1	1	3.36830615314662	0.616446653862656	3	GAIN	2	1
IIICF_T_B1	chr11	69067087	70239065	716	0.647059	0.745715	7	ASCNA	4	1	3	1	1	4.43645643841564	0.700093511533447	4	AMP	3	1
IIICF_T_B1	chr11	70241226	70383096	120	0.572948	0.500134	5	GAIN	3	1	2	1	1	3.49161608382481	0.606374437287494	3	GAIN	2	1
IIICF_T_B1	chr11	70389751	71904937	1021	0.642857	0.706607	7	ASCNA	4	1	3	1	1	4.27502220230762	0.696321601901378	4	AMP	3	1
IIICF_T_B1	chr11	71924693	72269633	100	0.579211	0.187991	5	GAIN	3	1	2	1	1	2.50102596226025	0.629883284263651	3	GAIN	2	1
IIICF_T_B1	chr11	72270688	72460155	264	0.564103	0.098518	3	HET	2	1	1	NA	NA	2.25441862424466	0.609596251463539	2	NEUT	1	1
IIICF_T_B1	chr11	72462375	73125456	285	0.5625	0.21215	5	GAIN	3	1	2	1	1	2.57027787079486	0.601404794576861	3	GAIN	2	1
IIICF_T_B1	chr11	73259696	73822134	296	0.57377	0.546931	8	BCNA	4	2	2	1	1	3.65947968483685	0.606022518215245	4	AMP	2	2
IIICF_T_B1	chr11	73830055	74699193	502	0.564103	0.161339	5	GAIN	3	1	2	1	1	2.42596124013331	0.60637936933359	3	GAIN	2	1
IIICF_T_B1	chr11	74706502	75226920	253	0.578947	0.520147	8	BCNA	4	2	2	1	1	3.56273805206633	0.614400157936546	4	AMP	2	2
IIICF_T_B1	chr11	75235437	75868789	212	0.561738	0.18905	5	GAIN	3	1	2	1	1	2.50403735079095	0.601185087196701	3	GAIN	2	1
IIICF_T_B1	chr11	75869535	75999754	140	0.576768	0.094884	3	HET	2	1	1	NA	NA	2.24472211454482	0.631484817233068	2	NEUT	1	1
IIICF_T_B1	chr11	76000240	76779530	250	0.578947	0.168375	5	GAIN	3	1	2	1	1	2.44564344101539	0.63059406871334	3	GAIN	2	1
IIICF_T_B1	chr11	76780213	76878915	74	0.573593	0.089813	3	HET	2	1	1	NA	NA	2.23123205087277	0.626363954997723	2	NEUT	1	1
IIICF_T_B1	chr11	76880406	78303937	411	0.575	0.21543	5	GAIN	3	1	2	1	1	2.57976973763323	0.621513980427013	3	GAIN	2	1
IIICF_T_B1	chr11	78344839	79039284	428	0.733333	-0.313991	1	DLOH	1	0	1	1	1	1.29590030350963	1	1	HETD	1	0
IIICF_T_B1	chr11	79040364	79078669	61	0.587302	0.408977	5	GAIN	3	1	2	1	1	3.17985808646968	0.631227796073281	3	GAIN	2	1
IIICF_T_B1	chr11	79081882	79179442	164	0.58102	0.558634	8	BCNA	4	2	2	1	1	3.70231707522726	0.616032394653836	4	AMP	2	2
IIICF_T_B1	chr11	79182045	79348846	124	0.585366	0.441227	5	GAIN	3	1	2	1	1	3.28790881796888	0.626906178030291	3	GAIN	2	1
IIICF_T_B1	chr11	79352524	79944140	450	0.574271	0.545001	8	BCNA	4	2	2	1	1	3.65244847626618	0.606805067205697	4	AMP	2	2
IIICF_T_B1	chr11	79950579	81119903	1060	0.575758	0.46256	5	GAIN	3	1	2	1	1	3.36072197895709	0.611824093219612	3	GAIN	2	1
IIICF_T_B1	chr11	81120449	81239719	114	0.727144	1.173885	18	UBCNA	7	2	5	1	1	6.5221861912722	0.782864019932176	7	HLAMP	5	2
IIICF_T_B1	chr11	81250367	81369765	108	0.75	1.161219	13	ASCNA	6	1	5	1	1	6.4511908994288	0.812001657757535	6	HLAMP	5	1
IIICF_T_B1	chr11	81370565	81439506	118	0.732177	1.262224	18	UBCNA	7	2	5	1	1	7.0350614641385	0.784979500025923	7	HLAMP	5	2
IIICF_T_B1	chr11	81441331	81519735	144	0.726109	1.15524	13	ASCNA	6	1	5	1	1	6.41789343355989	0.782476468916207	6	HLAMP	5	1
IIICF_T_B1	chr11	81530997	81699297	189	0.727273	1.22475	18	UBCNA	7	2	5	1	1	6.81365533226404	0.780639764073734	7	HLAMP	5	2
IIICF_T_B1	chr11	81701953	81764894	66	0.734375	1.130529	13	ASCNA	6	1	5	1	1	6.2817305805697	0.794069616367758	6	HLAMP	5	1
IIICF_T_B1	chr11	81765844	82419549	507	0.723684	1.221321	18	UBCNA	7	2	5	1	1	6.79368163535237	0.776362441217754	7	HLAMP	5	2
IIICF_T_B1	chr11	82421186	82449718	43	0.741176	1.108974	13	ASCNA	6	1	5	1	1	6.16484757985086	0.803767438197999	6	HLAMP	5	1
IIICF_T_B1	chr11	82450813	82957173	193	0.72381	1.261932	18	UBCNA	7	2	5	1	1	7.03331392591438	0.774722294638797	7	HLAMP	5	2
IIICF_T_B1	chr11	83037095	83524658	26	0.797799	1.452581	21	ASCNA	8	1	7	1	1	8.25299393359064	0.855530773021921	8	HLAMP	7	1
IIICF_T_B1	chr11	83544155	83609951	70	0.72665	1.135782	13	ASCNA	6	1	5	1	1	6.31048085091411	0.784114079792699	6	HLAMP	5	1
IIICF_T_B1	chr11	83610110	83670000	196	0.744173	1.205902	17	ASCNA	7	1	6	1	1	6.70445135924392	0.802442002176386	7	HLAMP	6	1
IIICF_T_B1	chr11	83670117	83709039	51	0.724138	1.144496	13	ASCNA	6	1	5	1	1	6.35840503755315	0.780536881239725	6	HLAMP	5	1
IIICF_T_B1	chr11	83710488	83770029	59	0.734177	1.246927	18	UBCNA	7	2	5	1	1	6.94398762269648	0.788132843492598	7	HLAMP	5	2
IIICF_T_B1	chr11	83792210	84378500	249	0.728571	1.13973	13	ASCNA	6	1	5	1	1	6.33215771527507	0.7863237397013	6	HLAMP	5	1
IIICF_T_B1	chr11	84406078	84856250	296	0.728208	1.226648	18	UBCNA	7	2	5	1	1	6.82473148410828	0.781707347130374	7	HLAMP	5	2
IIICF_T_B1	chr11	84877221	86839536	1709	0.782946	1.599522	21	ASCNA	8	1	7	1	1	9.30941844167119	0.831573752039405	9	HLAMP	7	2
IIICF_T_B1	chr11	86840098	86849808	35	0.787879	1.827257	10	ASCNA	5	1	4	1	1	11.174864613339	0.829095480226011	5	HLAMP	4	1
IIICF_T_B1	chr11	86850483	88158865	1349	0.785714	1.573664	21	ASCNA	8	1	7	1	1	9.11562756604888	0.835861366927804	9	HLAMP	8	1
IIICF_T_B1	chr11	88161795	88933250	391	0.728571	1.231716	18	UBCNA	7	2	5	1	1	6.85437829468217	0.781923680659832	7	HLAMP	5	2
IIICF_T_B1	chr11	88935088	89179946	37	0.756757	1.186089	17	ASCNA	7	1	6	1	1	6.5911840276121	0.819081964746585	7	HLAMP	6	1
IIICF_T_B1	chr11	89181108	89219667	21	0.756757	1.379846	22	UBCNA	8	2	6	1	1	7.76856209607522	0.809636195284635	8	HLAMP	6	2
IIICF_T_B1	chr11	89221256	89945668	76	0.725259	1.227125	18	UBCNA	7	2	5	1	1	6.82751740330318	0.778045458083053	7	HLAMP	5	2
IIICF_T_B1	chr11	89948122	90409963	142	0.741999	1.148992	13	ASCNA	6	1	5	1	1	6.38324502182351	0.802655206058871	6	HLAMP	5	1
IIICF_T_B1	chr11	90410124	90491476	178	0.743902	1.244796	17	ASCNA	7	1	6	1	1	6.93137673471579	0.800200787751354	7	HLAMP	6	1
IIICF_T_B1	chr11	90491914	90625415	111	0.722892	1.211181	18	UBCNA	7	2	5	1	1	6.73489381220387	0.77584211586403	7	HLAMP	5	2
IIICF_T_B1	chr11	90648837	91358927	448	0.621417	0.748373	8	BCNA	4	2	2	1	1	4.44758805366212	0.665094535892651	4	AMP	2	2
IIICF_T_B1	chr11	91360582	91389850	15	0.6625	1.017548	14	UBCNA	6	2	4	1	1	5.68804747824679	0.70820811788632	6	HLAMP	4	2
IIICF_T_B1	chr11	91391757	91918205	521	0.630435	0.779176	7	ASCNA	4	1	3	1	1	4.57809715411142	0.676018988674905	4	AMP	3	1
IIICF_T_B1	chr11	91920362	91939857	42	0.650605	0.916854	14	UBCNA	6	2	4	1	1	5.19672260458804	0.696972431756983	6	HLAMP	4	2
IIICF_T_B1	chr11	91940154	92043837	68	0.637331	0.797205	7	ASCNA	4	1	3	1	1	4.65578694353994	0.684524117892476	4	AMP	3	1
IIICF_T_B1	chr11	92100263	93584075	648	0.688418	0.984283	14	UBCNA	6	2	4	1	1	5.52192697666703	0.743010743108549	6	HLAMP	4	2
IIICF_T_B1	chr11	93592540	93918837	192	0.684571	0.898439	10	ASCNA	5	1	4	1	1	5.11051928501101	0.742354204109138	5	HLAMP	4	1
IIICF_T_B1	chr11	93930073	95319253	918	0.689039	0.988091	14	UBCNA	6	2	4	1	1	5.54075000218316	0.743625599712201	6	HLAMP	4	2
IIICF_T_B1	chr11	95319679	95419397	46	0.725397	0.966032	13	ASCNA	6	1	5	1	1	5.43239839261428	0.791780432623752	6	HLAMP	5	1
IIICF_T_B1	chr11	95420054	96636224	298	0.727273	1.252456	18	UBCNA	7	2	5	1	1	6.97679427980013	0.779391884693142	7	HLAMP	5	2
IIICF_T_B1	chr11	96668628	99368991	1790	0.685714	0.989561	14	UBCNA	6	2	4	1	1	5.54802954553732	0.739270114974351	6	HLAMP	4	2
IIICF_T_B1	chr11	99370484	99502337	145	0.737374	1.165992	13	ASCNA	6	1	5	1	1	6.47787129645137	0.796001856926696	6	HLAMP	5	1
IIICF_T_B1	chr11	99502807	99829340	366	0.722222	1.225754	18	UBCNA	7	2	5	1	1	6.81951255612148	0.774357903588571	7	HLAMP	5	2
IIICF_T_B1	chr11	99840063	99918332	143	0.7375	1.120184	13	ASCNA	6	1	5	1	1	6.22541637205195	0.798537733229707	6	HLAMP	5	1
IIICF_T_B1	chr11	99919006	100809987	795	0.732394	1.247859	18	UBCNA	7	2	5	1	1	6.9495088944851	0.785896488501005	7	HLAMP	5	2
IIICF_T_B1	chr11	100810343	100829892	130	0.729151	1.349906	22	UBCNA	8	2	6	1	1	7.57614276408909	0.777543358988523	8	HLAMP	6	2
IIICF_T_B1	chr11	100830120	100957201	159	0.731707	1.244082	18	UBCNA	7	2	5	1	1	6.92715557116094	0.785223462625583	7	HLAMP	5	2
IIICF_T_B1	chr11	100959372	100986597	36	0.736553	1.0643	13	ASCNA	6	1	5	1	1	5.92809047570208	0.80039651991788	6	HLAMP	5	1
IIICF_T_B1	chr11	100988034	101409786	332	0.639672	0.799607	7	ASCNA	4	1	3	1	1	4.66621102279733	0.687562366757623	4	AMP	3	1
IIICF_T_B1	chr11	101410134	101440682	83	0.640625	0.997094	14	UBCNA	6	2	4	1	1	5.58545010969062	0.68090667719004	6	HLAMP	4	2
IIICF_T_B1	chr11	101444783	101509793	96	0.635642	0.779596	8	BCNA	4	2	2	1	1	4.57989597678459	0.683027095146759	4	AMP	2	2
IIICF_T_B1	chr11	101520048	101589628	57	0.628571	0.954232	14	UBCNA	6	2	4	1	1	5.3751145363284	0.666841002020908	6	HLAMP	4	2
IIICF_T_B1	chr11	101590596	103098270	1073	0.639535	0.804867	7	ASCNA	4	1	3	1	1	4.68909881396167	0.687144865900655	4	AMP	3	1
IIICF_T_B1	chr11	103100517	103187438	62	0.633122	0.894777	14	UBCNA	6	2	4	1	1	5.09350769702414	0.674937380524792	6	HLAMP	4	2
IIICF_T_B1	chr11	103190128	103249952	156	0.631561	0.80849	8	BCNA	4	2	2	1	1	4.70491214528204	0.676299233711986	4	AMP	2	2
IIICF_T_B1	chr11	103270607	103301532	153	0.637931	0.950634	14	UBCNA	6	2	4	1	1	5.35774082223922	0.67912020125165	6	HLAMP	4	2
IIICF_T_B1	chr11	103302135	106070461	2364	0.639117	0.763427	7	ASCNA	4	1	3	1	1	4.51102217849898	0.688458054595985	4	AMP	3	1
IIICF_T_B1	chr11	106090874	114355364	5359	1	-0.667262	2	NLOH	2	0	2	1	1	0.666945156820043	1	2	NEUT	2	0
IIICF_T_B1	chr11	114419670	114420529	36	0.714889	-0.163597	1	DLOH	1	0	1	1	1	1.61407341755878	0.927896103124821	1	HETD	1	0
IIICF_T_B1	chr11	114420585	114424632	234	0.769673	-0.163597	2	NLOH	2	0	2	1	1	1.61407341755878	1	2	NEUT	2	0
IIICF_T_B1	chr11	114424677	114456331	64	0.705385	-0.447179	1	DLOH	1	0	1	1	1	1.04052887420445	1	1	HETD	1	0
IIICF_T_B1	chr11	114556414	118266079	2191	1	-0.719617	2	NLOH	2	0	2	1	1	0.586155381243017	1	2	NEUT	2	0
IIICF_T_B1	chr11	118292772	118299359	27	0.6	-0.517021	1	DLOH	1	0	1	1	1	0.915746567002194	0.774714072512137	1	HETD	1	0
IIICF_T_B1	chr11	118316960	131230245	8817	1	-0.695074	2	NLOH	2	0	2	1	1	0.623663144692154	1	2	NEUT	2	0
IIICF_T_B1	chr11	131230525	131230834	19	0.548387	-0.691311	1	DLOH	1	0	1	1	1	0.629470562915049	0.671373221162013	1	HETD	1	0
IIICF_T_B1	chr11	131231425	134939292	2807	1	-0.777162	2	NLOH	2	0	2	1	1	0.50067446024236	1	2	NEUT	2	0
IIICF_T_B1	chr12	190980	834126	701	0.666667	0.784136	7	ASCNA	4	1	3	1	1	4.59937385506228	0.724643780151458	4	AMP	3	1
IIICF_T_B1	chr12	841922	1660983	323	0.666667	0.879083	14	UBCNA	6	2	4	1	1	5.0210893145033	0.719774377727593	6	HLAMP	4	2
IIICF_T_B1	chr12	1662065	1779545	116	0.671535	0.848861	7	ASCNA	4	1	3	1	1	4.88383274937779	0.727729673258987	4	AMP	3	1
IIICF_T_B1	chr12	1780722	1887698	101	0.657143	0.968825	14	UBCNA	6	2	4	1	1	5.44602590224195	0.70330860418129	6	HLAMP	4	2
IIICF_T_B1	chr12	1890589	2769819	426	0.666667	0.788937	7	ASCNA	4	1	3	1	1	4.62003828753775	0.724384462547572	4	AMP	3	1
IIICF_T_B1	chr12	2770446	2785089	28	0.668028	0.990194	14	UBCNA	6	2	4	1	1	5.55116649144445	0.716456452475071	6	HLAMP	4	2
IIICF_T_B1	chr12	2788879	3002767	177	0.661972	0.807935	7	ASCNA	4	1	3	1	1	4.70248715675624	0.717080109541229	4	AMP	3	1
IIICF_T_B1	chr12	3033855	3038506	2	1	0.914194	12	ALOH	6	0	6	1	1	5.18420266074949	1	6	HLAMP	6	0
IIICF_T_B1	chr12	3058136	3199887	73	0.661538	0.918119	14	UBCNA	6	2	4	1	1	5.20268474216746	0.711214429961528	6	HLAMP	4	2
IIICF_T_B1	chr12	3212606	6028729	2196	0.666667	0.787888	7	ASCNA	4	1	3	1	1	4.61551731565479	0.724440997710911	4	AMP	3	1
IIICF_T_B1	chr12	6050036	6067634	32	0.624094	0.923951	14	UBCNA	6	2	4	1	1	5.23023955528605	0.662054540640835	6	HLAMP	4	2
IIICF_T_B1	chr12	6070839	6586728	237	0.679487	0.863188	10	ASCNA	5	1	4	1	1	4.94854203328706	0.737517848603514	5	HLAMP	4	1
IIICF_T_B1	chr12	6587668	6820577	77	0.652778	0.907024	14	UBCNA	6	2	4	1	1	5.15057003901732	0.700235921048287	6	HLAMP	4	2
IIICF_T_B1	chr12	6825595	7379571	183	0.66	0.883649	7	ASCNA	4	1	3	1	1	5.04207746590571	0.710770758899865	4	AMP	3	1
IIICF_T_B1	chr12	7380032	7429058	71	0.65625	0.907903	14	UBCNA	6	2	4	1	1	5.15468421734488	0.704747700514928	6	HLAMP	4	2
IIICF_T_B1	chr12	7431745	7499352	45	0.666667	0.770866	7	ASCNA	4	1	3	1	1	4.54261363463931	0.725368203376827	4	AMP	3	1
IIICF_T_B1	chr12	7502208	7627311	60	0.659883	0.922393	14	UBCNA	6	2	4	1	1	5.22286746858083	0.708860483758606	6	HLAMP	4	2
IIICF_T_B1	chr12	7673057	8049836	305	0.666667	0.849596	7	ASCNA	4	1	3	1	1	4.88713683347214	0.72123000814067	4	AMP	3	1
IIICF_T_B1	chr12	8050004	8097433	48	0.677171	0.937468	14	UBCNA	6	2	4	1	1	5.2945340630715	0.730709731355125	6	HLAMP	4	2
IIICF_T_B1	chr12	8111713	8264559	143	0.666667	0.830594	7	ASCNA	4	1	3	1	1	4.80225461063907	0.722194436266821	4	AMP	3	1
IIICF_T_B1	chr12	8271176	8309235	32	0.663842	0.948323	14	UBCNA	6	2	4	1	1	5.34660449465736	0.712870698849737	6	HLAMP	4	2
IIICF_T_B1	chr12	8609211	9748450	414	0.666667	0.788332	7	ASCNA	4	1	3	1	1	4.61743046211501	0.72441706012915	4	AMP	3	1
IIICF_T_B1	chr12	9831164	10018275	123	0.666667	0.886306	14	UBCNA	6	2	4	1	1	5.05432128447734	0.719425198741393	6	HLAMP	4	2
IIICF_T_B1	chr12	10020127	10029514	42	0.682937	0.817223	7	ASCNA	4	1	3	1	1	4.7431927516771	0.744643933574671	4	AMP	3	1
IIICF_T_B1	chr12	10031880	10999708	605	0.659574	0.909375	14	UBCNA	6	2	4	1	1	5.16157956106632	0.709037254942758	6	HLAMP	4	2
IIICF_T_B1	chr12	11000560	11119606	120	0.66159	0.833839	7	ASCNA	4	1	3	1	1	4.81667103039338	0.71526483047049	4	AMP	3	1
IIICF_T_B1	chr12	11120139	11139712	71	0.680556	0.914239	14	UBCNA	6	2	4	1	1	5.18441427241223	0.736276552450924	6	HLAMP	4	2
IIICF_T_B1	chr12	11140444	11210226	174	0.729151	0.702106	7	ASCNA	4	1	3	1	1	4.25672173751358	0.815280054938473	4	AMP	3	1
IIICF_T_B1	chr12	11211904	11221571	68	0.666667	0.92577	14	UBCNA	6	2	4	1	1	5.23885671171749	0.717566824427893	6	HLAMP	4	2
IIICF_T_B1	chr12	11221631	11233856	312	0.715352	0.94273	13	ASCNA	6	1	5	1	1	5.31972646515317	0.780120344107919	6	HLAMP	5	1
IIICF_T_B1	chr12	11235999	11277468	132	0.669048	1.060385	14	UBCNA	6	2	4	1	1	5.90768957440528	0.714830083856848	6	HLAMP	4	2
IIICF_T_B1	chr12	11277782	11278031	23	0.851351	0.831186	6	ALOH	4	0	4	1	1	4.80488224552827	0.968344472485124	4	AMP	4	0
IIICF_T_B1	chr12	11278075	11282063	46	0.774431	0.831186	10	ASCNA	5	1	4	1	1	4.80488224552827	0.865811515915893	5	HLAMP	4	1
IIICF_T_B1	chr12	11282099	11282534	24	0.858961	0.82227	6	ALOH	4	0	4	1	1	4.76542187362511	0.979478218227135	4	AMP	4	0
IIICF_T_B1	chr12	11282556	11330245	141	0.658228	0.778452	7	ASCNA	4	1	3	1	1	4.57499755560723	0.713562457767104	4	AMP	3	1
IIICF_T_B1	chr12	11331479	11377553	79	0.688312	0.934569	14	UBCNA	6	2	4	1	1	5.28069398849628	0.745366536414504	6	HLAMP	4	2
IIICF_T_B1	chr12	11380187	12169221	462	0.676056	0.851181	7	ASCNA	4	1	3	1	1	4.89426769875371	0.733608778717037	4	AMP	3	1
IIICF_T_B1	chr12	12171246	13169564	302	0.666667	0.898571	14	UBCNA	6	2	4	1	1	5.1111332892712	0.718838773213007	6	HLAMP	4	2
IIICF_T_B1	chr12	13172324	13188457	31	0.672414	0.787813	7	ASCNA	4	1	3	1	1	4.61519420714754	0.732184340928245	4	AMP	3	1
IIICF_T_B1	chr12	13191995	13347745	108	0.660546	0.919213	14	UBCNA	6	2	4	1	1	5.20784514792655	0.709868446865058	6	HLAMP	4	2
IIICF_T_B1	chr12	13350245	13609440	242	0.668776	0.835295	7	ASCNA	4	1	3	1	1	4.82315008425958	0.724762471830508	4	AMP	3	1
IIICF_T_B1	chr12	13610510	13681819	81	0.666667	0.982883	14	UBCNA	6	2	4	1	1	5.51501922787174	0.715018034839857	6	HLAMP	4	2
IIICF_T_B1	chr12	13702916	15395799	965	0.661538	0.835659	7	ASCNA	4	1	3	1	1	4.82477086967231	0.715105477334679	4	AMP	3	1
IIICF_T_B1	chr12	15400293	15477683	50	0.674045	0.918893	14	UBCNA	6	2	4	1	1	5.20633530073094	0.727530074280116	6	HLAMP	4	2
IIICF_T_B1	chr12	15480619	15699772	208	0.647938	0.844673	7	ASCNA	4	1	3	1	1	4.86503830077928	0.69658954827688	4	AMP	3	1
IIICF_T_B1	chr12	15700857	16129119	175	0.661972	0.899744	14	UBCNA	6	2	4	1	1	5.11659202285978	0.712620004803382	6	HLAMP	4	2
IIICF_T_B1	chr12	16130022	16329144	69	0.666667	0.79231	7	ASCNA	4	1	3	1	1	4.63459751481723	0.724203147632407	4	AMP	3	1
IIICF_T_B1	chr12	16330884	16359628	88	0.658179	0.918012	14	UBCNA	6	2	4	1	1	5.2021802324588	0.706827182252194	6	HLAMP	4	2
IIICF_T_B1	chr12	16360084	18389966	1580	0.666667	0.803005	7	ASCNA	4	1	3	1	1	4.68098716675046	0.723632951268442	4	AMP	3	1
IIICF_T_B1	chr12	18391694	18399886	44	0.647021	0.920558	14	UBCNA	6	2	4	1	1	5.21419488766618	0.692133334227973	6	HLAMP	4	2
IIICF_T_B1	chr12	18400036	18657861	242	0.661652	0.836173	7	ASCNA	4	1	3	1	1	4.82706025770334	0.715231856754274	4	AMP	3	1
IIICF_T_B1	chr12	18660095	18684863	30	0.679371	0.979755	14	UBCNA	6	2	4	1	1	5.49960954217933	0.731553341040531	6	HLAMP	4	2
IIICF_T_B1	chr12	18690070	18799560	96	0.666667	0.822229	7	ASCNA	4	1	3	1	1	4.76524097881088	0.722625741229463	4	AMP	3	1
IIICF_T_B1	chr12	18801376	18819726	55	0.666667	0.986739	14	UBCNA	6	2	4	1	1	5.53406134807901	0.714851664039164	6	HLAMP	4	2
IIICF_T_B1	chr12	18820035	18867266	78	0.657685	0.841301	7	ASCNA	4	1	3	1	1	4.84994540633886	0.70970336752551	4	AMP	3	1
IIICF_T_B1	chr12	18872123	19089150	111	0.666667	0.90429	14	UBCNA	6	2	4	1	1	5.13778950516969	0.718568092203368	6	HLAMP	4	2
IIICF_T_B1	chr12	19090139	19837809	215	0.677966	0.869401	10	ASCNA	5	1	4	1	1	4.97680402831396	0.735178336680269	5	HLAMP	4	1
IIICF_T_B1	chr12	19841908	19849801	28	0.653659	0.937761	14	UBCNA	6	2	4	1	1	5.29593441826633	0.700080438094493	6	HLAMP	4	2
IIICF_T_B1	chr12	19850345	21159053	974	0.666667	0.808515	7	ASCNA	4	1	3	1	1	4.70502140095832	0.723341957264806	4	AMP	3	1
IIICF_T_B1	chr12	21161178	21469192	185	0.666667	0.889432	14	UBCNA	6	2	4	1	1	5.06875521985903	0.719274962954014	6	HLAMP	4	2
IIICF_T_B1	chr12	21469942	21498926	85	0.655738	0.846276	7	ASCNA	4	1	3	1	1	4.87222562483865	0.706879138011658	4	AMP	3	1
IIICF_T_B1	chr12	21500452	21709657	273	0.677419	0.926976	14	UBCNA	6	2	4	1	1	5.24457589319416	0.731543380557775	6	HLAMP	4	2
IIICF_T_B1	chr12	21710605	24099662	1421	0.661538	0.812467	7	ASCNA	4	1	3	1	1	4.72231636529305	0.716267667437296	4	AMP	3	1
IIICF_T_B1	chr12	24112301	24159515	61	0.658228	0.930923	14	UBCNA	6	2	4	1	1	5.26332710859151	0.706325905336744	6	HLAMP	4	2
IIICF_T_B1	chr12	24161508	24424993	119	0.676471	0.823665	7	ASCNA	4	1	3	1	1	4.77157977351652	0.735642740507336	4	AMP	3	1
IIICF_T_B1	chr12	24427401	24485571	72	0.663978	0.900203	14	UBCNA	6	2	4	1	1	5.1187292574922	0.715231864001045	6	HLAMP	4	2
IIICF_T_B1	chr12	24492744	24959857	455	0.658537	0.842064	7	ASCNA	4	1	3	1	1	4.85335746680781	0.710799663865063	4	AMP	3	1
IIICF_T_B1	chr12	24960286	25069774	117	0.647887	0.895941	14	UBCNA	6	2	4	1	1	5.09891030437084	0.694291042195493	6	HLAMP	4	2
IIICF_T_B1	chr12	25083749	25129782	68	0.663842	0.795429	7	ASCNA	4	1	3	1	1	4.64809070023567	0.720238718253349	4	AMP	3	1
IIICF_T_B1	chr12	25130082	25199646	84	0.662132	0.920192	14	UBCNA	6	2	4	1	1	5.21246641679259	0.711897532611286	6	HLAMP	4	2
IIICF_T_B1	chr12	25200587	25251104	88	0.671331	0.770847	7	ASCNA	4	1	3	1	1	4.54253273901581	0.731675969200048	4	AMP	3	1
IIICF_T_B1	chr12	25253259	25386063	146	0.661414	0.888261	14	UBCNA	6	2	4	1	1	5.06334460199751	0.712418312796979	6	HLAMP	4	2
IIICF_T_B1	chr12	25388711	25989205	295	0.655738	0.838308	7	ASCNA	4	1	3	1	1	4.83657841592625	0.707256065391708	4	AMP	3	1
IIICF_T_B1	chr12	25990465	26449479	390	0.666667	0.901232	14	UBCNA	6	2	4	1	1	5.12352304595583	0.71871261088874	6	HLAMP	4	2
IIICF_T_B1	chr12	26450396	26459766	23	0.646154	0.715554	7	ASCNA	4	1	3	1	1	4.31156949320257	0.700388857288013	4	AMP	3	1
IIICF_T_B1	chr12	26460045	26499487	64	0.642857	0.914792	14	UBCNA	6	2	4	1	1	5.18701528364531	0.686921331348046	6	HLAMP	4	2
IIICF_T_B1	chr12	26500738	26518214	15	0.676471	0.793476	7	ASCNA	4	1	3	1	1	4.63963836320452	0.737325458487054	4	AMP	3	1
IIICF_T_B1	chr12	26520938	28065488	978	0.662162	0.906951	14	UBCNA	6	2	4	1	1	5.15022847367295	0.712538243873454	6	HLAMP	4	2
IIICF_T_B1	chr12	28087470	28166067	100	0.666667	0.84484	7	ASCNA	4	1	3	1	1	4.86578670118414	0.721469420082331	4	AMP	3	1
IIICF_T_B1	chr12	28167601	28349409	230	0.648268	0.889267	14	UBCNA	6	2	4	1	1	5.06799256978382	0.695075413798027	6	HLAMP	4	2
IIICF_T_B1	chr12	28360015	28369662	28	0.697894	0.799959	7	ASCNA	4	1	3	1	1	4.66774007331603	0.765725145171706	4	AMP	3	1
IIICF_T_B1	chr12	28371721	28649875	287	0.666667	0.919827	14	UBCNA	6	2	4	1	1	5.21074310516523	0.717841445073867	6	HLAMP	4	2
IIICF_T_B1	chr12	28660206	28758373	89	0.676923	0.809264	7	ASCNA	4	1	3	1	1	4.7082955792301	0.737043663079864	4	AMP	3	1
IIICF_T_B1	chr12	28759775	28909590	133	0.671642	0.89341	14	UBCNA	6	2	4	1	1	5.08716844540725	0.725624206787296	6	HLAMP	4	2
IIICF_T_B1	chr12	28921395	31150450	2397	0.553571	0.291301	5	GAIN	3	1	2	1	1	2.80546215382939	0.584122217726618	3	GAIN	2	1
IIICF_T_B1	chr12	31384097	31407037	29	0.546667	0.632322	8	BCNA	4	2	2	1	1	3.98017399251454	0.565426057377335	4	AMP	2	2
IIICF_T_B1	chr12	31426879	61489558	16083	0.553571	0.308416	5	GAIN	3	1	2	1	1	2.85803558839901	0.583560229467027	3	GAIN	2	1
IIICF_T_B1	chr12	61490030	61509989	50	0.609903	-0.047919	3	HET	2	1	1	NA	NA	1.88239232119616	0.703314982902414	2	NEUT	1	1
IIICF_T_B1	chr12	61510516	96738559	22045	0.666667	-0.088891	1	DLOH	1	0	1	1	1	1.78488655513016	0.816064106534799	1	HETD	1	0
IIICF_T_B1	chr12	96742383	96869905	105	0.781818	0.630865	6	ALOH	4	0	4	1	1	3.97454139582441	0.895262877410448	4	AMP	4	0
IIICF_T_B1	chr12	96870026	96879306	25	0.75	0.303541	4	ALOH	3	0	3	1	1	2.84299710537083	0.89069114932241	3	GAIN	3	0
IIICF_T_B1	chr12	96880353	133796518	25261	0.666667	-0.129069	1	DLOH	1	0	1	1	1	1.6919221709269	0.824272882475803	1	HETD	1	0
IIICF_T_B1	chr12	133797105	133819755	30	0.773469	0.328133	4	ALOH	3	0	3	1	1	2.9193799829598	0.923341055228453	3	GAIN	3	0
IIICF_T_B1	chr13	20140719	20361366	73	1	-0.60902	2	NLOH	2	0	2	1	1	0.760332213003842	1	2	NEUT	2	0
IIICF_T_B1	chr13	20370494	20371400	38	0.661449	-0.567341	1	DLOH	1	0	1	1	1	0.829514181726421	0.972846219485518	1	HETD	1	0
IIICF_T_B1	chr13	20371921	21811448	687	1	-0.599852	2	NLOH	2	0	2	1	1	0.775378954705441	1	2	NEUT	2	0
IIICF_T_B1	chr13	21816816	21817163	19	0.626866	-0.638251	1	DLOH	1	0	1	1	1	0.712991084470932	0.911550835606384	1	HETD	1	0
IIICF_T_B1	chr13	21861226	25669061	3840	1	-0.622597	2	NLOH	2	0	2	1	1	0.73822423176398	1	2	NEUT	2	0
IIICF_T_B1	chr13	25670776	25671672	37	0.622642	-0.599581	1	DLOH	1	0	1	1	1	0.775825183029059	0.875559300624089	1	HETD	1	0
IIICF_T_B1	chr13	25675319	63594669	23930	1	-0.607473	2	NLOH	2	0	2	1	1	0.762864485220646	1	2	NEUT	2	0
IIICF_T_B1	chr13	63602646	63630555	362	0.63799	-0.411355	1	DLOH	1	0	1	1	1	1.10691594207444	0.837440972687942	1	HETD	1	0
IIICF_T_B1	chr13	63630590	63632185	104	0.805754	-0.236223	2	NLOH	2	0	2	1	1	1.45628338273073	1	2	NEUT	2	0
IIICF_T_B1	chr13	63632192	63633671	60	0.734859	-0.236223	1	DLOH	1	0	1	1	1	1.45628338273073	0.992885611880123	1	HETD	1	0
IIICF_T_B1	chr13	63633680	63634760	60	0.796804	-0.236223	2	NLOH	2	0	2	1	1	1.45628338273073	1	2	NEUT	2	0
IIICF_T_B1	chr13	63634768	63636264	99	0.732919	-0.236223	1	DLOH	1	0	1	1	1	1.45628338273073	0.988814241027622	1	HETD	1	0
IIICF_T_B1	chr13	63636267	63637783	114	0.835366	-0.236223	2	NLOH	2	0	2	1	1	1.45628338273073	1	2	NEUT	2	0
IIICF_T_B1	chr13	63637800	63646328	344	0.729069	-0.334584	1	DLOH	1	0	1	1	1	1.254858773895	1	1	HETD	1	0
IIICF_T_B1	chr13	63646354	115093704	34896	1	-0.618997	2	NLOH	2	0	2	1	1	0.744066003619876	1	2	NEUT	2	0
IIICF_T_B1	chr14	20211239	40639859	13519	0.553191	0.310806	5	GAIN	3	1	2	1	1	2.86542688525976	0.582890696417728	3	GAIN	2	1
IIICF_T_B1	chr14	40650567	95048379	33934	0.615385	-0.326707	1	DLOH	1	0	1	1	1	1.27048836687104	0.760690431294688	1	HETD	1	0
IIICF_T_B1	chr14	95050496	95179770	257	0.742857	0.133648	2	NLOH	2	0	2	1	1	2.34942523842221	0.908240501428984	2	NEUT	2	0
IIICF_T_B1	chr14	95182673	97438939	1975	0.74359	0.253448	4	ALOH	3	0	3	1	1	2.69137778253447	0.888396474010367	3	GAIN	3	0
IIICF_T_B1	chr14	97439889	98740867	624	0.744681	0.166778	2	NLOH	2	0	2	1	1	2.44116763775592	0.905044611803671	2	NEUT	2	0
IIICF_T_B1	chr14	98741716	98757035	40	0.690066	0.182062	5	GAIN	3	1	2	1	1	2.48420693868576	0.81247683228187	3	GAIN	2	1
IIICF_T_B1	chr14	98757750	99143089	537	0.75	0.173862	4	ALOH	3	0	3	1	1	2.46105929258534	0.912525352997376	3	GAIN	3	0
IIICF_T_B1	chr14	99152785	99785610	377	0.738095	0.202996	2	NLOH	2	0	2	1	1	2.54390133034991	0.887840299630319	2	NEUT	2	0
IIICF_T_B1	chr14	99800163	101146514	802	0.754408	0.289564	4	ALOH	3	0	3	1	1	2.80016125841538	0.899770005952134	3	GAIN	3	0
IIICF_T_B1	chr14	101149511	101842712	484	0.733333	0.157089	2	NLOH	2	0	2	1	1	2.41411889337348	0.887972592372712	2	NEUT	2	0
IIICF_T_B1	chr14	101845109	103939679	1834	0.74359	0.31285	4	ALOH	3	0	3	1	1	2.87175786620086	0.87930092866344	3	GAIN	3	0
IIICF_T_B1	chr14	103940436	103967967	39	0.619048	0.547112	7	ASCNA	4	1	3	1	1	3.66013957089338	0.671086844353189	4	AMP	3	1
IIICF_T_B1	chr14	103970508	106307750	1726	0.75	0.284523	4	ALOH	3	0	3	1	1	2.78481345885433	0.893630636731933	3	GAIN	3	0
IIICF_T_B1	chr14	106309840	106687148	92	0.702941	0.174453	5	GAIN	3	1	2	1	1	2.46272322090054	0.834784091208336	3	GAIN	2	1
IIICF_T_B1	chr14	106691545	106772147	141	0.740741	0.16787	2	NLOH	2	0	2	1	1	2.44422757619001	0.898324813783836	2	NEUT	2	0
IIICF_T_B1	chr14	106772253	106879928	197	0.603175	0.43591	5	GAIN	3	1	2	1	1	3.26992799038746	0.65365733971198	3	GAIN	2	1
IIICF_T_B1	chr14	106891046	106909510	89	0.756098	0.23508	4	ALOH	3	0	3	1	1	2.63708825130982	0.911474276366123	3	GAIN	3	0
IIICF_T_B1	chr14	106910447	106985684	298	0.649675	0.316494	5	GAIN	3	1	2	1	1	2.88306687889051	0.732736111078957	3	GAIN	2	1
IIICF_T_B1	chr14	106985803	107009857	88	0.779514	0.218697	4	ALOH	3	0	3	1	1	2.58924546045639	0.952230380432396	3	GAIN	3	0
IIICF_T_B1	chr14	107009906	107017286	88	0.714286	0.29479	5	GAIN	3	1	2	1	1	2.81612902519151	0.836029122261466	3	GAIN	2	1
IIICF_T_B1	chr14	107017453	107023726	56	0.763932	0.29479	4	ALOH	3	0	3	1	1	2.81612902519151	0.913880693543737	3	GAIN	3	0
IIICF_T_B1	chr14	107024359	107045993	433	0.580645	0.233981	5	GAIN	3	1	2	1	1	2.63386184606368	0.629632766753564	3	GAIN	2	1
IIICF_T_B1	chr14	107046005	107107951	132	0.747881	0.191612	2	NLOH	2	0	2	1	1	2.51133184223829	0.905802886198369	2	NEUT	2	0
IIICF_T_B1	chr14	107107952	107114833	261	0.59322	0.122014	5	GAIN	3	1	2	1	1	2.31770534653451	0.65757081658327	3	GAIN	2	1
IIICF_T_B1	chr14	107115364	107238288	48	0.762014	0.156929	2	NLOH	2	0	2	1	1	2.41367374488986	0.935693722766726	2	NEUT	2	0
IIICF_T_B1	chr14	107238298	107268223	215	0.623188	0.354152	5	GAIN	3	1	2	1	1	3.00162528673628	0.68885015247884	3	GAIN	2	1
IIICF_T_B1	chr15	21910347	22473871	127	0.634146	-0.605736	1	DLOH	1	0	1	1	1	0.765711004905712	0.914441434985237	1	HETD	1	0
IIICF_T_B1	chr15	22474924	22489318	109	0.55	-0.637693	3	HET	2	1	1	NA	NA	0.713885843295037	0.662058400942291	2	NEUT	1	1
IIICF_T_B1	chr15	22489338	102115207	49315	0.677419	-0.184944	1	DLOH	1	0	1	1	1	1.56686704159384	0.858582694156606	1	HETD	1	0
IIICF_T_B1	chr16	94168	1935889	1192	0.666667	-0.113301	1	DLOH	1	0	1	1	1	1.72809803804084	0.820973573446274	1	HETD	1	0
IIICF_T_B1	chr16	1997614	2128670	70	0.784747	0.733616	10	ASCNA	5	1	4	1	1	4.38604457527934	0.888616801674265	5	HLAMP	4	1
IIICF_T_B1	chr16	2190018	3214352	488	0.666667	-0.097344	1	DLOH	1	0	1	1	1	1.76511226843577	0.81773777980123	1	HETD	1	0
IIICF_T_B1	chr16	3222309	7789262	4946	0.555556	0.203574	5	GAIN	3	1	2	1	1	2.54556184694717	0.590474091800602	3	GAIN	2	1
IIICF_T_B1	chr16	7790267	7884841	52	0.558482	0.07249	3	HET	2	1	1	NA	NA	2.18550478372644	0.601294800912112	2	NEUT	1	1
IIICF_T_B1	chr16	7903609	32521354	15111	0.555556	0.25241	5	GAIN	3	1	2	1	1	2.6882913479588	0.588620184923	3	GAIN	2	1
IIICF_T_B1	chr16	32521369	32522485	25	0.727273	0.103971	2	NLOH	2	0	2	1	1	2.26901462524458	0.887528792338702	2	NEUT	2	0
IIICF_T_B1	chr16	32522648	32545733	502	0.623808	0.103971	5	GAIN	3	1	2	1	1	2.26901462524458	0.711108071446542	3	GAIN	2	1
IIICF_T_B1	chr16	32545855	32582541	363	0.603774	0.067751	3	HET	2	1	1	NA	NA	2.17309066842959	0.680177613061841	2	NEUT	1	1
IIICF_T_B1	chr16	32584279	32601002	133	0.672897	0.032564	1	DLOH	1	0	1	1	1	2.08218051009344	0.805750275680381	1	HETD	1	0
IIICF_T_B1	chr16	32601716	33893960	176	0.673813	0.168529	5	GAIN	3	1	2	1	1	2.44607530831659	0.787501259595766	3	GAIN	2	1
IIICF_T_B1	chr16	33896499	33931453	16	0.794027	0.185648	2	NLOH	2	0	2	1	1	2.4943712220436	0.982621625280813	2	NEUT	2	0
IIICF_T_B1	chr16	33931737	33939800	43	0.635294	0.221035	5	GAIN	3	1	2	1	1	2.59603986360318	0.718675627220321	3	GAIN	2	1
IIICF_T_B1	chr16	33939927	33955039	348	0.669597	0.083546	1	DLOH	1	0	1	1	1	2.2146257209276	0.792120956513283	1	HETD	1	0
IIICF_T_B1	chr16	33955052	33956062	29	0.583942	-0.067689	3	HET	2	1	1	NA	NA	1.83499761598148	0.657131199044006	2	NEUT	1	1
IIICF_T_B1	chr16	33956076	33971112	628	0.673759	-0.06466	1	DLOH	1	0	1	1	1	1.84221698664772	0.824666113548026	1	HETD	1	0
IIICF_T_B1	chr16	33971209	33971233	4	0.547042	-0.47028	3	HET	2	1	1	NA	NA	0.998585382934998	0.622412910068356	2	NEUT	1	1
IIICF_T_B1	chr16	33971235	33971235	1	0.855422	-0.47028	9	ALOH	5	0	5	1	1	0.998585382934998	1	5	HLAMP	5	0
IIICF_T_B1	chr16	33971250	33971250	1	0.521622	-0.47028	3	HET	2	1	1	NA	NA	0.998585382934998	0.556264868447302	2	NEUT	1	1
IIICF_T_B1	chr16	33971268	33973168	53	0.684466	-0.47028	1	DLOH	1	0	1	1	1	0.998585382934998	0.980018278743874	1	HETD	1	0
IIICF_T_B1	chr16	33973200	33973305	6	0.578154	-0.47028	3	HET	2	1	1	NA	NA	0.998585382934998	0.703372700426901	2	NEUT	1	1
IIICF_T_B1	chr16	33973329	34004293	156	0.656595	-0.47028	1	DLOH	1	0	1	1	1	0.998585382934998	0.907492233581782	1	HETD	1	0
IIICF_T_B1	chr16	34004307	34009890	119	0.6	-0.047402	3	HET	2	1	1	NA	NA	1.88364046263487	0.684938615029622	2	NEUT	1	1
IIICF_T_B1	chr16	34180003	34181860	51	0.654545	0.002026	1	DLOH	1	0	1	1	1	2.00505900276692	0.777864282167819	1	HETD	1	0
IIICF_T_B1	chr16	34181871	34183866	55	0.59434	0.002026	3	HET	2	1	1	NA	NA	2.00505900276692	0.669618663688324	2	NEUT	1	1
IIICF_T_B1	chr16	34183884	34189970	119	0.676259	0.002026	1	DLOH	1	0	1	1	1	2.00505900276692	0.816904982436298	1	HETD	1	0
IIICF_T_B1	chr16	34189972	34191562	60	0.788546	0.067118	2	NLOH	2	0	2	1	1	2.17143556927218	1	2	NEUT	2	0
IIICF_T_B1	chr16	34191847	34194932	114	0.677762	0.067118	1	DLOH	1	0	1	1	1	2.17143556927218	0.808739038558062	1	HETD	1	0
IIICF_T_B1	chr16	34194942	34195449	24	0.807924	0.067118	2	NLOH	2	0	2	1	1	2.17143556927218	1	2	NEUT	2	0
IIICF_T_B1	chr16	34195452	34195485	2	0.516618	0.067118	3	HET	2	1	1	NA	NA	2.17143556927218	0.52886232908472	2	NEUT	1	1
IIICF_T_B1	chr16	34195501	34195531	7	0.799145	0.067118	2	NLOH	2	0	2	1	1	2.17143556927218	1	2	NEUT	2	0
IIICF_T_B1	chr16	34195534	46448704	221	0.691176	0.067118	1	DLOH	1	0	1	1	1	2.17143556927218	0.832036624449411	1	HETD	1	0
IIICF_T_B1	chr16	46449430	46449995	38	0.582222	-0.11613	3	HET	2	1	1	NA	NA	1.72157844169879	0.658634499719295	2	NEUT	1	1
IIICF_T_B1	chr16	46500438	90149995	31315	0.666667	-0.211689	1	DLOH	1	0	1	1	1	1.50870092054623	0.843413022487191	1	HETD	1	0
IIICF_T_B1	chr17	828	809956	519	0.555556	0.21371	5	GAIN	3	1	2	1	1	2.57478960423869	0.590077718632654	3	GAIN	2	1
IIICF_T_B1	chr17	810559	959515	114	0.556848	0.053448	3	HET	2	1	1	NA	NA	2.13586935609065	0.599431729219631	2	NEUT	1	1
IIICF_T_B1	chr17	970252	2627022	1588	0.555556	0.235159	5	GAIN	3	1	2	1	1	2.63732027141015	0.589259211255523	3	GAIN	2	1
IIICF_T_B1	chr17	2631023	3447551	410	0.555556	0.116045	3	HET	2	1	1	NA	NA	2.30152999099555	0.59417646664765	2	NEUT	1	1
IIICF_T_B1	chr17	3470477	8854159	3934	0.558824	0.200375	5	GAIN	3	1	2	1	1	2.53637989091622	0.595929939994488	3	GAIN	2	1
IIICF_T_B1	chr17	8860015	9114005	318	0.552632	0.1112	3	HET	2	1	1	NA	NA	2.28844967418222	0.5894289390543	2	NEUT	1	1
IIICF_T_B1	chr17	9126635	10871773	1527	0.55814	0.176215	5	GAIN	3	1	2	1	1	2.46768808335246	0.595835364737653	3	GAIN	2	1
IIICF_T_B1	chr17	10886218	11270757	219	0.552632	0.139103	3	HET	2	1	1	NA	NA	2.36438651414441	0.588247134279425	2	NEUT	1	1
IIICF_T_B1	chr17	11323957	13809001	2030	0.553191	0.186603	5	GAIN	3	1	2	1	1	2.49708237009792	0.587271697384473	3	GAIN	2	1
IIICF_T_B1	chr17	13811127	14429993	753	0.558824	0.112679	3	HET	2	1	1	NA	NA	2.29243795598579	0.599878441534533	2	NEUT	1	1
IIICF_T_B1	chr17	14440245	14739164	372	0.555556	0.179796	5	GAIN	3	1	2	1	1	2.47779712356771	0.591429058940284	3	GAIN	2	1
IIICF_T_B1	chr17	14740908	14763026	68	0.554094	0.120999	3	HET	2	1	1	NA	NA	2.3149500797975	0.591480142136738	2	NEUT	1	1
IIICF_T_B1	chr17	14783322	21212645	3695	0.557143	0.227416	5	GAIN	3	1	2	1	1	2.61463966027955	0.59210967836983	3	GAIN	2	1
IIICF_T_B1	chr17	21212662	21219793	184	0.539474	0.125828	3	HET	2	1	1	NA	NA	2.32807597916586	0.566601962299115	2	NEUT	1	1
IIICF_T_B1	chr17	21220113	21231819	322	0.656125	0.164791	5	GAIN	3	1	2	1	1	2.43560572073088	0.758682789641634	3	GAIN	2	1
IIICF_T_B1	chr17	21231832	21233356	32	0.817192	0.112609	2	NLOH	2	0	2	1	1	2.29224910130223	1	2	NEUT	2	0
IIICF_T_B1	chr17	21233444	21254083	753	0.678161	0.104091	1	DLOH	1	0	1	1	1	2.26933644907122	0.803768895519367	1	HETD	1	0
IIICF_T_B1	chr17	21254154	32186894	2621	0.555556	0.206144	5	GAIN	3	1	2	1	1	2.55295317335379	0.590372996717195	3	GAIN	2	1
IIICF_T_B1	chr17	32188740	33009370	661	0.555556	0.104401	3	HET	2	1	1	NA	NA	2.27016795119812	0.594710002772746	2	NEUT	1	1
IIICF_T_B1	chr17	33010321	41380777	3267	0.56	0.204218	5	GAIN	3	1	2	1	1	2.54741275642718	0.597683837071074	3	GAIN	2	1
IIICF_T_B1	chr17	41380896	41381802	2	0.839792	0.146824	9	ALOH	5	0	5	1	1	2.38565961844269	1	5	HLAMP	5	0
IIICF_T_B1	chr17	41381934	41381934	1	0.579952	0.146824	3	HET	2	1	1	NA	NA	2.38565961844269	0.633571657921552	2	NEUT	1	1
IIICF_T_B1	chr17	41382262	41383321	18	0.854067	0.146824	4	ALOH	3	0	3	1	1	2.38565961844269	1	3	GAIN	3	0
IIICF_T_B1	chr17	41383772	41462677	172	0.566667	0.237919	5	GAIN	3	1	2	1	1	2.64543427096008	0.606986684329423	3	GAIN	2	1
IIICF_T_B1	chr17	41463668	41463846	22	0.818743	0.336162	4	ALOH	3	0	3	1	1	2.94460136471276	0.991930815045179	3	GAIN	3	0
IIICF_T_B1	chr17	41464322	49627135	4404	0.555556	0.235849	5	GAIN	3	1	2	1	1	2.63934731626903	0.589233326855739	3	GAIN	2	1
IIICF_T_B1	chr17	49630029	49988939	260	0.555556	0.116353	3	HET	2	1	1	NA	NA	2.3023630017314	0.594162493497753	2	NEUT	1	1
IIICF_T_B1	chr17	49991180	50618378	324	0.553381	0.184041	5	GAIN	3	1	2	1	1	2.48981316102162	0.587683291505028	3	GAIN	2	1
IIICF_T_B1	chr17	50630582	50799828	248	0.56	0.099546	3	HET	2	1	1	NA	NA	2.25716604530635	0.602529563771171	2	NEUT	1	1
IIICF_T_B1	chr17	50800325	50887523	160	0.546537	0.18642	5	GAIN	3	1	2	1	1	2.49656271266583	0.576360532957483	3	GAIN	2	1
IIICF_T_B1	chr17	50888429	50958253	183	0.55	0.079745	3	HET	2	1	1	NA	NA	2.20458889859418	0.586286541271252	2	NEUT	1	1
IIICF_T_B1	chr17	50960160	51759564	782	0.558482	0.195229	5	GAIN	3	1	2	1	1	2.52165219379718	0.595587664860645	3	GAIN	2	1
IIICF_T_B1	chr17	51760015	51770030	63	0.564103	0.057626	3	HET	2	1	1	NA	NA	2.14670381899898	0.611878958876653	2	NEUT	1	1
IIICF_T_B1	chr17	51770225	52145819	272	0.55	0.179011	5	GAIN	3	1	2	1	1	2.47557894760998	0.582314423311853	3	GAIN	2	1
IIICF_T_B1	chr17	52166970	53929310	687	0.5625	0.116473	3	HET	2	1	1	NA	NA	2.30268759951337	0.605925835354244	2	NEUT	1	1
IIICF_T_B1	chr17	53930288	56377870	1379	0.555556	0.20277	5	GAIN	3	1	2	1	1	2.54325224350843	0.590505801964272	3	GAIN	2	1
IIICF_T_B1	chr17	56380041	56389732	22	0.544888	-0.02624	3	HET	2	1	1	NA	NA	1.93511552422083	0.582001041304776	2	NEUT	1	1
IIICF_T_B1	chr17	56391719	64861267	4574	0.555556	0.228252	5	GAIN	3	1	2	1	1	2.61708259379837	0.589519835328102	3	GAIN	2	1
IIICF_T_B1	chr17	64865808	65109591	179	0.560976	0.121186	3	HET	2	1	1	NA	NA	2.31545755471125	0.603109282328441	2	NEUT	1	1
IIICF_T_B1	chr17	65110436	66529779	695	0.558824	0.181297	5	GAIN	3	1	2	1	1	2.4820418638308	0.596742280673279	3	GAIN	2	1
IIICF_T_B1	chr17	66531149	67069485	483	0.55814	0.130443	3	HET	2	1	1	NA	NA	2.34066132100978	0.597881077244187	2	NEUT	1	1
IIICF_T_B1	chr17	67071579	67589150	226	0.565942	0.197404	5	GAIN	3	1	2	1	1	2.52787056945176	0.607677965779463	3	GAIN	2	1
IIICF_T_B1	chr17	67590431	69028722	1137	0.555556	0.133858	3	HET	2	1	1	NA	NA	2.35000015318006	0.593379896366785	2	NEUT	1	1
IIICF_T_B1	chr17	69032473	69467460	169	0.555556	0.170335	5	GAIN	3	1	2	1	1	2.4511433757573	0.59181914279896	3	GAIN	2	1
IIICF_T_B1	chr17	69470065	70110507	395	0.56	0.11488	3	HET	2	1	1	NA	NA	2.29838076295386	0.601766920787574	2	NEUT	1	1
IIICF_T_B1	chr17	70115358	71319814	1124	0.557916	0.155574	5	GAIN	3	1	2	1	1	2.40990587240735	0.596366471150162	3	GAIN	2	1
IIICF_T_B1	chr17	71326756	72725864	1000	0.56	0.081748	3	HET	2	1	1	NA	NA	2.20987467270593	0.603439697486751	2	NEUT	1	1
IIICF_T_B1	chr17	72735718	75399676	1915	0.56	0.20362	5	GAIN	3	1	2	1	1	2.54569402736872	0.597709279368975	3	GAIN	2	1
IIICF_T_B1	chr17	75400100	75447586	69	0.565217	-0.060142	3	HET	2	1	1	NA	NA	1.85301347021632	0.621526987013517	2	NEUT	1	1
IIICF_T_B1	chr17	75460349	75543334	102	0.549194	0.228422	5	GAIN	3	1	2	1	1	2.6175795357996	0.579262754302563	3	GAIN	2	1
IIICF_T_B1	chr17	75588667	75927313	416	0.555556	0.137731	3	HET	2	1	1	NA	NA	2.36061824170924	0.593209764037446	2	NEUT	1	1
IIICF_T_B1	chr17	75932751	76199376	213	0.568966	0.220762	5	GAIN	3	1	2	1	1	2.59524593724799	0.611482715227676	3	GAIN	2	1
IIICF_T_B1	chr17	76200965	76249682	113	0.555556	0.08662	3	HET	2	1	1	NA	NA	2.22276220872187	0.595545055917467	2	NEUT	1	1
IIICF_T_B1	chr17	76250235	76447835	183	0.5625	0.220297	5	GAIN	3	1	2	1	1	2.59389399093401	0.601050585690173	3	GAIN	2	1
IIICF_T_B1	chr17	76450050	76670172	322	0.5625	0.112606	3	HET	2	1	1	NA	NA	2.29224100773485	0.606123742979601	2	NEUT	1	1
IIICF_T_B1	chr17	76670738	77193080	331	0.552632	0.20816	5	GAIN	3	1	2	1	1	2.55876041670748	0.585541663069617	3	GAIN	2	1
IIICF_T_B1	chr17	77203505	77948401	648	0.565628	0.126738	3	HET	2	1	1	NA	NA	2.3305544103641	0.610681974515498	2	NEUT	1	1
IIICF_T_B1	chr17	77950014	80588575	2169	0.558824	0.185956	5	GAIN	3	1	2	1	1	2.49524540671992	0.596541636823258	3	GAIN	2	1
IIICF_T_B1	chr17	80590388	80628704	45	0.54902	0.042551	3	HET	2	1	1	NA	NA	2.10775826066614	0.586229659266863	2	NEUT	1	1
IIICF_T_B1	chr17	80630118	80748454	119	0.555556	0.214592	5	GAIN	3	1	2	1	1	2.57734262862596	0.590043522640014	3	GAIN	2	1
IIICF_T_B1	chr17	80751140	80789502	45	0.586207	0.049473	3	HET	2	1	1	NA	NA	2.1255904021197	0.651095261382857	2	NEUT	1	1
IIICF_T_B1	chr17	80791035	81130897	338	0.558824	0.175589	5	GAIN	3	1	2	1	1	2.46592348198372	0.596990131562141	3	GAIN	2	1
IIICF_T_B1	chr18	131139	9898894	8265	1	0.254653	9	ALOH	5	0	5	1	1	2.6949635686172	1	5	HLAMP	5	0
IIICF_T_B1	chr18	9899970	9959882	64	1	0.887806	12	ALOH	6	0	6	1	1	5.06124345413408	1	6	HLAMP	6	0
IIICF_T_B1	chr18	9960853	11899992	1564	1	0.775031	9	ALOH	5	0	5	1	1	4.56037254589533	1	5	HLAMP	5	0
IIICF_T_B1	chr18	11900645	11918917	51	1	0.937676	12	ALOH	6	0	6	1	1	5.29552814259313	1	6	HLAMP	6	0
IIICF_T_B1	chr18	11920502	12059431	321	1	0.812218	9	ALOH	5	0	5	1	1	4.72122527848795	1	5	HLAMP	5	0
IIICF_T_B1	chr18	12059837	12159853	132	1	0.911429	12	ALOH	6	0	6	1	1	5.17121295417602	1	6	HLAMP	6	0
IIICF_T_B1	chr18	12230037	12509887	148	1	0.780115	9	ALOH	5	0	5	1	1	4.58211953116279	1	5	HLAMP	5	0
IIICF_T_B1	chr18	12511324	12709735	123	1	0.866994	12	ALOH	6	0	6	1	1	4.96584050543727	1	6	HLAMP	6	0
IIICF_T_B1	chr18	12711052	14093617	760	1	0.734402	9	ALOH	5	0	5	1	1	4.38930670911092	1	5	HLAMP	5	0
IIICF_T_B1	chr18	19479520	19591808	14	1	-0.593996	2	NLOH	2	0	2	1	1	0.785040127147775	1	2	NEUT	2	0
IIICF_T_B1	chr18	19605052	26907900	4296	1	0.339398	9	ALOH	5	0	5	1	1	2.9548063178042	1	5	HLAMP	5	0
IIICF_T_B1	chr18	26926980	47972015	13241	1	-0.695112	2	NLOH	2	0	2	1	1	0.62360457671146	1	2	NEUT	2	0
IIICF_T_B1	chr18	47974811	47976510	35	0.65	-0.706124	1	DLOH	1	0	1	1	1	0.606697025157307	1	1	HETD	1	0
IIICF_T_B1	chr18	47980806	78002055	21969	1	-0.695358	2	NLOH	2	0	2	1	1	0.623225463415926	1	2	NEUT	2	0
IIICF_T_B1	chr19	263280	7860029	5773	1	-0.683408	2	NLOH	2	0	2	1	1	0.641716645798547	1	2	NEUT	2	0
IIICF_T_B1	chr19	7861495	7862982	33	0.6	-0.624299	1	DLOH	1	0	1	1	1	0.735467442752359	0.817540305402525	1	HETD	1	0
IIICF_T_B1	chr19	7864648	21960407	8730	1	-0.685938	2	NLOH	2	0	2	1	1	0.637788985096396	1	2	NEUT	2	0
IIICF_T_B1	chr19	21985149	23679783	1242	0.553191	0.261775	5	GAIN	3	1	2	1	1	2.71621817499291	0.584522175596611	3	GAIN	2	1
IIICF_T_B1	chr19	28682204	31144136	1718	0.677419	-0.156156	1	DLOH	1	0	1	1	1	1.63069317421615	0.851491858092277	1	HETD	1	0
IIICF_T_B1	chr19	31173833	32756336	804	0.65625	0.76756	7	ASCNA	4	1	3	1	1	4.52855381896238	0.711453126961864	4	AMP	3	1
IIICF_T_B1	chr19	32769119	33398019	218	0.652174	0.90801	14	UBCNA	6	2	4	1	1	5.1551852042979	0.699401979983577	6	HLAMP	4	2
IIICF_T_B1	chr19	33400133	34679271	624	0.657306	0.814602	7	ASCNA	4	1	3	1	1	4.73167940150065	0.71049638859604	4	AMP	3	1
IIICF_T_B1	chr19	34681123	34838539	79	0.647059	0.918523	14	UBCNA	6	2	4	1	1	5.20458995733377	0.692266269367926	6	HLAMP	4	2
IIICF_T_B1	chr19	34841214	35488460	216	0.648398	0.787315	7	ASCNA	4	1	3	1	1	4.61304919266255	0.699866693998016	4	AMP	3	1
IIICF_T_B1	chr19	35490267	35629014	136	0.606952	0.383605	5	GAIN	3	1	2	1	1	3.09653290382577	0.662212701966523	3	GAIN	2	1
IIICF_T_B1	chr19	35635231	35695401	164	0.583362	0.598301	8	BCNA	4	2	2	1	1	3.85012564063245	0.61800347773349	4	AMP	2	2
IIICF_T_B1	chr19	35715641	35946494	110	0.587221	0.480391	5	GAIN	3	1	2	1	1	3.42241374867686	0.62799579028197	3	GAIN	2	1
IIICF_T_B1	chr19	35949594	36323917	288	0.591837	0.539996	8	BCNA	4	2	2	1	1	3.63425845873842	0.632267123199997	4	AMP	2	2
IIICF_T_B1	chr19	36340009	48920148	6661	0.555556	0.267128	5	GAIN	3	1	2	1	1	2.73226266153307	0.588088070765823	3	GAIN	2	1
IIICF_T_B1	chr19	48923101	49036223	20	0.579587	0.683652	8	BCNA	4	2	2	1	1	4.18228431337054	0.610033106888734	4	AMP	2	2
IIICF_T_B1	chr19	49040649	57939619	7320	0.666667	-0.163308	1	DLOH	1	0	1	1	1	1.61471731134637	0.831808529700309	1	HETD	1	0
IIICF_T_B1	chr19	57940347	59084660	718	0.552632	0.251711	5	GAIN	3	1	2	1	1	2.68621416166599	0.583980186749745	3	GAIN	2	1
IIICF_T_B1	chr20	62731	56140980	34339	0.553191	0.278867	5	GAIN	3	1	2	1	1	2.76765695388531	0.58393986447901	3	GAIN	2	1
IIICF_T_B1	chr20	56154386	56199838	47	0.580645	-0.012166	3	HET	2	1	1	NA	NA	1.96976998029063	0.646148592331649	2	NEUT	1	1
IIICF_T_B1	chr20	56201431	61179509	3797	0.555556	0.227169	5	GAIN	3	1	2	1	1	2.61391815533631	0.589560952325822	3	GAIN	2	1
IIICF_T_B1	chr20	61180401	61188712	56	0.548387	0.048441	3	HET	2	1	1	NA	NA	2.12292638059883	0.584853740709025	2	NEUT	1	1
IIICF_T_B1	chr20	61191302	61679383	330	0.551724	0.272722	5	GAIN	3	1	2	1	1	2.74909322874538	0.58182672569531	3	GAIN	2	1
IIICF_T_B1	chr20	61680815	62909908	792	1	-0.70985	2	NLOH	2	0	2	1	1	0.601005375699139	1	2	NEUT	2	0
IIICF_T_B1	chr21	15412436	16587952	885	0.55	0.263436	5	GAIN	3	1	2	1	1	2.7211903028261	0.579397762432087	3	GAIN	2	1
IIICF_T_B1	chr21	16591744	16599895	27	0.542857	0.009586	3	HET	2	1	1	NA	NA	2.02399946481885	0.576734750092243	2	NEUT	1	1
IIICF_T_B1	chr21	16600017	48099610	24725	0.553191	0.272411	5	GAIN	3	1	2	1	1	2.74815581443514	0.584158060947708	3	GAIN	2	1
IIICF_T_B1	chr22	17046530	22704457	2936	0.666667	-0.082756	1	DLOH	1	0	1	1	1	1.79931102773788	0.814866440073768	1	HETD	1	0
IIICF_T_B1	chr22	22704680	22705418	52	0.528302	-0.286539	3	HET	2	1	1	NA	NA	1.35153071435889	0.561805825123827	2	NEUT	1	1
IIICF_T_B1	chr22	22705504	22728413	132	0.680195	-0.240899	1	DLOH	1	0	1	1	1	1.44639372702239	0.879518907692171	1	HETD	1	0
IIICF_T_B1	chr22	22728449	22729128	38	0.558689	-0.127359	3	HET	2	1	1	NA	NA	1.69582626588911	0.614059511872562	2	NEUT	1	1
IIICF_T_B1	chr22	22729761	51174142	20253	0.666667	-0.168619	1	DLOH	1	0	1	1	1	1.60290494107839	0.833025515714545	1	HETD	1	0
IIICF_T_B1	chrX	2700027	2969539	191	0.654545	0.745429	7	ASCNA	4	1	3	1	1	4.43525990159762	0.71029425537876	4	AMP	3	1
IIICF_T_B1	chrX	2990619	2998812	25	0.633333	0.981717	14	UBCNA	6	2	4	1	1	5.50927117407859	0.672054010957725	6	HLAMP	4	2
IIICF_T_B1	chrX	3000166	8228678	3063	0.647059	0.716774	7	ASCNA	4	1	3	1	1	4.31657061217614	0.701566460039481	4	AMP	3	1
IIICF_T_B1	chrX	8240128	8249639	26	0.636574	1.012117	14	UBCNA	6	2	4	1	1	5.66066356065713	0.675175472532258	6	HLAMP	4	2
IIICF_T_B1	chrX	8250084	26929041	5998	0.643836	0.759451	7	ASCNA	4	1	3	1	1	4.49420384388437	0.695041665693077	4	AMP	3	1
IIICF_T_B1	chrX	26930819	27165884	222	0.565942	0.191903	5	GAIN	3	1	2	1	1	2.51216119299635	0.607938954604539	3	GAIN	2	1
IIICF_T_B1	chrX	27180530	27356424	183	0.56	0.097259	3	HET	2	1	1	NA	NA	2.25105650110667	0.602644992348608	2	NEUT	1	1
IIICF_T_B1	chrX	27360243	39124218	5295	0.558824	0.196977	5	GAIN	3	1	2	1	1	2.52664902681891	0.596072845817757	3	GAIN	2	1
IIICF_T_B1	chrX	39141918	39462616	155	0.5625	0.089798	3	HET	2	1	1	NA	NA	2.23119221760781	0.60731735449756	2	NEUT	1	1
IIICF_T_B1	chrX	39472089	68347670	4864	0.566667	0.191751	5	GAIN	3	1	2	1	1	2.51172797173154	0.609133013803962	3	GAIN	2	1
IIICF_T_B1	chrX	68354618	68766341	188	0.552178	0.109463	3	HET	2	1	1	NA	NA	2.28377088548073	0.588732267248732	2	NEUT	1	1
IIICF_T_B1	chrX	68770925	69728609	298	0.558824	0.213879	5	GAIN	3	1	2	1	1	2.57527866831023	0.59536946639697	3	GAIN	2	1
IIICF_T_B1	chrX	69740662	70233825	204	0.632653	0.527413	8	BCNA	4	2	2	1	1	3.58880497935379	0.69179151346039	4	AMP	2	2
IIICF_T_B1	chrX	70235872	70475959	20	1	-0.929477	2	NLOH	2	0	2	1	1	0.290204514481882	1	2	NEUT	2	0
IIICF_T_B1	chrX	70657533	73569476	198	0.595745	0.432426	5	GAIN	3	1	2	1	1	3.25818181882269	0.642760815544645	3	GAIN	2	1
IIICF_T_B1	chrX	73570105	74449246	180	0.652618	0.532048	7	ASCNA	4	1	3	1	1	3.60550185421361	0.720342096683134	4	AMP	3	1
IIICF_T_B1	chrX	74523726	77016827	197	1	-0.949144	2	NLOH	2	0	2	1	1	0.264612684511754	1	2	NEUT	2	0
IIICF_T_B1	chrX	77040956	77276413	30	0.803889	1.404454	21	ASCNA	8	1	7	1	1	7.92973090194346	0.86520300947839	8	HLAMP	7	1
IIICF_T_B1	chrX	77310566	78744787	539	0.709091	0.876163	10	ASCNA	5	1	4	1	1	5.00770197521407	0.775894628357804	5	HLAMP	4	1
IIICF_T_B1	chrX	78863389	79303405	536	0.735463	1.003952	13	ASCNA	6	1	5	1	1	5.61968790734134	0.802499859701112	6	HLAMP	5	1
IIICF_T_B1	chrX	79304373	79347588	30	0.591	0.536895	8	BCNA	4	2	2	1	1	3.62301990068714	0.631185914792368	4	AMP	2	2
IIICF_T_B1	chrX	79360074	79436471	67	0.627451	0.468516	5	GAIN	3	1	2	1	1	3.38124382364355	0.687758308229708	3	GAIN	2	1
IIICF_T_B1	chrX	79450729	80995492	366	0.636364	0.534962	7	ASCNA	4	1	3	1	1	3.61602658815452	0.696699275924223	4	AMP	3	1
IIICF_T_B1	chrX	81172395	92415154	4281	1	-0.925118	2	NLOH	2	0	2	1	1	0.295924081704321	1	2	NEUT	2	0
IIICF_T_B1	chrX	92434453	92828543	427	0.560976	0.17955	5	GAIN	3	1	2	1	1	2.47710187105539	0.600359857406965	3	GAIN	2	1
IIICF_T_B1	chrX	92830766	93999496	654	0.555556	0.125324	3	HET	2	1	1	NA	NA	2.32670398211378	0.593758608900449	2	NEUT	1	1
IIICF_T_B1	chrX	94004506	94447757	221	0.555556	0.173752	5	GAIN	3	1	2	1	1	2.46074966880948	0.591677578469546	3	GAIN	2	1
IIICF_T_B1	chrX	94449995	105523739	2597	0.564103	0.13052	3	HET	2	1	1	NA	NA	2.34087164560775	0.607916095677111	2	NEUT	1	1
IIICF_T_B1	chrX	105559256	110415949	657	0.565217	0.153943	5	GAIN	3	1	2	1	1	2.40537521282989	0.608596163419995	3	GAIN	2	1
IIICF_T_B1	chrX	110476739	112647613	247	0.5625	0.116336	3	HET	2	1	1	NA	NA	2.30231701922896	0.605932825164197	2	NEUT	1	1
IIICF_T_B1	chrX	112740080	113219257	201	0.553191	0.181522	5	GAIN	3	1	2	1	1	2.48267853138271	0.587469424501465	3	GAIN	2	1
IIICF_T_B1	chrX	113225196	113609938	186	0.558824	0.141237	3	HET	2	1	1	NA	NA	2.3702547873661	0.59853060054658	2	NEUT	1	1
IIICF_T_B1	chrX	113612058	115309997	777	0.5625	0.182924	5	GAIN	3	1	2	1	1	2.48664791539804	0.602713225181386	3	GAIN	2	1
IIICF_T_B1	chrX	115311011	115899271	415	0.5625	0.115867	3	HET	2	1	1	NA	NA	2.30104865678101	0.605956765798518	2	NEUT	1	1
IIICF_T_B1	chrX	115904370	116129410	198	0.548003	0.187806	5	GAIN	3	1	2	1	1	2.50050012021291	0.578717587456451	3	GAIN	2	1
IIICF_T_B1	chrX	116130005	154929412	15181	0.574468	0.059599	3	HET	2	1	1	NA	NA	2.1518311545077	0.629836745708724	2	NEUT	1	1
