Sample	Chromosome	Start_Position.bp.	End_Position.bp.	Length.snp.	Median_Ratio	Median_logR	TITAN_state	TITAN_call	Copy_Number	MinorCN	MajorCN	Clonal_Cluster	Cellular_Prevalence	logR_Copy_Number	Corrected_Ratio	Corrected_Copy_Number	Corrected_Call	Corrected_MajorCN	Corrected_MinorCN
IIICF_E6_A2	chr1	820979	16932105	10132	0.571429	-0.033004	3	HET	2	1	1	NA	NA	1.95366239091522	0.573213230233708	2	NEUT	1	1
IIICF_E6_A2	chr1	16932130	16935384	27	0.84466	0.169466	5	GAIN	3	1	2	1	1	2.25536688419196	0.852117607538923	3	GAIN	2	1
IIICF_E6_A2	chr1	16935777	145110574	64290	0.565217	0.082378	3	HET	2	1	1	NA	NA	2.1203911424757	0.56671796538307	2	NEUT	1	1
IIICF_E6_A2	chr1	145110869	145118473	75	0.710345	0.213849	5	GAIN	3	1	2	1	1	2.32735380652648	0.714755579181558	3	GAIN	2	1
IIICF_E6_A2	chr1	145390305	249215241	64154	0.576923	-0.13678	3	HET	2	1	1	NA	NA	1.81467970991922	0.578991626435378	2	NEUT	1	1
IIICF_E6_A2	chr2	38938	134948832	83380	0.571429	-0.024426	3	HET	2	1	1	NA	NA	1.96560413542013	0.573202390400191	2	NEUT	1	1
IIICF_E6_A2	chr2	134980041	134980134	7	0.923077	-0.009863	2	NLOH	2	0	2	1	1	1.98604112175089	0.933472778557895	2	NEUT	2	0
IIICF_E6_A2	chr2	134981651	162135662	14872	0.565217	-0.007344	3	HET	2	1	1	NA	NA	1.98959713590512	0.566816637256201	2	NEUT	1	1
IIICF_E6_A2	chr2	162135757	162136780	20	0.804117	-0.404536	5	GAIN	3	1	2	1	1	1.49902568344823	0.814017507659733	3	GAIN	2	1
IIICF_E6_A2	chr2	162136793	242999159	50076	0.5625	0.076493	3	HET	2	1	1	NA	NA	2.11156066054171	0.563944449275377	2	NEUT	1	1
IIICF_E6_A2	chr3	60197	73157929	48927	0.566667	-0.019198	3	HET	2	1	1	NA	NA	1.97291712441936	0.568316027545926	2	NEUT	1	1
IIICF_E6_A2	chr3	73159908	73160128	12	0.924781	0.269242	2	NLOH	2	0	2	1	1	2.42036156410797	0.933345670819576	2	NEUT	2	0
IIICF_E6_A2	chr3	73160142	73160181	7	0.805369	0.226569	5	GAIN	3	1	2	1	1	2.34839659076435	0.811714697215878	3	GAIN	2	1
IIICF_E6_A2	chr3	73165377	116612210	25539	0.566667	0.010587	3	HET	2	1	1	NA	NA	2.01509011535419	0.568281515727712	2	NEUT	1	1
IIICF_E6_A2	chr3	116613062	117048042	300	1	-1.035218	1	DLOH	1	0	1	1	1	0.950895517914461	1	1	HETD	1	0
IIICF_E6_A2	chr3	117060543	197819088	51370	0.571429	-0.021442	3	HET	2	1	1	NA	NA	1.96977494386442	0.573198635417075	2	NEUT	1	1
IIICF_E6_A2	chr4	40094	40686	3	0.82	-0.388759	3	HET	2	1	1	NA	NA	1.51604526837281	0.830300626721298	2	NEUT	1	1
IIICF_E6_A2	chr4	40764	41487	2	0.967371	-0.388759	2	NLOH	2	0	2	1	1	1.51604526837281	0.9824154194105	2	NEUT	2	0
IIICF_E6_A2	chr4	41791	44101	15	0.76699	-0.388759	3	HET	2	1	1	NA	NA	1.51604526837281	0.775584263525998	2	NEUT	1	1
IIICF_E6_A2	chr4	44244	45025	6	0.886298	-0.388759	1	DLOH	1	0	1	1	1	1.51604526837281	0.898732723441201	1	HETD	1	0
IIICF_E6_A2	chr4	45033	157459611	100777	0.566667	0.012361	3	HET	2	1	1	NA	NA	2.01762952538581	0.568279483681004	2	NEUT	1	1
IIICF_E6_A2	chr4	157460574	157469910	22	0.598958	0.483102	5	GAIN	3	1	2	1	1	2.81490184435017	0.600673589952342	3	GAIN	2	1
IIICF_E6_A2	chr4	157471213	190929666	29620	0.578947	-0.107985	3	HET	2	1	1	NA	NA	1.85224689530204	0.581026996461702	2	NEUT	1	1
IIICF_E6_A2	chr5	78650	112731092	65156	0.566667	0.006232	3	HET	2	1	1	NA	NA	2.00886933301657	0.568286515331597	2	NEUT	1	1
IIICF_E6_A2	chr5	112731100	112731158	7	1	-0.116177	2	NLOH	2	0	2	1	1	1.84148283916626	1	2	NEUT	2	0
IIICF_E6_A2	chr5	112731438	117869447	4464	0.567568	-0.030549	3	HET	2	1	1	NA	NA	1.95707283582859	0.569252844852444	2	NEUT	1	1
IIICF_E6_A2	chr5	117870089	117879953	14	0.551316	0.530928	5	GAIN	3	1	2	1	1	2.91142596162844	0.552176147410852	3	GAIN	2	1
IIICF_E6_A2	chr5	117880295	135114907	11440	0.564103	0.085142	3	HET	2	1	1	NA	NA	2.12455099129494	0.565575438064745	2	NEUT	1	1
IIICF_E6_A2	chr5	135120901	135129255	31	0.571429	0.445114	5	GAIN	3	1	2	1	1	2.74048100314873	0.572700960469832	3	GAIN	2	1
IIICF_E6_A2	chr5	135136818	180698428	30434	0.566667	-0.015369	3	HET	2	1	1	NA	NA	1.97829001271773	0.568311548909958	2	NEUT	1	1
IIICF_E6_A2	chr6	205800	111579045	73879	0.571429	-0.003194	3	HET	2	1	1	NA	NA	1.99546915270263	0.573175849105439	2	NEUT	1	1
IIICF_E6_A2	chr6	111815126	111865288	3	1	-0.903636	1	DLOH	1	0	1	1	1	1.04636082302891	1	1	HETD	1	0
IIICF_E6_A2	chr6	111938516	170898626	38737	0.566667	0.046896	3	HET	2	1	1	NA	NA	2.06769220211026	0.568240442449837	2	NEUT	1	1
IIICF_E6_A2	chr7	50571	19968944	16456	0.565217	0.050539	3	HET	2	1	1	NA	NA	2.07304338612116	0.566752247030878	2	NEUT	1	1
IIICF_E6_A2	chr7	19980363	19989873	38	0.555556	0.416337	5	GAIN	3	1	2	1	1	2.6853952639369	0.556565598254126	3	GAIN	2	1
IIICF_E6_A2	chr7	20000202	159078217	82844	0.567568	-0.005048	3	HET	2	1	1	NA	NA	1.992843759328	0.569222602413194	2	NEUT	1	1
IIICF_E6_A2	chr8	198546	42753173	40389	0.566667	-0.009449	3	HET	2	1	1	NA	NA	1.98662512971124	0.568304649013566	2	NEUT	1	1
IIICF_E6_A2	chr8	47872096	141372241	46676	1	-0.923362	1	DLOH	1	0	1	1	1	1.03148856260529	1	1	HETD	1	0
IIICF_E6_A2	chr8	141409050	141533818	25	1	-0.156268	2	NLOH	2	0	2	1	1	1.78967696883469	1	2	NEUT	2	0
IIICF_E6_A2	chr8	141553612	144940230	2136	1	-0.913518	1	DLOH	1	0	1	1	1	1.03888494963183	1	1	HETD	1	0
IIICF_E6_A2	chr8	144940300	144940300	1	0.563218	-0.696361	3	HET	2	1	1	NA	NA	1.21556925770112	0.565755972338509	2	NEUT	1	1
IIICF_E6_A2	chr8	144941181	146266138	241	1	-0.812938	1	DLOH	1	0	1	1	1	1.11742066948239	1	1	HETD	1	0
IIICF_E6_A2	chr9	210128	21661422	17089	0.565217	-0.021904	3	HET	2	1	1	NA	NA	1.96912863081572	0.566833265008602	2	NEUT	1	1
IIICF_E6_A2	chr9	21662080	21669886	31	1	-0.419445	2	NLOH	2	0	2	1	1	1.48311260811784	1	2	NEUT	2	0
IIICF_E6_A2	chr9	21670461	22079403	379	1	-0.709583	1	DLOH	1	0	1	1	1	1.20403450774731	1	1	HETD	1	0
IIICF_E6_A2	chr9	22125032	68413159	11066	0.571429	-0.102679	3	HET	2	1	1	NA	NA	1.85925151512372	0.573303831606147	2	NEUT	1	1
IIICF_E6_A2	chr9	68413160	68413195	2	0.926104	-0.25314	1	DLOH	1	0	1	1	1	1.67028283872849	0.938553486322601	1	HETD	1	0
IIICF_E6_A2	chr9	68413240	68415913	78	0.688673	-0.25314	3	HET	2	1	1	NA	NA	1.67028283872849	0.694185461589058	2	NEUT	1	1
IIICF_E6_A2	chr9	68415942	68416382	6	0.797622	-0.25314	5	GAIN	3	1	2	1	1	1.67028283872849	0.806317625993431	3	GAIN	2	1
IIICF_E6_A2	chr9	68416487	68416944	24	0.650313	-0.25314	3	HET	2	1	1	NA	NA	1.67028283872849	0.654704696951	2	NEUT	1	1
IIICF_E6_A2	chr9	68416972	68417110	5	0.770522	-0.25314	5	GAIN	3	1	2	1	1	1.67028283872849	0.778425844927442	3	GAIN	2	1
IIICF_E6_A2	chr9	68417178	68417260	7	0.584559	-0.25314	3	HET	2	1	1	NA	NA	1.67028283872849	0.587029561444983	2	NEUT	1	1
IIICF_E6_A2	chr9	68417298	68418067	20	0.709075	-0.25314	5	GAIN	3	1	2	1	1	1.67028283872849	0.71518354709859	3	GAIN	2	1
IIICF_E6_A2	chr9	68418072	68418862	29	0.681199	-0.25314	3	HET	2	1	1	NA	NA	1.67028283872849	0.686493093630121	2	NEUT	1	1
IIICF_E6_A2	chr9	68419111	68419120	2	0.956227	-0.25314	2	NLOH	2	0	2	1	1	1.67028283872849	0.969556590420417	2	NEUT	2	0
IIICF_E6_A2	chr9	68419156	141017352	46591	0.566667	0.014681	3	HET	2	1	1	NA	NA	2.02095522812481	0.568276830162846	2	NEUT	1	1
IIICF_E6_A2	chr10	133947	21243558	18679	0.566667	-0.028697	3	HET	2	1	1	NA	NA	1.95964944631789	0.568327192178815	2	NEUT	1	1
IIICF_E6_A2	chr10	21279237	26857061	2760	0.9375	-0.955757	1	DLOH	1	0	1	1	1	1.00750152114568	0.958691328662181	1	HETD	1	0
IIICF_E6_A2	chr10	26860111	26860828	26	0.583426	-0.850059	3	HET	2	1	1	NA	NA	1.08779618325048	0.587168654442135	2	NEUT	1	1
IIICF_E6_A2	chr10	26861229	26910726	63	0.913043	-0.94143	1	DLOH	1	0	1	1	1	1.01804362082056	0.932842522644022	1	HETD	1	0
IIICF_E6_A2	chr10	26914011	26930691	85	0.5625	-0.746925	3	HET	2	1	1	NA	NA	1.17202282020637	0.565102374470403	2	NEUT	1	1
IIICF_E6_A2	chr10	26936267	26940105	18	0.747826	-0.923611	1	DLOH	1	0	1	1	1	1.03130212763391	0.759552996454187	1	HETD	1	0
IIICF_E6_A2	chr10	26940356	26940909	17	0.571429	-0.917959	3	HET	2	1	1	NA	NA	1.03554191128846	0.574795144302158	2	NEUT	1	1
IIICF_E6_A2	chr10	26959766	27620651	641	0.941176	-0.924761	1	DLOH	1	0	1	1	1	1.03044149994572	0.962069653011159	1	HETD	1	0
IIICF_E6_A2	chr10	27621755	27622658	7	0.62963	-0.572569	3	HET	2	1	1	NA	NA	1.32885049324903	0.634390529265915	2	NEUT	1	1
IIICF_E6_A2	chr10	27623611	37432235	5334	0.9375	-0.789196	1	DLOH	1	0	1	1	1	1.13677161435294	0.956281517406553	1	HETD	1	0
IIICF_E6_A2	chr10	37434800	37434958	15	0.555556	-0.986135	3	HET	2	1	1	NA	NA	0.985492106086543	0.558307082787335	2	NEUT	1	1
IIICF_E6_A2	chr10	37438528	38211391	245	0.9375	-1.096674	1	DLOH	1	0	1	1	1	0.909204684626296	0.960982386555257	1	HETD	1	0
IIICF_E6_A2	chr10	43255039	122088912	51321	0.566667	0.016476	3	HET	2	1	1	NA	NA	2.0235320194311	0.568274780184724	2	NEUT	1	1
IIICF_E6_A2	chr10	122091604	124219275	1373	0.659574	0.4685	5	GAIN	3	1	2	1	1	2.78606353868906	0.662369097457335	3	GAIN	2	1
IIICF_E6_A2	chr10	124220061	127398367	2316	0.571429	-0.135231	3	HET	2	1	1	NA	NA	1.81668157531948	0.573347764164114	2	NEUT	1	1
IIICF_E6_A2	chr10	127410161	127580080	204	0.681818	0.586177	5	GAIN	3	1	2	1	1	3.02698853020497	0.684749243797946	3	GAIN	2	1
IIICF_E6_A2	chr10	127580120	127589202	206	0.670892	0.09831	3	HET	2	1	1	NA	NA	2.14447876453252	0.674780891466199	2	NEUT	1	1
IIICF_E6_A2	chr10	127590076	129829780	1965	0.673077	0.546224	5	GAIN	3	1	2	1	1	2.94297837694908	0.675946975094147	3	GAIN	2	1
IIICF_E6_A2	chr10	129830216	135424194	4969	0.571429	-0.228204	3	HET	2	1	1	NA	NA	1.7002542969867	0.573479154209584	2	NEUT	1	1
IIICF_E6_A2	chr11	190010	195360	64	0.643168	-0.497892	3	HET	2	1	1	NA	NA	1.40203852710538	0.648151240533856	2	NEUT	1	1
IIICF_E6_A2	chr11	197337	1015021	723	1	-0.760739	1	DLOH	1	0	1	1	1	1.16038905654532	1	1	HETD	1	0
IIICF_E6_A2	chr11	1016704	1017746	42	0.65569	-0.93866	3	HET	2	1	1	NA	NA	1.02009394844637	0.663138115242675	2	NEUT	1	1
IIICF_E6_A2	chr11	1017767	17451142	10908	1	-0.821568	1	DLOH	1	0	1	1	1	1.11046532017053	1	1	HETD	1	0
IIICF_E6_A2	chr11	17457422	17457614	16	0.588542	-0.932175	3	HET	2	1	1	NA	NA	1.02490950835287	0.592757893639286	2	NEUT	1	1
IIICF_E6_A2	chr11	17498538	19849415	1833	1	-0.879006	1	DLOH	1	0	1	1	1	1.06521816596201	1	1	HETD	1	0
IIICF_E6_A2	chr11	19849631	19849691	5	0.589744	-0.723314	3	HET	2	1	1	NA	NA	1.19216708297676	0.593417619203638	2	NEUT	1	1
IIICF_E6_A2	chr11	19852682	40189231	13337	1	-0.901383	1	DLOH	1	0	1	1	1	1.04807242971708	1	1	HETD	1	0
IIICF_E6_A2	chr11	40192526	40639953	151	0.588235	-0.085505	3	HET	2	1	1	NA	NA	1.88210090869913	0.590522830397188	2	NEUT	1	1
IIICF_E6_A2	chr11	40640231	40948739	253	0.648649	0.415689	5	GAIN	3	1	2	1	1	2.68416744996545	0.651351577935276	3	GAIN	2	1
IIICF_E6_A2	chr11	41002279	47285353	3627	0.571429	-0.078267	3	HET	2	1	1	NA	NA	1.89181258194394	0.573271562808599	2	NEUT	1	1
IIICF_E6_A2	chr11	47337942	48716979	1753	0.58427	0.593621	5	GAIN	3	1	2	1	1	3.04289996375736	0.58562148478002	3	GAIN	2	1
IIICF_E6_A2	chr11	48732273	48949316	91	0.7	0.124204	3	HET	2	1	1	NA	NA	2.18419991668057	0.704468517362708	2	NEUT	1	1
IIICF_E6_A2	chr11	49921851	50379403	381	0.636364	0.393018	5	GAIN	3	1	2	1	1	2.64155633995067	0.638883217673462	3	GAIN	2	1
IIICF_E6_A2	chr11	50380833	50427608	99	0.674419	0.257241	3	HET	2	1	1	NA	NA	2.39990713110469	0.677965706054444	2	NEUT	1	1
IIICF_E6_A2	chr11	50429128	50479599	140	0.631007	0.345545	5	GAIN	3	1	2	1	1	2.55446875462053	0.6335097631216	3	GAIN	2	1
IIICF_E6_A2	chr11	50480357	50489909	28	0.666667	0.197915	3	HET	2	1	1	NA	NA	2.30125450723714	0.670201360186617	2	NEUT	1	1
IIICF_E6_A2	chr11	50490432	50572738	167	0.648649	0.318067	5	GAIN	3	1	2	1	1	2.50535530804548	0.651544466244475	3	GAIN	2	1
IIICF_E6_A2	chr11	50573417	86839536	18048	0.565217	0.029435	3	HET	2	1	1	NA	NA	2.04223059026291	0.56677541055295	2	NEUT	1	1
IIICF_E6_A2	chr11	86840098	86849808	35	0.542857	0.446717	5	GAIN	3	1	2	1	1	2.74358193809645	0.543619306586615	3	GAIN	2	1
IIICF_E6_A2	chr11	86850483	103289503	11009	0.565217	0.023277	3	HET	2	1	1	NA	NA	2.03332425312681	0.566782236680047	2	NEUT	1	1
IIICF_E6_A2	chr11	103290017	103299628	53	0.558824	0.386675	5	GAIN	3	1	2	1	1	2.62975379342078	0.559915604463999	3	GAIN	2	1
IIICF_E6_A2	chr11	103300013	114419888	7774	0.565217	0.075864	3	HET	2	1	1	NA	NA	2.1106189708156	0.566724914856936	2	NEUT	1	1
IIICF_E6_A2	chr11	114419985	114424632	260	0.715693	0.252816	5	GAIN	3	1	2	1	1	2.39240801904437	0.720092736240648	3	GAIN	2	1
IIICF_E6_A2	chr11	114424677	116108902	1023	0.571429	-0.187297	3	HET	2	1	1	NA	NA	1.75055779856796	0.573420241595782	2	NEUT	1	1
IIICF_E6_A2	chr11	116110044	120991571	2988	0.666667	0.474559	5	GAIN	3	1	2	1	1	2.79799437713085	0.669573890155366	3	GAIN	2	1
IIICF_E6_A2	chr11	121022582	121857797	231	0.565217	0.097822	3	HET	2	1	1	NA	NA	2.14373700044785	0.566701619476531	2	NEUT	1	1
IIICF_E6_A2	chr11	121871565	121887012	24	0.531373	0.560003	5	GAIN	3	1	2	1	1	2.97168937403963	0.53188820311294	3	GAIN	2	1
IIICF_E6_A2	chr11	121890280	133268314	8457	0.565217	0.023204	3	HET	2	1	1	NA	NA	2.03321890080345	0.566782317783622	2	NEUT	1	1
IIICF_E6_A2	chr11	133274142	133564635	182	1	-1.234917	1	DLOH	1	0	1	1	1	0.821667001787068	1	1	HETD	1	0
IIICF_E6_A2	chr11	133567380	134696042	834	0.571429	-0.244892	3	HET	2	1	1	NA	NA	1.68013912089876	0.573503699327556	2	NEUT	1	1
IIICF_E6_A2	chr11	134726870	134939292	240	0.678571	0.386868	5	GAIN	3	1	2	1	1	2.63011214745846	0.681884313300435	3	GAIN	2	1
IIICF_E6_A2	chr12	190980	13127027	8474	0.566667	0.107082	3	HET	2	1	1	NA	NA	2.1578551580987	0.56817469836047	2	NEUT	1	1
IIICF_E6_A2	chr12	13131329	13158152	30	0.555556	0.437797	5	GAIN	3	1	2	1	1	2.72637025509599	0.55655042486399	3	GAIN	2	1
IIICF_E6_A2	chr12	13161702	16049958	1819	0.564103	0.101867	3	HET	2	1	1	NA	NA	2.14989302052351	0.56555808158788	2	NEUT	1	1
IIICF_E6_A2	chr12	16050808	16080348	12	1	-0.744564	1	DLOH	1	0	1	1	1	1.17402235857353	1	1	HETD	1	0
IIICF_E6_A2	chr12	16113141	64659645	29670	0.564103	0.111864	3	HET	2	1	1	NA	NA	2.16518154073948	0.565547807140285	2	NEUT	1	1
IIICF_E6_A2	chr12	64660016	64669270	44	0.577352	0.388879	5	GAIN	3	1	2	1	1	2.63384893867653	0.578785199092919	3	GAIN	2	1
IIICF_E6_A2	chr12	64669988	133819755	45710	0.565217	0.039189	3	HET	2	1	1	NA	NA	2.05641586297341	0.566764660548982	2	NEUT	1	1
IIICF_E6_A2	chr13	20140719	115093704	64884	0.571429	-0.054363	3	HET	2	1	1	NA	NA	1.92423444101009	0.573240517053244	2	NEUT	1	1
IIICF_E6_A2	chr14	20211239	106986643	57055	0.566667	-0.005112	3	HET	2	1	1	NA	NA	1.99275319109149	0.568299612959066	2	NEUT	1	1
IIICF_E6_A2	chr14	106987672	106987725	7	1	-0.282673	2	NLOH	2	0	2	1	1	1.63544971473965	1	2	NEUT	2	0
IIICF_E6_A2	chr14	106988115	107268223	1307	0.595238	-0.236632	3	HET	2	1	1	NA	NA	1.69006637701543	0.597987997792116	2	NEUT	1	1
IIICF_E6_A2	chr15	21910347	39578898	10301	0.571429	-0.071456	3	HET	2	1	1	NA	NA	1.90099592686423	0.57326266174281	2	NEUT	1	1
IIICF_E6_A2	chr15	39580395	39589738	33	0.536585	0.46795	5	GAIN	3	1	2	1	1	2.78498300669244	0.537226071323077	3	GAIN	2	1
IIICF_E6_A2	chr15	39590057	102115207	39177	0.566667	0.002744	3	HET	2	1	1	NA	NA	2.00390051862056	0.568290531035481	2	NEUT	1	1
IIICF_E6_A2	chr16	94168	2069357	1212	0.566667	0.083081	3	HET	2	1	1	NA	NA	2.1214484091914	0.568200572379088	2	NEUT	1	1
IIICF_E6_A2	chr16	2070200	2089028	25	0.571429	0.454168	5	GAIN	3	1	2	1	1	2.75804089355118	0.572692862153922	3	GAIN	2	1
IIICF_E6_A2	chr16	2091306	34191494	23477	0.575758	-0.109631	3	HET	2	1	1	NA	NA	1.85007918843942	0.577756315345065	2	NEUT	1	1
IIICF_E6_A2	chr16	34191497	34191847	8	0.87334	-0.8137	1	DLOH	1	0	1	1	1	1.11680485949066	0.889653722418734	1	HETD	1	0
IIICF_E6_A2	chr16	34191850	34195800	174	0.709197	-0.8137	3	HET	2	1	1	NA	NA	1.11680485949066	0.718338216555504	2	NEUT	1	1
IIICF_E6_A2	chr16	34195808	34196076	23	0.796296	-0.8137	1	DLOH	1	0	1	1	1	1.11680485949066	0.809243154598439	1	HETD	1	0
IIICF_E6_A2	chr16	34196080	34196536	23	0.695652	-0.8137	3	HET	2	1	1	NA	NA	1.11680485949066	0.704201344883137	2	NEUT	1	1
IIICF_E6_A2	chr16	34196592	34196602	3	0.910256	-0.8137	1	DLOH	1	0	1	1	1	1.11680485949066	0.928182829443992	1	HETD	1	0
IIICF_E6_A2	chr16	34196606	34196924	33	0.722222	-0.8137	3	HET	2	1	1	NA	NA	1.11680485949066	0.731932365948829	2	NEUT	1	1
IIICF_E6_A2	chr16	34219205	34328180	3	1	-1.158492	1	DLOH	1	0	1	1	1	0.869022176786978	1	1	HETD	1	0
IIICF_E6_A2	chr16	46440037	90049307	31364	0.571429	-0.091441	3	HET	2	1	1	NA	NA	1.87417249429876	0.573288905379539	2	NEUT	1	1
IIICF_E6_A2	chr16	90050201	90149995	36	1	-1.03448	1	DLOH	1	0	1	1	1	0.951407035944567	1	1	HETD	1	0
IIICF_E6_A2	chr17	828	2859646	2438	0.566667	0.064588	3	HET	2	1	1	NA	NA	2.09380688976864	0.568220817928432	2	NEUT	1	1
IIICF_E6_A2	chr17	2861343	2940759	58	0.666667	0.462429	5	GAIN	3	1	2	1	1	2.77415922123948	0.669598865715342	3	GAIN	2	1
IIICF_E6_A2	chr17	3077212	6356065	2454	0.566667	0.01926	3	HET	2	1	1	NA	NA	2.02753490589498	0.568271606004334	2	NEUT	1	1
IIICF_E6_A2	chr17	6356597	8199143	951	1	-0.908391	1	DLOH	1	0	1	1	1	1.04275720585717	1	1	HETD	1	0
IIICF_E6_A2	chr17	8203842	11969847	2949	0.571429	-0.238203	3	HET	2	1	1	NA	NA	1.68817389575675	0.573493824905237	2	NEUT	1	1
IIICF_E6_A2	chr17	11970004	12089074	60	0.678263	0.580093	5	GAIN	3	1	2	1	1	3.01404490814338	0.681149272506431	3	GAIN	2	1
IIICF_E6_A2	chr17	12102810	15285691	3264	0.567568	-0.031093	3	HET	2	1	1	NA	NA	1.95631661954178	0.569253496131028	2	NEUT	1	1
IIICF_E6_A2	chr17	15292383	15359373	38	1	-0.907411	1	DLOH	1	0	1	1	1	1.04349893581442	1	1	HETD	1	0
IIICF_E6_A2	chr17	15370444	21259827	4461	0.657895	0.587156	5	GAIN	3	1	2	1	1	3.02907644169342	0.660438805983722	3	GAIN	2	1
IIICF_E6_A2	chr17	26270925	34479045	3431	1	-0.976651	1	DLOH	1	0	1	1	1	0.992313745616495	1	1	HETD	1	0
IIICF_E6_A2	chr17	34824710	36915540	844	0.571429	0.008449	3	HET	2	1	1	NA	NA	2.01203380034667	0.573161467667158	2	NEUT	1	1
IIICF_E6_A2	chr17	36962287	41382262	1582	0.666667	0.718557	5	GAIN	3	1	2	1	1	3.32257321651564	0.669114940731365	3	GAIN	2	1
IIICF_E6_A2	chr17	41382301	41382468	9	0.86214	0.596395	7	ASCNA	4	1	3	1	1	3.0488503745559	0.867936505150609	4	AMP	3	1
IIICF_E6_A2	chr17	41382596	41462677	180	0.650883	0.671731	5	GAIN	3	1	2	1	1	3.21490426371382	0.653173330234317	3	GAIN	2	1
IIICF_E6_A2	chr17	41463668	41464440	24	0.825906	0.752611	7	ASCNA	4	1	3	1	1	3.40309923605896	0.830579514374059	4	AMP	3	1
IIICF_E6_A2	chr17	41465423	41466710	6	0.54671	0.752611	8	BCNA	4	2	2	1	1	3.40309923605896	0.547379824600996	4	AMP	2	2
IIICF_E6_A2	chr17	41467997	42649782	681	0.666667	0.709814	5	GAIN	3	1	2	1	1	3.30220384774525	0.669130040649415	3	GAIN	2	1
IIICF_E6_A2	chr17	42650060	42659877	34	0.674774	0.910971	8	BCNA	4	2	2	1	1	3.80358096900768	0.677016384074787	4	AMP	2	2
IIICF_E6_A2	chr17	42660462	43932122	520	0.666667	0.737838	5	GAIN	3	1	2	1	1	3.36793261083644	0.669081971808961	3	GAIN	2	1
IIICF_E6_A2	chr17	44012989	44098797	16	0.760246	0.988779	7	ASCNA	4	1	3	1	1	4.01705395390544	0.763407565898491	4	AMP	3	1
IIICF_E6_A2	chr17	44116993	44793283	20	0.847801	1.352921	10	ASCNA	5	1	4	1	1	5.18442557873887	0.851074829230439	5	HLAMP	4	1
IIICF_E6_A2	chr17	44808360	45088936	163	0.745098	1.129512	7	ASCNA	4	1	3	1	1	4.4336621984384	0.747795758109164	4	AMP	3	1
IIICF_E6_A2	chr17	45145401	45275483	88	0.748333	1.196913	10	ASCNA	5	1	4	1	1	4.64804644009473	0.750940292868738	5	HLAMP	4	1
IIICF_E6_A2	chr17	45285474	45309693	18	0.752881	1.070311	7	ASCNA	4	1	3	1	1	4.25344715664473	0.755782355855134	4	AMP	3	1
IIICF_E6_A2	chr17	45311777	45329770	68	0.727273	1.187188	10	ASCNA	5	1	4	1	1	4.61649213946186	0.729675489977195	5	HLAMP	4	1
IIICF_E6_A2	chr17	45330066	45374994	53	0.735294	1.101122	7	ASCNA	4	1	3	1	1	4.346316516192	0.737935893722267	4	AMP	3	1
IIICF_E6_A2	chr17	45380002	45429431	53	0.75	1.242584	10	ASCNA	5	1	4	1	1	4.79911173775224	0.752542172329135	5	HLAMP	4	1
IIICF_E6_A2	chr17	45440167	45469853	43	0.724138	1.076281	7	ASCNA	4	1	3	1	1	4.2712871258787	0.726698840714388	4	AMP	3	1
IIICF_E6_A2	chr17	45481057	45746819	65	0.75	1.277791	10	ASCNA	5	1	4	1	1	4.91887378306533	0.752480276909349	5	HLAMP	4	1
IIICF_E6_A2	chr17	45804494	46279772	383	0.744681	1.111801	7	ASCNA	4	1	3	1	1	4.37897040040037	0.747407804973617	4	AMP	3	1
IIICF_E6_A2	chr17	46280232	46589990	195	0.75	1.203063	10	ASCNA	5	1	4	1	1	4.66811115516503	0.752613512973152	5	HLAMP	4	1
IIICF_E6_A2	chr17	46591320	47179617	263	0.753623	1.120013	7	ASCNA	4	1	3	1	1	4.40424569208755	0.756433236934886	4	AMP	3	1
IIICF_E6_A2	chr17	47180785	47199152	33	0.733333	1.233491	10	ASCNA	5	1	4	1	1	4.76865246688164	0.735720846099512	5	HLAMP	4	1
IIICF_E6_A2	chr17	47200661	47498134	293	0.74	1.107403	7	ASCNA	4	1	3	1	1	4.36549306463292	0.742682895638172	4	AMP	3	1
IIICF_E6_A2	chr17	47507019	47619651	63	0.833333	1.636183	13	ASCNA	6	1	5	1	1	6.31973916686003	0.83590697898697	6	HLAMP	5	1
IIICF_E6_A2	chr17	47633883	48067953	234	0.75	1.062464	7	ASCNA	4	1	3	1	1	4.23011021273915	0.75288412557843	4	AMP	3	1
IIICF_E6_A2	chr17	48070225	48114912	36	0.736224	1.337778	10	ASCNA	5	1	4	1	1	5.12978319461068	0.738471247205328	5	HLAMP	4	1
IIICF_E6_A2	chr17	48120415	48168877	25	0.721311	0.998426	7	ASCNA	4	1	3	1	1	4.04433257502166	0.723981434802943	4	AMP	3	1
IIICF_E6_A2	chr17	48172615	50648876	1650	0.659333	0.581249	5	GAIN	3	1	2	1	1	3.01650008286614	0.661910675430593	3	GAIN	2	1
IIICF_E6_A2	chr17	50650351	50659903	38	0.647059	0.193739	3	HET	2	1	1	NA	NA	2.2944619139368	0.650186782860993	2	NEUT	1	1
IIICF_E6_A2	chr17	50661887	67499717	9814	0.659574	0.602511	5	GAIN	3	1	2	1	1	3.06201008416014	0.662117204920601	3	GAIN	2	1
IIICF_E6_A2	chr17	67501133	67544154	29	0.745098	1.003192	7	ASCNA	4	1	3	1	1	4.05787676180276	0.748045587827634	4	AMP	3	1
IIICF_E6_A2	chr17	67550367	72016354	3368	0.658537	0.551761	5	GAIN	3	1	2	1	1	2.95448275566156	0.661155635291359	3	GAIN	2	1
IIICF_E6_A2	chr17	72028429	72078211	70	0.630952	0.235886	3	HET	2	1	1	NA	NA	2.36392791310952	0.633655359151398	2	NEUT	1	1
IIICF_E6_A2	chr17	72080863	77781725	4672	0.659574	0.617474	5	GAIN	3	1	2	1	1	3.09444194231827	0.662090550401695	3	GAIN	2	1
IIICF_E6_A2	chr17	77793292	81130897	2794	0.571429	0.041425	3	HET	2	1	1	NA	NA	2.05968121966624	0.573121389808212	2	NEUT	1	1
IIICF_E6_A2	chr18	131139	78002055	51870	0.566667	-0.063045	3	HET	2	1	1	NA	NA	1.91239656077593	0.568368213415002	2	NEUT	1	1
IIICF_E6_A2	chr19	263280	23679783	13212	1	-0.927852	1	DLOH	1	0	1	1	1	1.02813167952629	1	1	HETD	1	0
IIICF_E6_A2	chr19	28682204	37339156	4751	0.571429	-0.119486	3	HET	2	1	1	NA	NA	1.83715220780835	0.573326384163116	2	NEUT	1	1
IIICF_E6_A2	chr19	37344644	37469231	127	1	-1.093066	1	DLOH	1	0	1	1	1	0.911603534671311	1	1	HETD	1	0
IIICF_E6_A2	chr19	37470113	59084660	14111	0.566667	0.022648	3	HET	2	1	1	NA	NA	2.03241666622407	0.568267751823218	2	NEUT	1	1
IIICF_E6_A2	chr20	62731	62909908	39352	0.566667	-0.0108	3	HET	2	1	1	NA	NA	1.98471996400007	0.568306221020098	2	NEUT	1	1
IIICF_E6_A2	chr21	15412436	48099610	25599	0.566667	-0.05837	3	HET	2	1	1	NA	NA	1.91876205599975	0.568362569637633	2	NEUT	1	1
IIICF_E6_A2	chr22	17046530	22705564	2992	0.571429	-0.042892	3	HET	2	1	1	NA	NA	1.93998475650244	0.573225809739173	2	NEUT	1	1
IIICF_E6_A2	chr22	22705584	22705623	9	0.942857	-0.211934	2	NLOH	2	0	2	1	1	1.72009091608526	0.955421289993541	2	NEUT	2	0
IIICF_E6_A2	chr22	22705996	51174142	20359	0.571429	-0.105435	3	HET	2	1	1	NA	NA	1.85561001632629	0.573307510825907	2	NEUT	1	1
IIICF_E6_A2	chrX	2700027	76797439	21223	0.571429	-0.113044	3	HET	2	1	1	NA	NA	1.84559229627284	0.573317707224975	2	HLAMP	1	1
IIICF_E6_A2	chrX	76817913	76976682	26	1	-1.127033	1	DLOH	1	0	1	1	1	0.889255764531376	1	1	HETD	1	0
IIICF_E6_A2	chrX	76991654	154929412	27684	0.571429	-0.148462	3	HET	2	1	1	NA	NA	1.79965139250616	0.573365921516492	2	HLAMP	1	1
