Sample	Chromosome	Start_Position.bp.	End_Position.bp.	Length.snp.	Median_Ratio	Median_logR	TITAN_state	TITAN_call	Copy_Number	MinorCN	MajorCN	Clonal_Cluster	Cellular_Prevalence	logR_Copy_Number	Corrected_Ratio	Corrected_Copy_Number	Corrected_Call	Corrected_MajorCN	Corrected_MinorCN
IIICF_T_A6	chr1	820979	94427389	53749	0.583333	0.058079	3	HET	2	1	1	NA	NA	2.08297882800978	0.58413317931982	2	NEUT	1	1
IIICF_T_A6	chr1	94433649	94449342	55	0.608696	0.434722	5	GAIN	3	1	2	1	1	2.71033411815545	0.609498132092349	3	GAIN	2	1
IIICF_T_A6	chr1	94450131	115549686	12096	0.578947	0.153466	3	HET	2	1	1	NA	NA	2.22672161691347	0.579656128382501	2	NEUT	1	1
IIICF_T_A6	chr1	115570468	115576482	24	0.591751	0.496948	5	GAIN	3	1	2	1	1	2.83067492971597	0.592399299922706	3	GAIN	2	1
IIICF_T_A6	chr1	115580118	249214082	59060	0.647059	-0.320819	3	HET	2	1	1	NA	NA	1.5972425724137	0.648900517681879	2	NEUT	1	1
IIICF_T_A6	chr2	38938	37768967	24821	0.578947	0.067622	3	HET	2	1	1	NA	NA	2.09693552600398	0.579700018621174	2	NEUT	1	1
IIICF_T_A6	chr2	37770075	37970231	457	0.6875	0.300837	5	GAIN	3	1	2	1	1	2.46835521941537	0.689019318321938	3	GAIN	2	1
IIICF_T_A6	chr2	37970257	37979993	353	0.692308	0.182056	3	HET	2	1	1	NA	NA	2.27168918848363	0.694001181840991	2	NEUT	1	1
IIICF_T_A6	chr2	37980014	38001805	703	0.7	0.332587	5	GAIN	3	1	2	1	1	2.52372456434433	0.701585050862425	3	GAIN	2	1
IIICF_T_A6	chr2	38001846	56769862	14357	0.571429	0.170407	3	HET	2	1	1	NA	NA	2.25325950517801	0.572063042719865	2	NEUT	1	1
IIICF_T_A6	chr2	56790233	57009102	210	0.571429	0.354666	5	GAIN	3	1	2	1	1	2.56295314555276	0.571986428366454	3	GAIN	2	1
IIICF_T_A6	chr2	57021226	68599807	5880	0.576923	0.162869	3	HET	2	1	1	NA	NA	2.24141282284118	0.577609419358815	2	NEUT	1	1
IIICF_T_A6	chr2	68600781	68651876	118	0.576923	0.334909	5	GAIN	3	1	2	1	1	2.52782195621019	0.577531646170239	3	GAIN	2	1
IIICF_T_A6	chr2	68653866	71925930	2164	0.571429	0.206294	3	HET	2	1	1	NA	NA	2.31051597678714	0.572047330623799	2	NEUT	1	1
IIICF_T_A6	chr2	71936759	72040820	129	0.583333	0.370048	5	GAIN	3	1	2	1	1	2.59063991408366	0.583976376400068	3	GAIN	2	1
IIICF_T_A6	chr2	72044451	86098010	8375	0.571429	0.129856	3	HET	2	1	1	NA	NA	2.19025276231797	0.572081282151998	2	NEUT	1	1
IIICF_T_A6	chr2	86100563	86150631	106	0.578947	0.408555	5	GAIN	3	1	2	1	1	2.66125883627117	0.579540340067851	3	GAIN	2	1
IIICF_T_A6	chr2	86151907	162135144	35659	0.588235	-0.019948	3	HET	2	1	1	NA	NA	1.97226185426389	0.589129811335184	2	NEUT	1	1
IIICF_T_A6	chr2	162135148	162135255	2	0.925812	-1.490437	1	DLOH	1	0	1	1	1	0.698926802316556	0.937997444143789	1	HETD	1	0
IIICF_T_A6	chr2	162135292	162136780	24	0.580471	-1.490437	3	HET	2	1	1	NA	NA	0.698926802316556	0.582773835231733	2	NEUT	1	1
IIICF_T_A6	chr2	162136793	162136793	1	0.993976	-1.490437	1	DLOH	1	0	1	1	1	0.698926802316556	1	1	HETD	1	0
IIICF_T_A6	chr2	162136964	162137328	5	0.684685	-1.490437	3	HET	2	1	1	NA	NA	0.698926802316556	0.689970122898593	2	NEUT	1	1
IIICF_T_A6	chr2	162137569	162138310	9	0.75	-1.490437	1	DLOH	1	0	1	1	1	0.698926802316556	0.757154239514028	1	HETD	1	0
IIICF_T_A6	chr2	162138353	242999159	46093	0.588235	-0.104408	3	HET	2	1	1	NA	NA	1.85897677023893	0.589184340675688	2	NEUT	1	1
IIICF_T_A6	chr3	60197	388308	437	0.809524	0.277803	5	GAIN	3	1	2	1	1	2.42894171483559	0.812072780275882	3	GAIN	2	1
IIICF_T_A6	chr3	401132	4399873	3633	0.807692	0.139671	3	HET	2	1	1	NA	NA	2.20534091523553	0.810482587418145	2	NEUT	1	1
IIICF_T_A6	chr3	4410161	4477687	93	0.818182	0.279918	5	GAIN	3	1	2	1	1	2.432534513374	0.820798204922706	3	GAIN	2	1
IIICF_T_A6	chr3	4480789	4527619	65	0.8125	0.140652	3	HET	2	1	1	NA	NA	2.20685461209944	0.815332249188014	2	NEUT	1	1
IIICF_T_A6	chr3	4531946	5818889	946	0.8	0.301086	5	GAIN	3	1	2	1	1	2.46878473098456	0.80243048639298	3	GAIN	2	1
IIICF_T_A6	chr3	5820866	5930619	159	0.806452	0.194078	3	HET	2	1	1	NA	NA	2.29086566743272	0.809127580354087	2	NEUT	1	1
IIICF_T_A6	chr3	5932629	6355729	193	0.818182	0.260651	5	GAIN	3	1	2	1	1	2.39999896385307	0.820833671465027	3	GAIN	2	1
IIICF_T_A6	chr3	6378998	7099616	603	0.807692	0.209543	3	HET	2	1	1	NA	NA	2.31577029762399	0.810349515996769	2	NEUT	1	1
IIICF_T_A6	chr3	7100426	7199104	125	0.793103	0.335735	5	GAIN	3	1	2	1	1	2.52928110343382	0.795420812636314	3	GAIN	2	1
IIICF_T_A6	chr3	7200183	7439197	179	0.8	0.206008	3	HET	2	1	1	NA	NA	2.31005402064254	0.802597492371277	2	NEUT	1	1
IIICF_T_A6	chr3	7440056	7914248	573	0.806452	0.272499	5	GAIN	3	1	2	1	1	2.4199548223927	0.808984855207427	3	GAIN	2	1
IIICF_T_A6	chr3	7918947	7969962	124	0.8125	0.16366	3	HET	2	1	1	NA	NA	2.24265304955143	0.815287039299027	2	NEUT	1	1
IIICF_T_A6	chr3	7970637	10049922	1897	0.807692	0.355357	5	GAIN	3	1	2	1	1	2.56419058581236	0.810092054288019	3	GAIN	2	1
IIICF_T_A6	chr3	10050612	10089470	125	0.714286	0.233512	3	HET	2	1	1	NA	NA	2.35490106928475	0.716106020556454	2	NEUT	1	1
IIICF_T_A6	chr3	10089723	12679466	1498	0.807692	0.321974	5	GAIN	3	1	2	1	1	2.50508063404435	0.810148686035228	3	GAIN	2	1
IIICF_T_A6	chr3	12690343	12738547	44	0.80625	0.166491	3	HET	2	1	1	NA	NA	2.24709741431564	0.808975896483391	2	NEUT	1	1
IIICF_T_A6	chr3	12741219	19839076	4428	0.807692	0.35005	5	GAIN	3	1	2	1	1	2.55470201626296	0.810100968471313	3	GAIN	2	1
IIICF_T_A6	chr3	19840125	20299798	466	0.807692	0.211898	3	HET	2	1	1	NA	NA	2.31958623492746	0.810345144133255	2	NEUT	1	1
IIICF_T_A6	chr3	20310573	27619111	4961	0.809524	0.302867	5	GAIN	3	1	2	1	1	2.47185902225017	0.812028527433933	3	GAIN	2	1
IIICF_T_A6	chr3	27620086	27629897	35	0.827586	0.043571	3	HET	2	1	1	NA	NA	2.06193686242007	0.830763643208706	2	NEUT	1	1
IIICF_T_A6	chr3	27630824	35418387	4686	0.807692	0.352848	5	GAIN	3	1	2	1	1	2.55970030739795	0.810096264512135	3	GAIN	2	1
IIICF_T_A6	chr3	35424826	35679211	231	0.8125	0.178297	3	HET	2	1	1	NA	NA	2.26572586924662	0.815258657729967	2	NEUT	1	1
IIICF_T_A6	chr3	35683104	60118190	12693	0.809524	0.342417	5	GAIN	3	1	2	1	1	2.54111576889595	0.811960267882722	3	GAIN	2	1
IIICF_T_A6	chr3	60122472	60189931	67	0.8	0.131353	3	HET	2	1	1	NA	NA	2.1925474034363	0.802736701467185	2	NEUT	1	1
IIICF_T_A6	chr3	60200545	75238933	10109	0.805556	0.348598	5	GAIN	3	1	2	1	1	2.5521120105826	0.807950673160834	3	GAIN	2	1
IIICF_T_A6	chr3	75270680	75999516	772	0.65	0.133277	3	HET	2	1	1	NA	NA	2.19550006019176	0.651366510483113	2	NEUT	1	1
IIICF_T_A6	chr3	76000201	84811895	4257	0.787879	0.31571	5	GAIN	3	1	2	1	1	2.49414081405926	0.790187576009553	3	GAIN	2	1
IIICF_T_A6	chr3	84932696	97909944	5444	0.59375	0.102293	3	HET	2	1	1	NA	NA	2.14842620922528	0.59462278243344	2	NEUT	1	1
IIICF_T_A6	chr3	97910175	97959758	278	0.56	0.394478	5	GAIN	3	1	2	1	1	2.63522384578132	0.560455395673917	3	GAIN	2	1
IIICF_T_A6	chr3	97960161	98519481	555	0.571429	0.242253	3	HET	2	1	1	NA	NA	2.36933380410278	0.57203198079686	2	NEUT	1	1
IIICF_T_A6	chr3	98531342	99873317	657	0.5625	0.335296	5	GAIN	3	1	2	1	1	2.52850549623543	0.562994391820978	3	GAIN	2	1
IIICF_T_A6	chr3	99878116	100259128	122	0.571429	0.248139	3	HET	2	1	1	NA	NA	2.37910187919191	0.572029505088798	2	NEUT	1	1
IIICF_T_A6	chr3	100261723	100849565	572	0.565217	0.324574	5	GAIN	3	1	2	1	1	2.50963539571422	0.565736762985424	3	GAIN	2	1
IIICF_T_A6	chr3	100850480	101719825	546	0.571429	0.251265	3	HET	2	1	1	NA	NA	2.3843058389591	0.572028194432979	2	NEUT	1	1
IIICF_T_A6	chr3	101740532	101821517	77	0.545455	0.391659	5	GAIN	3	1	2	1	1	2.63004064976102	0.545800680087416	3	GAIN	2	1
IIICF_T_A6	chr3	101831257	105706022	3386	0.571429	0.212995	3	HET	2	1	1	NA	NA	2.3213658926631	0.572044440585967	2	NEUT	1	1
IIICF_T_A6	chr3	105720291	105813202	95	0.576923	0.339524	5	GAIN	3	1	2	1	1	2.53598517152564	0.577529686967246	3	GAIN	2	1
IIICF_T_A6	chr3	105817096	106209961	342	0.571429	0.283616	3	HET	2	1	1	NA	NA	2.43882905955512	0.572014798655969	2	NEUT	1	1
IIICF_T_A6	chr3	106210169	106259129	61	0.571429	0.409486	5	GAIN	3	1	2	1	1	2.66298966544792	0.571965488295002	3	GAIN	2	1
IIICF_T_A6	chr3	106260703	106997313	388	0.57634	0.23602	3	HET	2	1	1	NA	NA	2.35903322115098	0.576987251790825	2	NEUT	1	1
IIICF_T_A6	chr3	107001891	107068146	66	0.548387	0.425414	5	GAIN	3	1	2	1	1	2.69277520723008	0.548746404705326	3	GAIN	2	1
IIICF_T_A6	chr3	107070362	111088383	2700	0.571429	0.222958	3	HET	2	1	1	NA	NA	2.33759092375936	0.572040168862226	2	NEUT	1	1
IIICF_T_A6	chr3	111089528	111726816	596	0.571429	0.338469	5	GAIN	3	1	2	1	1	2.53411673794581	0.571992771496329	3	GAIN	2	1
IIICF_T_A6	chr3	111730315	112554593	337	0.567568	0.227598	3	HET	2	1	1	NA	NA	2.34518562479808	0.568144260700257	2	NEUT	1	1
IIICF_T_A6	chr3	112559247	112669667	164	0.569498	0.373844	5	GAIN	3	1	2	1	1	2.59751804299929	0.57003314182547	3	GAIN	2	1
IIICF_T_A6	chr3	112675199	121639848	6141	0.571429	0.189854	3	HET	2	1	1	NA	NA	2.28410968256014	0.57205447906352	2	NEUT	1	1
IIICF_T_A6	chr3	121640318	121649477	46	0.563859	0.437168	5	GAIN	3	1	2	1	1	2.71496715875376	0.564329449157214	3	GAIN	2	1
IIICF_T_A6	chr3	121661597	123504925	1099	0.576923	0.216187	3	HET	2	1	1	NA	NA	2.32655196271425	0.577584300146032	2	NEUT	1	1
IIICF_T_A6	chr3	123518388	124112105	391	0.564103	0.333238	5	GAIN	3	1	2	1	1	2.52487265113544	0.564610801569285	3	GAIN	2	1
IIICF_T_A6	chr3	124120040	124767676	395	0.583333	0.265097	3	HET	2	1	1	NA	NA	2.40746825982857	0.584025327541595	2	NEUT	1	1
IIICF_T_A6	chr3	124770413	124929402	148	0.571429	0.358749	5	GAIN	3	1	2	1	1	2.57027356998301	0.571984840748591	3	GAIN	2	1
IIICF_T_A6	chr3	124930044	133798685	4889	0.576923	0.201363	3	HET	2	1	1	NA	NA	2.3025640790546	0.577591189505208	2	NEUT	1	1
IIICF_T_A6	chr3	133800203	134319723	462	0.566667	0.329489	5	GAIN	3	1	2	1	1	2.51826810474137	0.567196497738395	3	GAIN	2	1
IIICF_T_A6	chr3	134320765	149684690	9741	0.571429	0.203467	3	HET	2	1	1	NA	NA	2.30595373672678	0.572048553966964	2	NEUT	1	1
IIICF_T_A6	chr3	149715493	150169855	279	0.571429	0.324124	5	GAIN	3	1	2	1	1	2.50884648405721	0.571998450061733	3	GAIN	2	1
IIICF_T_A6	chr3	150171746	159572169	4982	0.571429	0.202429	3	HET	2	1	1	NA	NA	2.3042808448277	0.572049003758843	2	NEUT	1	1
IIICF_T_A6	chr3	159579882	159699372	117	0.571429	0.335546	5	GAIN	3	1	2	1	1	2.528947157052	0.571993923937315	3	GAIN	2	1
IIICF_T_A6	chr3	159700115	197819088	22829	0.571429	0.13832	3	HET	2	1	1	NA	NA	2.20325798722951	0.572077431910155	2	NEUT	1	1
IIICF_T_A6	chr4	40094	41487	5	0.979798	0.20999	2	NLOH	2	0	2	1	1	2.31649411768086	0.983940689595457	2	NEUT	2	0
IIICF_T_A6	chr4	41791	43243	12	0.77542	0.20999	5	GAIN	3	1	2	1	1	2.31649411768086	0.777798041526602	3	GAIN	2	1
IIICF_T_A6	chr4	43450	45025	9	0.938931	0.20999	2	NLOH	2	0	2	1	1	2.31649411768086	0.942720834236123	2	NEUT	2	0
IIICF_T_A6	chr4	45033	66476	73	0.795918	0.168176	5	GAIN	3	1	2	1	1	2.24974682578677	0.798548830677049	3	GAIN	2	1
IIICF_T_A6	chr4	66516	66516	1	1	0.081974	2	NLOH	2	0	2	1	1	2.11810001259439	1	2	NEUT	2	0
IIICF_T_A6	chr4	66559	160333424	96761	0.59375	-6.3e-05	3	HET	2	1	1	NA	NA	1.99991179196515	0.594687595679214	2	NEUT	1	1
IIICF_T_A6	chr4	160380767	160389551	35	0.571429	0.45942	5	GAIN	3	1	2	1	1	2.75747806630722	0.571947104859176	3	GAIN	2	1
IIICF_T_A6	chr4	160390380	190929666	26276	0.590909	0.022734	3	HET	2	1	1	NA	NA	2.03208331510302	0.591803788785854	2	NEUT	1	1
IIICF_T_A6	chr5	78650	8929697	7168	0.578947	0.108061	3	HET	2	1	1	NA	NA	2.15711309383077	0.579679011456886	2	NEUT	1	1
IIICF_T_A6	chr5	8940538	8989290	133	0.571429	0.333073	5	GAIN	3	1	2	1	1	2.52458161238115	0.571994900812324	3	GAIN	2	1
IIICF_T_A6	chr5	9010227	13516251	2597	0.571429	0.244001	3	HET	2	1	1	NA	NA	2.37223052768066	0.572031244498818	2	NEUT	1	1
IIICF_T_A6	chr5	13540811	14478324	616	0.571429	0.322285	5	GAIN	3	1	2	1	1	2.50562502150295	0.571999182199237	3	GAIN	2	1
IIICF_T_A6	chr5	14498624	32859228	12804	0.571429	0.130004	3	HET	2	1	1	NA	NA	2.19047951457708	0.57208121462959	2	NEUT	1	1
IIICF_T_A6	chr5	32860732	34749416	946	0.571429	0.336777	5	GAIN	3	1	2	1	1	2.5311230115022	0.571993438306132	3	GAIN	2	1
IIICF_T_A6	chr5	34750137	35538662	550	0.571429	0.247658	3	HET	2	1	1	NA	NA	2.37830214246219	0.572029707016874	2	NEUT	1	1
IIICF_T_A6	chr5	35540348	35827030	303	0.571429	0.342022	5	GAIN	3	1	2	1	1	2.54041464864512	0.571991373857349	3	GAIN	2	1
IIICF_T_A6	chr5	35831103	36051611	265	0.571429	0.236849	3	HET	2	1	1	NA	NA	2.360400652376	0.572034262832726	2	NEUT	1	1
IIICF_T_A6	chr5	36070109	36549210	226	0.571429	0.344403	5	GAIN	3	1	2	1	1	2.54464380539083	0.571990439201116	3	GAIN	2	1
IIICF_T_A6	chr5	36550109	37579549	271	0.571429	0.24024	3	HET	2	1	1	NA	NA	2.36600227721534	0.572032829843691	2	NEUT	1	1
IIICF_T_A6	chr5	37580249	37980368	305	0.565217	0.336823	5	GAIN	3	1	2	1	1	2.5312043548072	0.56573233396864	3	GAIN	2	1
IIICF_T_A6	chr5	38019816	39228991	842	0.571429	0.269447	3	HET	2	1	1	NA	NA	2.4147985875297	0.5720206281352	2	NEUT	1	1
IIICF_T_A6	chr5	39232650	39359773	124	0.580645	0.371641	5	GAIN	3	1	2	1	1	2.59352413283325	0.581266931157694	3	GAIN	2	1
IIICF_T_A6	chr5	39360482	39619119	198	0.565217	0.27401	3	HET	2	1	1	NA	NA	2.42251163774184	0.565755455859316	2	NEUT	1	1
IIICF_T_A6	chr5	39624744	40559387	477	0.565217	0.335598	5	GAIN	3	1	2	1	1	2.52903903211735	0.565732775189326	3	GAIN	2	1
IIICF_T_A6	chr5	40572443	66009712	10702	0.571429	0.150084	3	HET	2	1	1	NA	NA	2.22146096447196	0.572072118563897	2	NEUT	1	1
IIICF_T_A6	chr5	66010359	115979183	27737	0.69697	0.546393	5	GAIN	3	1	2	1	1	2.93006870446219	0.698314551504717	3	GAIN	2	1
IIICF_T_A6	chr5	115980017	116219996	216	0.75	0.184269	3	HET	2	1	1	NA	NA	2.27520718935552	0.752197729406772	2	NEUT	1	1
IIICF_T_A6	chr5	116220307	162718242	28606	0.756757	0.403639	5	GAIN	3	1	2	1	1	2.65213796046667	0.758693338778135	3	GAIN	2	1
IIICF_T_A6	chr5	162726222	162839659	173	0.75	0.187284	3	HET	2	1	1	NA	NA	2.28000882026942	0.752193101053862	2	NEUT	1	1
IIICF_T_A6	chr5	162841338	162971390	140	0.740533	0.314148	5	GAIN	3	1	2	1	1	2.49142023590816	0.742464002528231	3	GAIN	2	1
IIICF_T_A6	chr5	162979444	163007736	45	0.740741	0.117023	3	HET	2	1	1	NA	NA	2.17067938816578	0.742959245145619	2	NEUT	1	1
IIICF_T_A6	chr5	163020061	170779947	6047	0.75	0.379955	5	GAIN	3	1	2	1	1	2.60862890472674	0.751916826781106	3	GAIN	2	1
IIICF_T_A6	chr5	170782778	170846151	88	0.75	0.196021	3	HET	2	1	1	NA	NA	2.29398000484711	0.752179744259314	2	NEUT	1	1
IIICF_T_A6	chr5	170872907	173981265	2075	0.75	0.372984	5	GAIN	3	1	2	1	1	2.59595818755829	0.751926182698362	3	GAIN	2	1
IIICF_T_A6	chr5	174045080	174178697	94	0.769231	0.185058	3	HET	2	1	1	NA	NA	2.27646276632465	0.7715964821483	2	NEUT	1	1
IIICF_T_A6	chr5	174186323	177429896	1295	0.761905	0.301145	5	GAIN	3	1	2	1	1	2.46888651366622	0.764026767653264	3	GAIN	2	1
IIICF_T_A6	chr5	177481143	177869688	279	0.736842	0.178365	3	HET	2	1	1	NA	NA	2.26583360726234	0.738932671831075	2	NEUT	1	1
IIICF_T_A6	chr5	177874131	178209604	349	0.75	0.277187	5	GAIN	3	1	2	1	1	2.42789629168359	0.752059515377026	3	GAIN	2	1
IIICF_T_A6	chr5	178210412	178259872	153	0.740741	0.20168	3	HET	2	1	1	NA	NA	2.30307446694193	0.742831726585097	2	NEUT	1	1
IIICF_T_A6	chr5	178260000	178268892	97	0.75	0.463563	5	GAIN	3	1	2	1	1	2.76546564125962	0.751808118557665	3	GAIN	2	1
IIICF_T_A6	chr5	178273072	178309305	180	0.75	0.158664	3	HET	2	1	1	NA	NA	2.23483111239233	0.752237435177459	2	NEUT	1	1
IIICF_T_A6	chr5	178310446	178713712	494	0.764706	0.318563	5	GAIN	3	1	2	1	1	2.49911757203719	0.766824518492222	3	GAIN	2	1
IIICF_T_A6	chr5	178716389	179136428	297	0.761905	0.211561	3	HET	2	1	1	NA	NA	2.31903979312903	0.764163867467388	2	NEUT	1	1
IIICF_T_A6	chr5	179141391	179728860	310	0.76	0.28184	5	GAIN	3	1	2	1	1	2.4358040296169	0.762134942414569	3	GAIN	2	1
IIICF_T_A6	chr5	179730004	179870258	154	0.779514	0.130143	3	HET	2	1	1	NA	NA	2.19069249903124	0.782065980232432	2	NEUT	1	1
IIICF_T_A6	chr5	179870647	180698428	726	0.761905	0.3145	5	GAIN	3	1	2	1	1	2.49203306686675	0.764007060206955	3	GAIN	2	1
IIICF_T_A6	chr6	205800	6927427	5431	0.606061	0.590288	5	GAIN	3	1	2	1	1	3.02120605996356	0.606763151022185	3	GAIN	2	1
IIICF_T_A6	chr6	6930808	6939532	26	0.610345	0.08374	3	HET	2	1	1	NA	NA	2.12071886032915	0.611385698005576	2	NEUT	1	1
IIICF_T_A6	chr6	6950098	7028765	139	0.578947	0.406867	5	GAIN	3	1	2	1	1	2.65812350966914	0.579541039928069	3	GAIN	2	1
IIICF_T_A6	chr6	7031156	9439823	1965	0.571429	0.227761	3	HET	2	1	1	NA	NA	2.3454528657704	0.572038120228368	2	NEUT	1	1
IIICF_T_A6	chr6	9450006	9514315	66	0.571429	0.366768	5	GAIN	3	1	2	1	1	2.58471130417458	0.571981735921771	3	GAIN	2	1
IIICF_T_A6	chr6	9519288	9579995	130	0.588989	0.249001	3	HET	2	1	1	NA	NA	2.38053575447324	0.589736681749235	2	NEUT	1	1
IIICF_T_A6	chr6	9581172	10069867	287	0.576923	0.348297	5	GAIN	3	1	2	1	1	2.55157542780967	0.577525980078866	3	GAIN	2	1
IIICF_T_A6	chr6	10070452	11486964	1251	0.571429	0.235114	3	HET	2	1	1	NA	NA	2.35753967716483	0.572034997345055	2	NEUT	1	1
IIICF_T_A6	chr6	11489854	12799417	965	0.571429	0.318643	5	GAIN	3	1	2	1	1	2.49925726551396	0.572000634943284	3	GAIN	2	1
IIICF_T_A6	chr6	12800332	13847872	497	0.578947	0.249244	3	HET	2	1	1	NA	NA	2.38094012239768	0.579610196643892	2	NEUT	1	1
IIICF_T_A6	chr6	13853036	14170358	251	0.576923	0.335248	5	GAIN	3	1	2	1	1	2.52842070611624	0.57753150203804	3	GAIN	2	1
IIICF_T_A6	chr6	14172188	18349974	2851	0.575758	0.225577	3	HET	2	1	1	NA	NA	2.34187467143986	0.57640502343851	2	NEUT	1	1
IIICF_T_A6	chr6	18360101	18439539	148	0.576923	0.33993	5	GAIN	3	1	2	1	1	2.53670457268275	0.577529514912798	3	GAIN	2	1
IIICF_T_A6	chr6	18440213	18779716	485	0.575758	0.266297	3	HET	2	1	1	NA	NA	2.4094882120869	0.576386867074292	2	NEUT	1	1
IIICF_T_A6	chr6	18780110	18929845	201	0.566667	0.361082	5	GAIN	3	1	2	1	1	2.57446572397322	0.567184939413104	3	GAIN	2	1
IIICF_T_A6	chr6	18930193	35788600	8516	0.571429	0.192461	3	HET	2	1	1	NA	NA	2.28827705496208	0.572053339951374	2	NEUT	1	1
IIICF_T_A6	chr6	35800280	35836705	60	0.578947	0.380546	5	GAIN	3	1	2	1	1	2.60970594357893	0.579552061080681	3	GAIN	2	1
IIICF_T_A6	chr6	35839206	36837364	527	0.576923	0.232399	3	HET	2	1	1	NA	NA	2.35306960333849	0.57757684770196	2	NEUT	1	1
IIICF_T_A6	chr6	36840477	36937647	102	0.571429	0.318896	5	GAIN	3	1	2	1	1	2.49969909712313	0.572000533904568	3	GAIN	2	1
IIICF_T_A6	chr6	36969401	37621097	513	0.576923	0.227783	3	HET	2	1	1	NA	NA	2.34548893741676	0.577578960950466	2	NEUT	1	1
IIICF_T_A6	chr6	37622475	38127911	334	0.573593	0.325675	5	GAIN	3	1	2	1	1	2.51156663743967	0.574179066589406	3	GAIN	2	1
IIICF_T_A6	chr6	38130315	40659072	1690	0.571429	0.22659	3	HET	2	1	1	NA	NA	2.34353366404038	0.572038619058239	2	NEUT	1	1
IIICF_T_A6	chr6	40661270	41178467	311	0.565217	0.337353	5	GAIN	3	1	2	1	1	2.5321417582644	0.565732143191073	3	GAIN	2	1
IIICF_T_A6	chr6	41181032	42216438	644	0.578947	0.260521	3	HET	2	1	1	NA	NA	2.39978090956349	0.579604989857403	2	NEUT	1	1
IIICF_T_A6	chr6	42219294	42515791	206	0.566667	0.324401	5	GAIN	3	1	2	1	1	2.5093320738938	0.567198383343004	3	GAIN	2	1
IIICF_T_A6	chr6	42532057	43739523	307	0.583333	0.220657	3	HET	2	1	1	NA	NA	2.33383372253547	0.584047171093554	2	NEUT	1	1
IIICF_T_A6	chr6	43740678	44089135	307	0.583333	0.378662	5	GAIN	3	1	2	1	1	2.60627407854825	0.583972517000731	3	GAIN	2	1
IIICF_T_A6	chr6	44091165	44280812	185	0.575758	0.192478	3	HET	2	1	1	NA	NA	2.28830425472345	0.576420170600499	2	NEUT	1	1
IIICF_T_A6	chr6	44374697	46788191	1537	0.567568	0.367433	5	GAIN	3	1	2	1	1	2.58591220457806	0.568090615697465	3	GAIN	2	1
IIICF_T_A6	chr6	46790211	52298814	3342	0.571429	0.229013	3	HET	2	1	1	NA	NA	2.34750654570463	0.572037587348921	2	NEUT	1	1
IIICF_T_A6	chr6	52320106	52799397	343	0.571429	0.331088	5	GAIN	3	1	2	1	1	2.52108293565102	0.571995686151027	3	GAIN	2	1
IIICF_T_A6	chr6	52800153	55147151	1312	0.566667	0.246115	3	HET	2	1	1	NA	NA	2.37573846569051	0.567228264333339	2	NEUT	1	1
IIICF_T_A6	chr6	55193889	57199709	579	0.567568	0.33334	5	GAIN	3	1	2	1	1	2.52505258265088	0.568103211947531	3	GAIN	2	1
IIICF_T_A6	chr6	57210058	57349953	1870	0.56	0.1669	3	HET	2	1	1	NA	NA	2.24774022151887	0.560533900460419	2	NEUT	1	1
IIICF_T_A6	chr6	57350134	57359558	187	0.567568	0.355559	5	GAIN	3	1	2	1	1	2.56455243863914	0.568094968483864	3	GAIN	2	1
IIICF_T_A6	chr6	57359755	99483896	25595	0.633333	-0.017423	3	HET	2	1	1	NA	NA	1.97575175939682	0.634682772064442	2	NEUT	1	1
IIICF_T_A6	chr6	99512535	124951634	10687	1	-0.743516	1	DLOH	1	0	1	1	1	1.18650904802808	1	1	HETD	1	0
IIICF_T_A6	chr6	124963916	148180666	11422	0.619048	-0.034844	3	HET	2	1	1	NA	NA	1.95179732992596	0.620267951446023	2	NEUT	1	1
IIICF_T_A6	chr6	148217498	148914633	205	1	-0.77416	1	DLOH	1	0	1	1	1	1.16115205812657	1	1	HETD	1	0
IIICF_T_A6	chr6	148917324	149681192	672	0.615385	0.023684	3	HET	2	1	1	NA	NA	2.03343503684079	0.616519943427161	2	NEUT	1	1
IIICF_T_A6	chr6	149685617	149689457	6	1	-0.051674	2	NLOH	2	0	2	1	1	1.92892863390899	1	2	NEUT	2	0
IIICF_T_A6	chr6	149691859	150209309	330	1	-0.766325	1	DLOH	1	0	1	1	1	1.16758412450643	1	1	HETD	1	0
IIICF_T_A6	chr6	150210344	150585227	204	0.642857	-0.04368	3	HET	2	1	1	NA	NA	1.93975766428859	0.644330021925312	2	NEUT	1	1
IIICF_T_A6	chr6	150627957	153008021	1214	1	-0.77477	1	DLOH	1	0	1	1	1	1.16065274874938	1	1	HETD	1	0
IIICF_T_A6	chr6	153014355	153887496	843	0.619048	-0.070882	3	HET	2	1	1	NA	NA	1.90315261045181	0.620299133493925	2	NEUT	1	1
IIICF_T_A6	chr6	153902816	154191010	304	1	-0.717147	1	DLOH	1	0	1	1	1	1.20876391982528	1	1	HETD	1	0
IIICF_T_A6	chr6	154215721	154215825	4	0.615942	-0.642391	3	HET	2	1	1	NA	NA	1.2741132080053	0.617762069331835	2	NEUT	1	1
IIICF_T_A6	chr6	154215860	154421844	86	1	-0.728853	1	DLOH	1	0	1	1	1	1.19883408318189	1	1	HETD	1	0
IIICF_T_A6	chr6	154438891	154464330	12	0.6	-0.158224	3	HET	2	1	1	NA	NA	1.79017753374682	0.601117272371546	2	NEUT	1	1
IIICF_T_A6	chr6	154466232	154651083	108	1	-0.773381	1	DLOH	1	0	1	1	1	1.16179000778958	1	1	HETD	1	0
IIICF_T_A6	chr6	154652381	155708150	832	0.68	-0.222841	3	HET	2	1	1	NA	NA	1.71089013435792	0.682104289775956	2	NEUT	1	1
IIICF_T_A6	chr6	155734754	155763508	16	1	-0.777762	1	DLOH	1	0	1	1	1	1.15820673217185	1	1	HETD	1	0
IIICF_T_A6	chr6	155771142	155780551	15	0.611111	-0.140811	3	HET	2	1	1	NA	NA	1.81215836253387	0.61233735461782	2	NEUT	1	1
IIICF_T_A6	chr6	155788870	155957668	91	1	-0.684807	1	DLOH	1	0	1	1	1	1.2366194279397	1	1	HETD	1	0
IIICF_T_A6	chr6	155958937	157733345	953	0.684211	-0.192024	3	HET	2	1	1	NA	NA	1.74826092533693	0.686318484898053	2	NEUT	1	1
IIICF_T_A6	chr6	157735566	158096328	179	1	-0.632033	1	DLOH	1	0	1	1	1	1.28343788922283	1	1	HETD	1	0
IIICF_T_A6	chr6	158099147	160347637	1902	0.619048	-0.009985	3	HET	2	1	1	NA	NA	1.98606769018318	0.620246900715598	2	NEUT	1	1
IIICF_T_A6	chr6	160352418	160539046	135	0.586207	0.381359	5	GAIN	3	1	2	1	1	2.61118827652215	0.586867327686144	3	GAIN	2	1
IIICF_T_A6	chr6	160550929	160992001	295	0.611111	-0.076061	3	HET	2	1	1	NA	NA	1.89626123203232	0.612282963408086	2	NEUT	1	1
IIICF_T_A6	chr6	161011907	163596443	1518	1	-0.846233	1	DLOH	1	0	1	1	1	1.10359462850346	1	1	HETD	1	0
IIICF_T_A6	chr6	163598076	165754648	1833	0.578947	0.160038	3	HET	2	1	1	NA	NA	2.23697960201149	0.579652876574405	2	NEUT	1	1
IIICF_T_A6	chr6	165799614	165845041	79	0.678571	0.773525	5	GAIN	3	1	2	1	1	3.4330725274501	0.679611358726116	3	GAIN	2	1
IIICF_T_A6	chr6	165873050	167573370	1496	0.636364	-0.224644	3	HET	2	1	1	NA	NA	1.70872831385783	0.637960180049147	2	NEUT	1	1
IIICF_T_A6	chr6	167626926	168197811	200	1	-0.91615	1	DLOH	1	0	1	1	1	1.05044046465534	1	1	HETD	1	0
IIICF_T_A6	chr6	168198324	170554860	1159	0.615385	-0.162383	3	HET	2	1	1	NA	NA	1.78496666674738	0.616677928194467	2	NEUT	1	1
IIICF_T_A6	chr6	170563028	170852561	124	1	-0.740153	1	DLOH	1	0	1	1	1	1.18932476895756	1	1	HETD	1	0
IIICF_T_A6	chr6	170896562	170898626	3	0.642857	-0.263993	3	HET	2	1	1	NA	NA	1.66221502551217	0.644575974696676	2	NEUT	1	1
IIICF_T_A6	chr7	50571	89835	67	0.5625	0.282195	3	HET	2	1	1	NA	NA	2.43640839719847	0.56301308000665	2	NEUT	1	1
IIICF_T_A6	chr7	90661	187171	215	0.571429	0.371263	5	GAIN	3	1	2	1	1	2.59283945372761	0.571980003180382	3	GAIN	2	1
IIICF_T_A6	chr7	189720	5685488	3486	0.576923	0.226816	3	HET	2	1	1	NA	NA	2.34390394375673	0.577579404524082	2	NEUT	1	1
IIICF_T_A6	chr7	5692760	5799918	90	0.571429	0.364174	5	GAIN	3	1	2	1	1	2.58003217706067	0.571982738359516	3	GAIN	2	1
IIICF_T_A6	chr7	5800161	6749758	533	0.583333	0.173937	3	HET	2	1	1	NA	NA	2.25882855149418	0.584070885387846	2	NEUT	1	1
IIICF_T_A6	chr7	7050369	7919205	840	0.571429	0.323162	5	GAIN	3	1	2	1	1	2.5071607913395	0.571998832932199	3	GAIN	2	1
IIICF_T_A6	chr7	7921051	11470002	2870	0.571429	0.220038	3	HET	2	1	1	NA	NA	2.33282400723103	0.572041417730954	2	NEUT	1	1
IIICF_T_A6	chr7	11477044	12004270	463	0.571429	0.363191	5	GAIN	3	1	2	1	1	2.57826121218671	0.571983118713213	3	GAIN	2	1
IIICF_T_A6	chr7	12007406	12019878	82	0.545455	0.204929	3	HET	2	1	1	NA	NA	2.30831201035216	0.545848860395666	2	NEUT	1	1
IIICF_T_A6	chr7	12020400	13289855	1540	0.566667	0.35429	5	GAIN	3	1	2	1	1	2.56228005509048	0.567187402624796	3	GAIN	2	1
IIICF_T_A6	chr7	13290116	14529180	1284	0.566667	0.255573	3	HET	2	1	1	NA	NA	2.39149601719441	0.567224566166343	2	NEUT	1	1
IIICF_T_A6	chr7	14530166	14568810	70	0.565217	0.454349	5	GAIN	3	1	2	1	1	2.74773250511312	0.565691724371159	3	GAIN	2	1
IIICF_T_A6	chr7	14571052	15429951	609	0.571429	0.258551	3	HET	2	1	1	NA	NA	2.39647895220463	0.572025150775249	2	NEUT	1	1
IIICF_T_A6	chr7	15444277	15538801	116	0.563859	0.433196	5	GAIN	3	1	2	1	1	2.70744765306492	0.564330755755002	3	GAIN	2	1
IIICF_T_A6	chr7	15549146	16349864	501	0.5625	0.261814	3	HET	2	1	1	NA	NA	2.40195058549075	0.563020440530371	2	NEUT	1	1
IIICF_T_A6	chr7	16350728	16482135	106	0.571429	0.337743	5	GAIN	3	1	2	1	1	2.53283176568447	0.571993057512457	3	GAIN	2	1
IIICF_T_A6	chr7	16540655	16648885	130	0.571429	0.241176	3	HET	2	1	1	NA	NA	2.36755078454089	0.572032434906044	2	NEUT	1	1
IIICF_T_A6	chr7	16649835	16719917	133	0.578947	0.393567	5	GAIN	3	1	2	1	1	2.63354771440732	0.579546583402208	3	GAIN	2	1
IIICF_T_A6	chr7	16721382	16789457	109	0.575758	0.243456	3	HET	2	1	1	NA	NA	2.37132699643912	0.576396987286338	2	NEUT	1	1
IIICF_T_A6	chr7	16821355	19379686	2083	0.568182	0.363859	5	GAIN	3	1	2	1	1	2.57946454421227	0.568710682987737	3	GAIN	2	1
IIICF_T_A6	chr7	19380010	19619643	324	0.571429	0.268149	3	HET	2	1	1	NA	NA	2.41260897107765	0.572021165080355	2	NEUT	1	1
IIICF_T_A6	chr7	19619868	20338424	565	0.564103	0.371483	5	GAIN	3	1	2	1	1	2.59323792239142	0.564597414447445	3	GAIN	2	1
IIICF_T_A6	chr7	20340736	21149016	690	0.571429	0.249626	3	HET	2	1	1	NA	NA	2.38157593313937	0.572028881265739	2	NEUT	1	1
IIICF_T_A6	chr7	21150391	21799949	443	0.566667	0.332492	5	GAIN	3	1	2	1	1	2.52355706810936	0.567195387997634	3	GAIN	2	1
IIICF_T_A6	chr7	21800369	22059914	276	0.5625	0.267803	3	HET	2	1	1	NA	NA	2.41202563076023	0.563018266647209	2	NEUT	1	1
IIICF_T_A6	chr7	22061450	23519735	1079	0.571429	0.368716	5	GAIN	3	1	2	1	1	2.58823069451634	0.571980984329778	3	GAIN	2	1
IIICF_T_A6	chr7	23520104	23770017	151	0.575758	0.204661	3	HET	2	1	1	NA	NA	2.3078795350485	0.57641455411362	2	NEUT	1	1
IIICF_T_A6	chr7	23772368	24300017	596	0.571429	0.355564	5	GAIN	3	1	2	1	1	2.56456139603486	0.571986078800076	3	GAIN	2	1
IIICF_T_A6	chr7	24301012	24480819	179	0.588235	0.293262	3	HET	2	1	1	NA	NA	2.45532412097978	0.588953765497421	2	NEUT	1	1
IIICF_T_A6	chr7	24481407	25109146	380	0.571429	0.354162	5	GAIN	3	1	2	1	1	2.56205095793301	0.57198662465645	3	GAIN	2	1
IIICF_T_A6	chr7	25111872	25202908	93	0.590909	0.190694	3	HET	2	1	1	NA	NA	2.2854516270557	0.591704591269905	2	NEUT	1	1
IIICF_T_A6	chr7	25210154	25569619	316	0.565217	0.348999	5	GAIN	3	1	2	1	1	2.55282703399872	0.565727969042646	3	GAIN	2	1
IIICF_T_A6	chr7	25570030	26399870	589	0.571429	0.265184	3	HET	2	1	1	NA	NA	2.40761464988424	0.572022393459079	2	NEUT	1	1
IIICF_T_A6	chr7	26401120	28939870	1983	0.565217	0.364239	5	GAIN	3	1	2	1	1	2.58014932307509	0.565722558176008	3	GAIN	2	1
IIICF_T_A6	chr7	28940740	29547745	508	0.571429	0.282653	3	HET	2	1	1	NA	NA	2.43718833623023	0.57201519301758	2	NEUT	1	1
IIICF_T_A6	chr7	29585264	30841441	569	0.567568	0.366635	5	GAIN	3	1	2	1	1	2.58447119051231	0.568090907090371	3	GAIN	2	1
IIICF_T_A6	chr7	30882926	31209818	196	0.566667	0.232208	3	HET	2	1	1	NA	NA	2.3527554506586	0.567233747073419	2	NEUT	1	1
IIICF_T_A6	chr7	31210535	36369923	2979	0.566667	0.404532	5	GAIN	3	1	2	1	1	2.65379247429685	0.56716945724903	3	GAIN	2	1
IIICF_T_A6	chr7	36439385	38658037	1278	0.571429	0.25179	3	HET	2	1	1	NA	NA	2.38518093094726	0.572027974596303	2	NEUT	1	1
IIICF_T_A6	chr7	38665973	38828468	200	0.571429	0.345411	5	GAIN	3	1	2	1	1	2.54643632936691	0.571990043984783	3	GAIN	2	1
IIICF_T_A6	chr7	38830231	38968140	163	0.571429	0.26943	3	HET	2	1	1	NA	NA	2.41476989723088	0.572020635164436	2	NEUT	1	1
IIICF_T_A6	chr7	38977214	39747905	756	0.571429	0.3599	5	GAIN	3	1	2	1	1	2.57234094787389	0.571984394022089	3	GAIN	2	1
IIICF_T_A6	chr7	39756954	40959796	138	0.575962	0.253497	3	HET	2	1	1	NA	NA	2.38802843202961	0.576598226947104	2	NEUT	1	1
IIICF_T_A6	chr7	40960422	41789757	429	0.576923	0.384017	5	GAIN	3	1	2	1	1	2.61604040938853	0.577511121325333	3	GAIN	2	1
IIICF_T_A6	chr7	41793043	42028592	255	0.5625	0.259251	3	HET	2	1	1	NA	NA	2.39765172016007	0.563021373653282	2	NEUT	1	1
IIICF_T_A6	chr7	42030686	42749677	389	0.571429	0.343067	5	GAIN	3	1	2	1	1	2.54226992901282	0.571990963452	3	GAIN	2	1
IIICF_T_A6	chr7	42751965	43166443	249	0.565217	0.233208	3	HET	2	1	1	NA	NA	2.35440069034348	0.565771032960894	2	NEUT	1	1
IIICF_T_A6	chr7	43169804	44710331	807	0.571429	0.348985	5	GAIN	3	1	2	1	1	2.55280206723934	0.571988644949978	3	GAIN	2	1
IIICF_T_A6	chr7	44722519	44904655	165	0.583333	0.260976	3	HET	2	1	1	NA	NA	2.40054418554776	0.584027324475188	2	NEUT	1	1
IIICF_T_A6	chr7	44910466	45159992	248	0.577935	0.344993	5	GAIN	3	1	2	1	1	2.54569284897444	0.578547324588261	3	GAIN	2	1
IIICF_T_A6	chr7	45161939	45227825	145	0.576923	0.151276	3	HET	2	1	1	NA	NA	2.22331369623542	0.577615007230154	2	NEUT	1	1
IIICF_T_A6	chr7	45228401	45538645	214	0.578947	0.332038	5	GAIN	3	1	2	1	1	2.52275676470221	0.579572915078527	3	GAIN	2	1
IIICF_T_A6	chr7	45540264	45759262	165	0.5625	0.255713	3	HET	2	1	1	NA	NA	2.39173004169477	0.563022664521014	2	NEUT	1	1
IIICF_T_A6	chr7	45900004	46839616	612	0.571429	0.360031	5	GAIN	3	1	2	1	1	2.57257634913675	0.571984343201263	3	GAIN	2	1
IIICF_T_A6	chr7	46840531	46887653	68	0.57634	0.185329	3	HET	2	1	1	NA	NA	2.27689418125366	0.577010601422577	2	NEUT	1	1
IIICF_T_A6	chr7	46888442	47579110	648	0.571429	0.370997	5	GAIN	3	1	2	1	1	2.5923577500309	0.571980105566046	3	GAIN	2	1
IIICF_T_A6	chr7	47580116	47629367	53	0.588235	0.184481	3	HET	2	1	1	NA	NA	2.27554448858294	0.589010551641377	2	NEUT	1	1
IIICF_T_A6	chr7	47631307	48608410	342	0.571429	0.352467	5	GAIN	3	1	2	1	1	2.55901912637206	0.571987285309594	3	GAIN	2	1
IIICF_T_A6	chr7	48623327	54449565	3864	0.575758	0.199421	3	HET	2	1	1	NA	NA	2.299439796233	0.576416963894144	2	NEUT	1	1
IIICF_T_A6	chr7	54450680	55607468	1070	0.571429	0.359683	5	GAIN	3	1	2	1	1	2.57195105540399	0.571984478216517	3	GAIN	2	1
IIICF_T_A6	chr7	55608986	56798943	733	0.6	0.061281	3	HET	2	1	1	NA	NA	2.08765148569903	0.600958069827421	2	NEUT	1	1
IIICF_T_A6	chr7	62055680	62470479	431	1	-0.788629	1	DLOH	1	0	1	1	1	1.14936530374736	1	1	HETD	1	0
IIICF_T_A6	chr7	62470480	62476534	177	0.705882	-0.567427	3	HET	2	1	1	NA	NA	1.34313447611721	0.708947872172605	2	NEUT	1	1
IIICF_T_A6	chr7	62479466	63602830	103	1	-0.932478	1	DLOH	1	0	1	1	1	1.03839381861683	1	1	HETD	1	0
IIICF_T_A6	chr7	63635068	63635179	11	0.571429	-0.916817	3	HET	2	1	1	NA	NA	1.04994568265344	0.572789701614215	2	NEUT	1	1
IIICF_T_A6	chr7	63635620	65299471	436	1	-0.779011	1	DLOH	1	0	1	1	1	1.15718715090624	1	1	HETD	1	0
IIICF_T_A6	chr7	65303861	65309745	68	0.6	-0.689063	3	HET	2	1	1	NA	NA	1.23291781660482	0.601622262142441	2	NEUT	1	1
IIICF_T_A6	chr7	65372984	65832253	142	1	-0.708191	1	DLOH	1	0	1	1	1	1.21641560540674	1	1	HETD	1	0
IIICF_T_A6	chr7	65832798	65834243	19	0.736842	-0.780958	3	HET	2	1	1	NA	NA	1.15559953905018	0.740941269977643	2	NEUT	1	1
IIICF_T_A6	chr7	65835496	66025641	107	1	-0.718151	1	DLOH	1	0	1	1	1	1.20790909539424	1	1	HETD	1	0
IIICF_T_A6	chr7	66027649	66029824	24	0.581989	-0.591825	3	HET	2	1	1	NA	NA	1.32027576865998	0.583231070075847	2	NEUT	1	1
IIICF_T_A6	chr7	66030389	67627425	807	1	-0.821746	1	DLOH	1	0	1	1	1	1.12282829221508	1	1	HETD	1	0
IIICF_T_A6	chr7	67630499	67635685	209	0.684211	-0.464523	3	HET	2	1	1	NA	NA	1.44391519318729	0.686762696606136	2	NEUT	1	1
IIICF_T_A6	chr7	67635856	98082137	10723	1	-0.718925	1	DLOH	1	0	1	1	1	1.2072505032372	1	1	HETD	1	0
IIICF_T_A6	chr7	98082617	98082819	11	0.583333	-0.845313	3	HET	2	1	1	NA	NA	1.1043113688822	0.584842317597158	2	NEUT	1	1
IIICF_T_A6	chr7	98140894	100546458	638	1	-0.747764	1	DLOH	1	0	1	1	1	1.18296171682826	1	1	HETD	1	0
IIICF_T_A6	chr7	100546643	100619263	411	0.588235	-0.722752	3	HET	2	1	1	NA	NA	1.20399931841588	0.589700783440366	2	NEUT	1	1
IIICF_T_A6	chr7	100621136	100828392	87	1	-0.840231	1	DLOH	1	0	1	1	1	1.10827882665805	1	1	HETD	1	0
IIICF_T_A6	chr7	100908753	100908837	9	0.606061	-0.886196	3	HET	2	1	1	NA	NA	1.07289787122341	0.608038208623608	2	NEUT	1	1
IIICF_T_A6	chr7	100917308	100932693	9	1	-0.816056	1	DLOH	1	0	1	1	1	1.12734452025744	1	1	HETD	1	0
IIICF_T_A6	chr7	100937567	100939314	76	0.593594	-0.579437	3	HET	2	1	1	NA	NA	1.33183388637245	0.594999572041159	2	NEUT	1	1
IIICF_T_A6	chr7	100964292	137719961	14941	1	-0.707414	1	DLOH	1	0	1	1	1	1.21708168836169	1	1	HETD	1	0
IIICF_T_A6	chr7	137755143	139086903	783	0.645161	0.642607	5	GAIN	3	1	2	1	1	3.13351892352758	0.646087558387056	3	GAIN	2	1
IIICF_T_A6	chr7	139122086	142002224	1074	1	-0.692763	1	DLOH	1	0	1	1	1	1.22970864171532	1	1	HETD	1	0
IIICF_T_A6	chr7	142002499	142009522	108	0.649616	-0.739773	3	HET	2	1	1	NA	NA	1.18964334243698	0.652131454250975	2	NEUT	1	1
IIICF_T_A6	chr7	142009529	142023231	27	0.941176	-0.739773	1	DLOH	1	0	1	1	1	1.18964334243698	0.948593375445327	1	HETD	1	0
IIICF_T_A6	chr7	142024434	142144111	390	0.727273	-0.58102	3	HET	2	1	1	NA	NA	1.33035139616447	0.730689934367396	2	NEUT	1	1
IIICF_T_A6	chr7	142144129	142163068	38	1	-0.80077	1	DLOH	1	0	1	1	1	1.13956579210336	1	1	HETD	1	0
IIICF_T_A6	chr7	142163380	142172615	145	0.7	-0.689161	3	HET	2	1	1	NA	NA	1.23283271068438	0.703244748263547	2	NEUT	1	1
IIICF_T_A6	chr7	142173151	142190774	23	1	-0.67985	1	DLOH	1	0	1	1	1	1.2409445151289	1	1	HETD	1	0
IIICF_T_A6	chr7	142191446	142197983	34	0.5625	-0.627299	3	HET	2	1	1	NA	NA	1.28772196530364	0.563470762688157	2	NEUT	1	1
IIICF_T_A6	chr7	142198547	142205303	8	1	-0.548226	1	DLOH	1	0	1	1	1	1.36139787581076	1	1	HETD	1	0
IIICF_T_A6	chr7	142205512	142247748	59	0.611111	-0.662768	3	HET	2	1	1	NA	NA	1.25596327898174	0.612880437700373	2	NEUT	1	1
IIICF_T_A6	chr7	142251528	142457132	202	1	-0.628111	1	DLOH	1	0	1	1	1	1.28698613938514	1	1	HETD	1	0
IIICF_T_A6	chr7	142457673	142471805	191	0.666667	-0.602317	3	HET	2	1	1	NA	NA	1.31056396177391	0.669210586777892	2	NEUT	1	1
IIICF_T_A6	chr7	142472439	142474398	17	1	-0.198506	2	NLOH	2	0	2	1	1	1.74033398025216	1	2	NEUT	2	0
IIICF_T_A6	chr7	142474418	142484699	119	0.777778	-0.198506	3	HET	2	1	1	NA	NA	1.74033398025216	0.780970422836023	2	NEUT	1	1
IIICF_T_A6	chr7	142487346	142498687	9	1	-0.829021	1	DLOH	1	0	1	1	1	1.11707991385183	1	1	HETD	1	0
IIICF_T_A6	chr7	142498699	142499190	8	0.547009	-0.829021	3	HET	2	1	1	NA	NA	1.11707991385183	0.547850689543535	2	NEUT	1	1
IIICF_T_A6	chr7	142499264	152070280	2954	1	-0.764784	1	DLOH	1	0	1	1	1	1.1688533093326	1	1	HETD	1	0
IIICF_T_A6	chr7	152073850	152099586	58	0.654509	-0.520812	3	HET	2	1	1	NA	NA	1.38789811352441	0.656735646930119	2	NEUT	1	1
IIICF_T_A6	chr7	152099708	152099989	9	0.940299	-0.515676	1	DLOH	1	0	1	1	1	1.39291917264477	0.946621326861032	1	HETD	1	0
IIICF_T_A6	chr7	152100145	152102443	87	0.831858	-0.528378	3	HET	2	1	1	NA	NA	1.38053392185019	0.836665954744018	2	NEUT	1	1
IIICF_T_A6	chr7	152102456	152102781	16	0.912662	-0.528378	1	DLOH	1	0	1	1	1	1.38053392185019	0.918640642131803	1	HETD	1	0
IIICF_T_A6	chr7	152102795	152103991	55	0.839286	-0.528378	3	HET	2	1	1	NA	NA	1.38053392185019	0.844201571519381	2	NEUT	1	1
IIICF_T_A6	chr7	152104026	152104145	6	0.957692	-0.528378	1	DLOH	1	0	1	1	1	1.38053392185019	0.964323036234471	1	HETD	1	0
IIICF_T_A6	chr7	152104157	152104190	2	0.527552	-0.528378	3	HET	2	1	1	NA	NA	1.38053392185019	0.527951173047229	2	NEUT	1	1
IIICF_T_A6	chr7	152104191	152104260	5	0.925926	-0.528378	1	DLOH	1	0	1	1	1	1.38053392185019	0.932096810805527	1	HETD	1	0
IIICF_T_A6	chr7	152104291	152105183	41	0.8375	-0.528378	3	HET	2	1	1	NA	NA	1.38053392185019	0.842389695972693	2	NEUT	1	1
IIICF_T_A6	chr7	152105193	152105228	4	0.934409	-0.528378	1	DLOH	1	0	1	1	1	1.38053392185019	0.940702712408302	1	HETD	1	0
IIICF_T_A6	chr7	152105256	152107846	107	0.870588	-0.528378	3	HET	2	1	1	NA	NA	1.38053392185019	0.875957074521862	2	NEUT	1	1
IIICF_T_A6	chr7	152107853	152107907	3	0.984127	-0.528378	1	DLOH	1	0	1	1	1	1.38053392185019	0.991141026199029	1	HETD	1	0
IIICF_T_A6	chr7	152107966	152109032	46	0.730702	-0.528378	3	HET	2	1	1	NA	NA	1.38053392185019	0.734044407823088	2	NEUT	1	1
IIICF_T_A6	chr7	152109035	152109169	4	0.925279	-0.528378	1	DLOH	1	0	1	1	1	1.38053392185019	0.931440437077247	1	HETD	1	0
IIICF_T_A6	chr7	152109215	152113724	188	0.837722	-0.583196	3	HET	2	1	1	NA	NA	1.32831621046124	0.842807258586724	2	NEUT	1	1
IIICF_T_A6	chr7	152123115	159078217	2895	1	-0.794718	1	DLOH	1	0	1	1	1	1.14444030747874	1	1	HETD	1	0
IIICF_T_A6	chr8	198546	2202405	1221	1	-0.830386	1	DLOH	1	0	1	1	1	1.11600457804764	1	1	HETD	1	0
IIICF_T_A6	chr8	2203461	2204180	9	0.642857	-0.929528	3	HET	2	1	1	NA	NA	1.04056022208497	0.645602930037153	2	NEUT	1	1
IIICF_T_A6	chr8	2204288	2207134	22	0.857143	-0.929528	1	DLOH	1	0	1	1	1	1.04056022208497	0.864007834703647	1	HETD	1	0
IIICF_T_A6	chr8	2207228	2209937	36	0.571429	-0.929528	3	HET	2	1	1	NA	NA	1.04056022208497	0.572801974629341	2	NEUT	1	1
IIICF_T_A6	chr8	2210068	2210202	5	1	-0.833967	1	DLOH	1	0	1	1	1	1.11318832662585	1	1	HETD	1	0
IIICF_T_A6	chr8	2210265	2211420	22	0.563333	-0.833967	3	HET	2	1	1	NA	NA	1.11318832662585	0.564470932703545	2	NEUT	1	1
IIICF_T_A6	chr8	2211504	2212587	4	0.983333	-0.833967	1	DLOH	1	0	1	1	1	1.11318832662585	0.992017262981423	1	HETD	1	0
IIICF_T_A6	chr8	2212661	2218195	28	0.618056	-0.833967	3	HET	2	1	1	NA	NA	1.11318832662585	0.620177165636393	2	NEUT	1	1
IIICF_T_A6	chr8	2218567	2226560	47	1	-0.901617	1	DLOH	1	0	1	1	1	1.06127806155155	1	1	HETD	1	0
IIICF_T_A6	chr8	2226616	2227022	5	0.571429	-0.901617	3	HET	2	1	1	NA	NA	1.06127806155155	0.572775171976019	2	NEUT	1	1
IIICF_T_A6	chr8	2227130	14344903	10422	1	-0.799174	1	DLOH	1	0	1	1	1	1.14084928781257	1	1	HETD	1	0
IIICF_T_A6	chr8	14345144	14346315	46	0.615079	-0.539311	3	HET	2	1	1	NA	NA	1.36996053165572	0.61675913115837	2	NEUT	1	1
IIICF_T_A6	chr8	14346497	62459942	19803	1	-0.721721	1	DLOH	1	0	1	1	1	1.20487434430738	1	1	HETD	1	0
IIICF_T_A6	chr8	62463594	62746724	106	1	0.35189	4	ALOH	3	0	3	1	1	2.55798786396147	1	3	GAIN	3	0
IIICF_T_A6	chr8	62772155	65190888	643	1	-0.787802	1	DLOH	1	0	1	1	1	1.15003581502465	1	1	HETD	1	0
IIICF_T_A6	chr8	65223808	65443877	119	1	0.148308	2	NLOH	2	0	2	1	1	2.21870335641195	1	2	NEUT	2	0
IIICF_T_A6	chr8	65465177	65848007	109	1	-0.819149	1	DLOH	1	0	1	1	1	1.12488735590673	1	1	HETD	1	0
IIICF_T_A6	chr8	65852914	66709181	498	1	0.148751	2	NLOH	2	0	2	1	1	2.21939088797799	1	2	NEUT	2	0
IIICF_T_A6	chr8	66761586	67389025	208	1	0.337798	4	ALOH	3	0	3	1	1	2.53292908943153	1	3	GAIN	3	0
IIICF_T_A6	chr8	67394670	68175786	62	1	0.230841	2	NLOH	2	0	2	1	1	2.35050825219268	1	2	NEUT	2	0
IIICF_T_A6	chr8	68183671	68412663	69	1	-0.858632	1	DLOH	1	0	1	1	1	1.09397945059205	1	1	HETD	1	0
IIICF_T_A6	chr8	68433000	68948640	247	1	0.157714	2	NLOH	2	0	2	1	1	2.23334681704269	1	2	NEUT	2	0
IIICF_T_A6	chr8	68954647	69098264	38	1	-0.766501	1	DLOH	1	0	1	1	1	1.1674392551784	1	1	HETD	1	0
IIICF_T_A6	chr8	69100403	69609314	505	1	0.184167	2	NLOH	2	0	2	1	1	2.27504492153791	1	2	NEUT	2	0
IIICF_T_A6	chr8	69611244	69859593	158	1	-0.667113	1	DLOH	1	0	1	1	1	1.25212620662613	1	1	HETD	1	0
IIICF_T_A6	chr8	69860239	69909971	9	1	0.28344	4	ALOH	3	0	3	1	1	2.43852911555407	1	3	GAIN	3	0
IIICF_T_A6	chr8	69971286	70029214	52	1	-0.863995	1	DLOH	1	0	1	1	1	1.08984608397566	1	1	HETD	1	0
IIICF_T_A6	chr8	70079513	71571058	830	1	0.093962	2	NLOH	2	0	2	1	1	2.13594047349715	1	2	NEUT	2	0
IIICF_T_A6	chr8	71575184	72089631	241	0.903226	0.335482	5	GAIN	3	1	2	1	1	2.52883408459437	0.906415211732986	3	GAIN	2	1
IIICF_T_A6	chr8	72091879	72165664	13	0.846154	-0.671884	1	DLOH	1	0	1	1	1	1.24792622332595	0.851701989182607	1	HETD	1	0
IIICF_T_A6	chr8	72179273	72675903	269	0.90625	0.332517	5	GAIN	3	1	2	1	1	2.5236011449966	0.909469792023889	3	GAIN	2	1
IIICF_T_A6	chr8	72681713	72828870	128	1	0.245659	2	NLOH	2	0	2	1	1	2.37498135167348	1	2	NEUT	2	0
IIICF_T_A6	chr8	72833164	72959535	160	1	-0.629284	1	DLOH	1	0	1	1	1	1.2859239100327	1	1	HETD	1	0
IIICF_T_A6	chr8	72960112	73029241	133	1	0.233631	2	NLOH	2	0	2	1	1	2.35509697002128	1	2	NEUT	2	0
IIICF_T_A6	chr8	73030495	73039447	22	1	0.402282	4	ALOH	3	0	3	1	1	2.64962572616615	1	3	GAIN	3	0
IIICF_T_A6	chr8	73041162	73143201	19	1	-0.812364	1	DLOH	1	0	1	1	1	1.13028445207043	1	1	HETD	1	0
IIICF_T_A6	chr8	73169422	74238615	699	1	0.16034	2	NLOH	2	0	2	1	1	2.23745210625955	1	2	NEUT	2	0
IIICF_T_A6	chr8	74241127	75400496	554	0.666667	0.799976	5	GAIN	3	1	2	1	1	3.49696662752433	0.667620264220056	3	GAIN	2	1
IIICF_T_A6	chr8	75405213	75499784	64	1	-0.706661	1	DLOH	1	0	1	1	1	1.21772753970208	1	1	HETD	1	0
IIICF_T_A6	chr8	75521505	76188265	451	0.571429	0.207241	3	HET	2	1	1	NA	NA	2.31204625461599	0.572046921368299	2	NEUT	1	1
IIICF_T_A6	chr8	76200488	76224183	12	1	-0.891958	1	DLOH	1	0	1	1	1	1.06854163144094	1	1	HETD	1	0
IIICF_T_A6	chr8	76273969	76830593	148	0.576923	0.229143	3	HET	2	1	1	NA	NA	2.34771988938435	0.577578337614871	2	NEUT	1	1
IIICF_T_A6	chr8	76846462	77219150	330	0.658814	0.829731	5	GAIN	3	1	2	1	1	3.57025584374252	0.659703702083619	3	GAIN	2	1
IIICF_T_A6	chr8	77230117	77260090	42	0.676786	0.979993	8	BCNA	4	2	2	1	1	3.96436192093	0.677677927872141	4	AMP	2	2
IIICF_T_A6	chr8	77282316	77289519	17	0.666667	0.714966	5	GAIN	3	1	2	1	1	3.29571870056016	0.66767847381425	3	GAIN	2	1
IIICF_T_A6	chr8	77290331	77377945	66	0.655102	0.883571	8	BCNA	4	2	2	1	1	3.70677229156737	0.655938905943247	4	AMP	2	2
IIICF_T_A6	chr8	77381115	79468790	1058	0.666667	0.771602	5	GAIN	3	1	2	1	1	3.42847291561136	0.667639308443672	3	GAIN	2	1
IIICF_T_A6	chr8	79532277	79729789	38	0.589572	0.153003	3	HET	2	1	1	NA	NA	2.22600069827566	0.590376826258185	2	NEUT	1	1
IIICF_T_A6	chr8	79739430	79866696	74	0.632456	0.803907	5	GAIN	3	1	2	1	1	3.50656259360345	0.633211518672191	3	GAIN	2	1
IIICF_T_A6	chr8	79870644	80267419	282	0.571429	0.254724	3	HET	2	1	1	NA	NA	2.39007731210069	0.57202674751971	2	NEUT	1	1
IIICF_T_A6	chr8	80328944	82859936	978	0.657143	0.726602	5	GAIN	3	1	2	1	1	3.32256964548579	0.658088967266882	3	GAIN	2	1
IIICF_T_A6	chr8	82862031	82968289	65	0.576923	0.115721	3	HET	2	1	1	NA	NA	2.16870323982845	0.577632432772746	2	NEUT	1	1
IIICF_T_A6	chr8	83046747	84738894	635	1	-0.877332	1	DLOH	1	0	1	1	1	1.0796333752028	1	1	HETD	1	0
IIICF_T_A6	chr8	84783570	86322583	424	0.566392	0.104083	3	HET	2	1	1	NA	NA	2.15111831935205	0.567009314694159	2	NEUT	1	1
IIICF_T_A6	chr8	86340608	86472756	42	0.614066	0.631695	5	GAIN	3	1	2	1	1	3.10975686643755	0.614799643271454	3	GAIN	2	1
IIICF_T_A6	chr8	86499059	87846492	704	1	-0.657936	1	DLOH	1	0	1	1	1	1.26024401501693	1	1	HETD	1	0
IIICF_T_A6	chr8	87847837	87856059	14	0.544974	0.027045	3	HET	2	1	1	NA	NA	2.0382244374563	0.545415331242877	2	NEUT	1	1
IIICF_T_A6	chr8	87858434	88006771	151	1	-0.742792	1	DLOH	1	0	1	1	1	1.18711467332181	1	1	HETD	1	0
IIICF_T_A6	chr8	88008175	88533806	328	0.577935	0.220285	3	HET	2	1	1	NA	NA	2.33322686268614	0.578603083481515	2	NEUT	1	1
IIICF_T_A6	chr8	88534663	88536741	7	1	-0.106313	2	NLOH	2	0	2	1	1	1.85649731986476	1	2	NEUT	2	0
IIICF_T_A6	chr8	88576356	88728143	130	1	-0.675154	1	DLOH	1	0	1	1	1	1.24505560466556	1	1	HETD	1	0
IIICF_T_A6	chr8	88735337	88782798	48	0.562609	0.27393	3	HET	2	1	1	NA	NA	2.42237619982833	0.563125952141065	2	NEUT	1	1
IIICF_T_A6	chr8	88783934	90282811	381	1	-0.698004	1	DLOH	1	0	1	1	1	1.22517695179009	1	1	HETD	1	0
IIICF_T_A6	chr8	90283947	90702950	330	0.571429	0.210425	3	HET	2	1	1	NA	NA	2.31719872167561	0.572045547373283	2	NEUT	1	1
IIICF_T_A6	chr8	90730870	91087077	158	1	-0.393044	2	NLOH	2	0	2	1	1	1.51827243501788	1	2	NEUT	2	0
IIICF_T_A6	chr8	91089850	92565120	781	0.588235	0.359042	5	GAIN	3	1	2	1	1	2.57079968780259	0.588921479880762	3	GAIN	2	1
IIICF_T_A6	chr8	92584871	92972780	184	1	-0.508879	1	DLOH	1	0	1	1	1	1.39959160005318	1	1	HETD	1	0
IIICF_T_A6	chr8	93026078	93369304	133	0.580645	0.394136	5	GAIN	3	1	2	1	1	2.63459448247132	0.581257235954023	3	GAIN	2	1
IIICF_T_A6	chr8	93409071	93676527	146	1	-0.62273	1	DLOH	1	0	1	1	1	1.29187007570922	1	1	HETD	1	0
IIICF_T_A6	chr8	93763035	94029305	74	0.571429	0.207236	3	HET	2	1	1	NA	NA	2.31203817236955	0.572046923528382	2	NEUT	1	1
IIICF_T_A6	chr8	94030701	94037230	13	0.674419	0.688424	5	GAIN	3	1	2	1	1	3.2352754110313	0.67549729526269	3	GAIN	2	1
IIICF_T_A6	chr8	94043109	94158975	107	0.586207	0.195047	3	HET	2	1	1	NA	NA	2.29241830472603	0.586959148902828	2	NEUT	1	1
IIICF_T_A6	chr8	94167381	95399816	317	0.608696	0.430847	5	GAIN	3	1	2	1	1	2.70301042680324	0.609500305435009	3	GAIN	2	1
IIICF_T_A6	chr8	95400395	95419698	25	0.657143	0.937477	8	BCNA	4	2	2	1	1	3.84865663860973	0.657959659531286	4	AMP	2	2
IIICF_T_A6	chr8	95430579	95507328	96	0.588235	0.180051	3	HET	2	1	1	NA	NA	2.26850650078243	0.589012957772013	2	NEUT	1	1
IIICF_T_A6	chr8	95512202	95949013	507	0.62963	0.67714	5	GAIN	3	1	2	1	1	3.20991366632071	0.630437732079085	3	GAIN	2	1
IIICF_T_A6	chr8	95950251	95969947	35	0.727273	1.332599	10	ASCNA	5	1	4	1	1	5.06749260408236	0.728170036021839	5	HLAMP	4	1
IIICF_T_A6	chr8	95970233	95988484	43	0.72	1.086928	7	ASCNA	4	1	3	1	1	4.27091026637979	0.721030285045228	4	AMP	3	1
IIICF_T_A6	chr8	95990116	96739885	438	0.692308	1.295624	11	UBCNA	5	2	3	1	1	4.93876131222566	0.693086815301884	5	HLAMP	3	2
IIICF_T_A6	chr8	96741621	96759589	20	0.654762	0.727117	5	GAIN	3	1	2	1	1	3.32376305864735	0.65569329964814	3	GAIN	2	1
IIICF_T_A6	chr8	96760341	96999219	159	0.6	0.967167	8	BCNA	4	2	2	1	1	3.92909670652057	0.600509052346637	4	AMP	2	2
IIICF_T_A6	chr8	97000663	97031110	33	0.617021	0.782799	5	GAIN	3	1	2	1	1	3.4553412355463	0.617698373221969	3	GAIN	2	1
IIICF_T_A6	chr8	97033841	97317409	193	0.615385	0.867635	8	BCNA	4	2	2	1	1	3.66583290075634	0.61601455235334	4	AMP	2	2
IIICF_T_A6	chr8	97321898	97377245	72	0.626901	0.774187	5	GAIN	3	1	2	1	1	3.43465738028579	0.627639986977587	3	GAIN	2	1
IIICF_T_A6	chr8	97377487	97462378	132	0.6	0.910311	8	BCNA	4	2	2	1	1	3.77649124263054	0.600529622808611	4	AMP	2	2
IIICF_T_A6	chr8	97465214	97494338	17	0.583333	0.696351	5	GAIN	3	1	2	1	1	3.25321101022939	0.583845341983522	3	GAIN	2	1
IIICF_T_A6	chr8	97537041	97639794	139	0.695652	1.281626	11	UBCNA	5	2	3	1	1	4.89088071591058	0.696452114945604	5	HLAMP	3	2
IIICF_T_A6	chr8	97640349	97664572	40	0.759711	1.613492	14	UBCNA	6	2	4	1	1	6.16103249756138	0.760554125077415	6	HLAMP	4	2
IIICF_T_A6	chr8	97719980	98178978	199	0.683333	1.339994	11	UBCNA	5	2	3	1	1	5.09363714757449	0.684052892755251	5	HLAMP	3	2
IIICF_T_A6	chr8	98203910	98332225	33	0.621622	0.841758	8	BCNA	4	2	2	1	1	3.60031105683235	0.62229765855278	4	AMP	2	2
IIICF_T_A6	chr8	98360294	98841061	155	1	-0.489578	1	DLOH	1	0	1	1	1	1.41871113726618	1	1	HETD	1	0
IIICF_T_A6	chr8	98842494	99048329	188	1	-0.356301	2	NLOH	2	0	2	1	1	1.55795281010617	1	2	NEUT	2	0
IIICF_T_A6	chr8	99053025	99149933	50	1	-0.531902	1	DLOH	1	0	1	1	1	1.37711707868064	1	1	HETD	1	0
IIICF_T_A6	chr8	99151399	99738366	340	1	-0.301888	2	NLOH	2	0	2	1	1	1.61860383940365	1	2	NEUT	2	0
IIICF_T_A6	chr8	99741061	104789970	1969	1	-0.661451	1	DLOH	1	0	1	1	1	1.25712860662803	1	1	HETD	1	0
IIICF_T_A6	chr8	104811134	105109656	172	1	-0.371738	2	NLOH	2	0	2	1	1	1.54115853484279	1	2	NEUT	2	0
IIICF_T_A6	chr8	105110794	105149996	41	1	-0.533928	1	DLOH	1	0	1	1	1	1.37515645990974	1	1	HETD	1	0
IIICF_T_A6	chr8	105150419	105319182	144	1	-0.400231	2	NLOH	2	0	2	1	1	1.51062835211138	1	2	NEUT	2	0
IIICF_T_A6	chr8	105331215	105629496	128	1	-0.483905	1	DLOH	1	0	1	1	1	1.42437961377786	1	1	HETD	1	0
IIICF_T_A6	chr8	105633114	106357992	633	1	-0.344485	2	NLOH	2	0	2	1	1	1.57092968066142	1	2	NEUT	2	0
IIICF_T_A6	chr8	106360530	130983869	11209	1	-0.69026	1	DLOH	1	0	1	1	1	1.23187870440395	1	1	HETD	1	0
IIICF_T_A6	chr8	130986248	131012991	48	0.577381	-0.120823	3	HET	2	1	1	NA	NA	1.83771890420129	0.578223190652755	2	NEUT	1	1
IIICF_T_A6	chr8	131014537	142199506	4780	1	-0.617751	1	DLOH	1	0	1	1	1	1.29640540084007	1	1	HETD	1	0
IIICF_T_A6	chr8	142200467	142269339	83	1	-0.349995	2	NLOH	2	0	2	1	1	1.56486512080583	1	2	NEUT	2	0
IIICF_T_A6	chr8	142280765	143929261	962	1	-0.476732	1	DLOH	1	0	1	1	1	1.43157887748356	1	1	HETD	1	0
IIICF_T_A6	chr8	143941064	143988986	76	1	-0.390154	2	NLOH	2	0	2	1	1	1.52135698597882	1	2	NEUT	2	0
IIICF_T_A6	chr8	143990763	144940230	623	1	-0.479304	1	DLOH	1	0	1	1	1	1.42899334293696	1	1	HETD	1	0
IIICF_T_A6	chr8	144940300	144940300	1	0.621212	-0.290596	3	HET	2	1	1	NA	NA	1.63147955365064	0.622698001143936	2	NEUT	1	1
IIICF_T_A6	chr8	144941181	146096755	167	1	-0.485499	1	DLOH	1	0	1	1	1	1.42278463254313	1	1	HETD	1	0
IIICF_T_A6	chr9	211762	4509735	3558	0.6	-0.107001	3	HET	2	1	1	NA	NA	1.85560265874166	0.601077879409795	2	NEUT	1	1
IIICF_T_A6	chr9	4510509	4596246	109	0.703704	0.546784	5	GAIN	3	1	2	1	1	2.9308683423663	0.705094139581238	3	GAIN	2	1
IIICF_T_A6	chr9	4652679	21729895	12485	0.583333	-0.014116	3	HET	2	1	1	NA	NA	1.98033174673281	0.584174655235061	2	NEUT	1	1
IIICF_T_A6	chr9	21730410	21758768	115	0.567568	0.348022	5	GAIN	3	1	2	1	1	2.55108529223317	0.568097750343704	3	GAIN	2	1
IIICF_T_A6	chr9	21759891	33777184	8309	0.576923	0.073171	3	HET	2	1	1	NA	NA	2.1050935227974	0.577653869738581	2	NEUT	1	1
IIICF_T_A6	chr9	33782375	33815455	161	0.722222	0.251168	5	GAIN	3	1	2	1	1	2.38414419014758	0.724086273801306	3	GAIN	2	1
IIICF_T_A6	chr9	33819555	68416944	2359	0.583333	0.159797	3	HET	2	1	1	NA	NA	2.23660260831637	0.584078218026483	2	NEUT	1	1
IIICF_T_A6	chr9	68416972	68418075	34	0.726705	-0.10215	5	GAIN	3	1	2	1	1	1.8619199106689	0.729140315677104	3	GAIN	2	1
IIICF_T_A6	chr9	68418115	113379548	25646	0.571429	0.163403	3	HET	2	1	1	NA	NA	2.2422500188872	0.572066155880562	2	NEUT	1	1
IIICF_T_A6	chr9	113380437	113439028	113	0.571429	0.337745	5	GAIN	3	1	2	1	1	2.53283530466481	0.571993056724333	3	GAIN	2	1
IIICF_T_A6	chr9	113442042	114418967	587	0.571429	0.227368	3	HET	2	1	1	NA	NA	2.34480858766658	0.572038287595047	2	NEUT	1	1
IIICF_T_A6	chr9	114420924	114519839	133	0.575758	0.352129	5	GAIN	3	1	2	1	1	2.55841497461017	0.576350260371172	3	GAIN	2	1
IIICF_T_A6	chr9	114520800	141017352	17492	0.578947	0.139191	3	HET	2	1	1	NA	NA	2.20460064338994	0.579663243780123	2	NEUT	1	1
IIICF_T_A6	chr10	133947	8689183	5064	1	-0.723405	1	DLOH	1	0	1	1	1	1.20344543042776	1	1	HETD	1	0
IIICF_T_A6	chr10	8691217	8691342	16	0.656696	-0.71117	3	HET	2	1	1	NA	NA	1.21386518049256	0.659277919029284	2	NEUT	1	1
IIICF_T_A6	chr10	8691497	26858675	9228	1	-0.75435	1	DLOH	1	0	1	1	1	1.17748262602776	1	1	HETD	1	0
IIICF_T_A6	chr10	26860111	26860828	26	0.56	-0.676095	3	HET	2	1	1	NA	NA	1.24423073853712	0.560964507226837	2	NEUT	1	1
IIICF_T_A6	chr10	26861229	26873049	11	1	-0.676095	1	DLOH	1	0	1	1	1	1.24423073853712	1	1	HETD	1	0
IIICF_T_A6	chr10	26874099	26874239	14	0.611111	-0.657551	3	HET	2	1	1	NA	NA	1.26058570896553	0.612873949365766	2	NEUT	1	1
IIICF_T_A6	chr10	26874458	26910726	22	1	-0.700582	1	DLOH	1	0	1	1	1	1.22295388822065	1	1	HETD	1	0
IIICF_T_A6	chr10	26914011	26940909	117	0.565217	-0.732582	3	HET	2	1	1	NA	NA	1.19568777182383	0.566307933282367	2	NEUT	1	1
IIICF_T_A6	chr10	26977233	27614692	414	1	-0.833223	1	DLOH	1	0	1	1	1	1.11377286485668	1	1	HETD	1	0
IIICF_T_A6	chr10	27619237	27622658	18	0.636029	-0.817835	3	HET	2	1	1	NA	NA	1.12593059010851	0.638445434618292	2	NEUT	1	1
IIICF_T_A6	chr10	27623611	37432983	3709	1	-0.715615	1	DLOH	1	0	1	1	1	1.2100694403262	1	1	HETD	1	0
IIICF_T_A6	chr10	37434800	37434958	15	0.666667	-0.707674	3	HET	2	1	1	NA	NA	1.21685876352304	0.669406457745367	2	NEUT	1	1
IIICF_T_A6	chr10	37438528	46148326	1490	1	-0.72713	1	DLOH	1	0	1	1	1	1.20029059866231	1	1	HETD	1	0
IIICF_T_A6	chr10	46970039	47026425	327	0.666667	-0.279326	3	HET	2	1	1	NA	NA	1.64443106025616	0.668694165045296	2	NEUT	1	1
IIICF_T_A6	chr10	47026551	47026639	3	1	-0.282617	2	NLOH	2	0	2	1	1	1.64063857233114	1	2	NEUT	2	0
IIICF_T_A6	chr10	47026854	47631405	780	0.718974	-0.21951	3	HET	2	1	1	NA	NA	1.71489116013169	0.721527942716402	2	NEUT	1	1
IIICF_T_A6	chr10	47631419	47637056	19	1	-0.117771	2	NLOH	2	0	2	1	1	1.84165304333089	1	2	NEUT	2	0
IIICF_T_A6	chr10	47637116	47637182	3	0.529412	-0.117771	3	HET	2	1	1	NA	NA	1.84165304333089	0.529731427207113	2	NEUT	1	1
IIICF_T_A6	chr10	47637430	47653602	17	1	-0.188855	2	NLOH	2	0	2	1	1	1.75214932954371	1	2	NEUT	2	0
IIICF_T_A6	chr10	47654197	47698928	125	0.578947	-0.273758	3	HET	2	1	1	NA	NA	1.65086725444299	0.579903486049519	2	NEUT	1	1
IIICF_T_A6	chr10	48316966	48356071	14	1	-0.50444	1	DLOH	1	0	1	1	1	1.40396624377279	1	1	HETD	1	0
IIICF_T_A6	chr10	48357049	48359837	218	0.592593	-0.50444	3	HET	2	1	1	NA	NA	1.40396624377279	0.593912096753374	2	NEUT	1	1
IIICF_T_A6	chr10	48365295	56440040	4105	1	-0.72785	1	DLOH	1	0	1	1	1	1.19968174451442	1	1	HETD	1	0
IIICF_T_A6	chr10	56444054	56454808	20	1	-0.11813	2	NLOH	2	0	2	1	1	1.84118984723432	1	2	NEUT	2	0
IIICF_T_A6	chr10	56455124	56455182	2	0.604167	-0.11813	3	HET	2	1	1	NA	NA	1.84118984723432	0.605298583867488	2	NEUT	1	1
IIICF_T_A6	chr10	56455565	56468676	20	1	-0.18148	2	NLOH	2	0	2	1	1	1.76123168731271	1	2	NEUT	2	0
IIICF_T_A6	chr10	56480003	93791409	17593	1	-0.706496	1	DLOH	1	0	1	1	1	1.21786910594338	1	1	HETD	1	0
IIICF_T_A6	chr10	93792947	93793238	4	0.610345	-0.802493	3	HET	2	1	1	NA	NA	1.13818175651986	0.612284082115566	2	NEUT	1	1
IIICF_T_A6	chr10	93793409	96851496	1212	1	-0.671045	1	DLOH	1	0	1	1	1	1.24866380155813	1	1	HETD	1	0
IIICF_T_A6	chr10	96852202	96852723	18	0.631579	-0.51636	3	HET	2	1	1	NA	NA	1.39224944798673	0.633469273687699	2	NEUT	1	1
IIICF_T_A6	chr10	96853208	126654117	12038	1	-0.692324	1	DLOH	1	0	1	1	1	1.23008897578874	1	1	HETD	1	0
IIICF_T_A6	chr10	126677178	126677873	18	0.587121	-0.660949	3	HET	2	1	1	NA	NA	1.25757307387784	0.588506622043149	2	NEUT	1	1
IIICF_T_A6	chr10	126717194	127571426	377	1	-0.678192	1	DLOH	1	0	1	1	1	1.24239447486036	1	1	HETD	1	0
IIICF_T_A6	chr10	127575250	127594668	307	0.675	-0.436395	3	HET	2	1	1	NA	NA	1.47273699588515	0.677376665237827	2	NEUT	1	1
IIICF_T_A6	chr10	127596105	135424194	4182	1	-0.778773	1	DLOH	1	0	1	1	1	1.15738136653798	1	1	HETD	1	0
IIICF_T_A6	chr11	190010	195360	64	0.648551	-0.114984	3	HET	2	1	1	NA	NA	1.84525286508891	0.650161181577154	2	NEUT	1	1
IIICF_T_A6	chr11	197337	1015021	400	1	-0.741967	1	DLOH	1	0	1	1	1	1.18780515559992	1	1	HETD	1	0
IIICF_T_A6	chr11	1016704	1018374	56	0.666667	-0.866641	3	HET	2	1	1	NA	NA	1.08781241479752	0.669731437507243	2	NEUT	1	1
IIICF_T_A6	chr11	1048510	17451142	8126	1	-0.675836	1	DLOH	1	0	1	1	1	1.24445772029379	1	1	HETD	1	0
IIICF_T_A6	chr11	17457422	17457614	16	0.667279	-0.617479	3	HET	2	1	1	NA	NA	1.29665361430868	0.669859314308408	2	NEUT	1	1
IIICF_T_A6	chr11	17495180	19848022	1399	1	-0.712527	1	DLOH	1	0	1	1	1	1.21270515056832	1	1	HETD	1	0
IIICF_T_A6	chr11	19849631	19849691	5	0.708333	-0.482884	3	HET	2	1	1	NA	NA	1.42540216856583	0.711256316343247	2	NEUT	1	1
IIICF_T_A6	chr11	19852682	36289870	8249	1	-0.745877	1	DLOH	1	0	1	1	1	1.18453618410536	1	1	HETD	1	0
IIICF_T_A6	chr11	36290195	36659996	452	0.566667	0.356588	5	GAIN	3	1	2	1	1	2.56639652505119	0.567186567905083	3	GAIN	2	1
IIICF_T_A6	chr11	36684348	39760167	2196	0.576923	0.16773	3	HET	2	1	1	NA	NA	2.24904525607563	0.577607089903722	2	NEUT	1	1
IIICF_T_A6	chr11	39802516	40409913	225	0.653846	0.728476	5	GAIN	3	1	2	1	1	3.32691432512592	0.654770910594225	3	GAIN	2	1
IIICF_T_A6	chr11	40411240	40650193	98	0.735572	1.205662	10	ASCNA	5	1	4	1	1	4.63899170502508	0.7365876761047	5	HLAMP	4	1
IIICF_T_A6	chr11	40651655	40669352	31	0.717949	1.080072	7	ASCNA	4	1	3	1	1	4.25056729924121	0.718974564893575	4	AMP	3	1
IIICF_T_A6	chr11	40673017	40719384	76	0.75	1.216563	10	ASCNA	5	1	4	1	1	4.67432837684065	0.751069734375385	5	HLAMP	4	1
IIICF_T_A6	chr11	40730855	40789908	51	0.76087	1.069779	7	ASCNA	4	1	3	1	1	4.22020708777832	0.762106361684676	4	AMP	3	1
IIICF_T_A6	chr11	40790356	40879571	73	0.756098	1.198345	10	ASCNA	5	1	4	1	1	4.61542224089781	0.757207813262296	5	HLAMP	4	1
IIICF_T_A6	chr11	40892627	41649694	263	0.75	1.096072	7	ASCNA	4	1	3	1	1	4.2981930239684	0.751163346950373	4	AMP	3	1
IIICF_T_A6	chr11	41650840	41670033	46	0.756427	1.179439	10	ASCNA	5	1	4	1	1	4.55507297460994	0.757552961586991	5	HLAMP	4	1
IIICF_T_A6	chr11	41671281	41709763	80	0.74734	1.047733	7	ASCNA	4	1	3	1	1	4.15590450422555	0.748530375442605	4	AMP	3	1
IIICF_T_A6	chr11	41720808	41928913	358	0.578947	0.195968	3	HET	2	1	1	NA	NA	2.29389499814402	0.579635362588418	2	NEUT	1	1
IIICF_T_A6	chr11	41930164	41939837	11	0.756757	0.851894	7	ASCNA	4	1	3	1	1	3.6258359893083	0.758173345800792	4	AMP	3	1
IIICF_T_A6	chr11	41940425	45958444	2520	0.575758	0.207621	3	HET	2	1	1	NA	NA	2.31266058731288	0.576413196794025	2	NEUT	1	1
IIICF_T_A6	chr11	45961114	46314717	182	0.563859	0.360711	5	GAIN	3	1	2	1	1	2.57379862286471	0.564355252504121	3	GAIN	2	1
IIICF_T_A6	chr11	46326752	48249779	439	0.571429	0.210529	3	HET	2	1	1	NA	NA	2.31736721019328	0.572045502546053	2	NEUT	1	1
IIICF_T_A6	chr11	48260035	48330198	85	0.575758	0.34506	5	GAIN	3	1	2	1	1	2.54581200478031	0.576353192339274	3	GAIN	2	1
IIICF_T_A6	chr11	48331739	57944879	3972	0.566038	0.278598	3	HET	2	1	1	NA	NA	2.43029158161427	0.566581488915948	2	NEUT	1	1
IIICF_T_A6	chr11	57948952	58199458	258	0.565217	0.373659	5	GAIN	3	1	2	1	1	2.5971824141988	0.565719242575828	3	GAIN	2	1
IIICF_T_A6	chr11	58200208	58342629	115	0.575758	0.213069	3	HET	2	1	1	NA	NA	2.32148599122899	0.576410705985821	2	NEUT	1	1
IIICF_T_A6	chr11	58350001	58849917	300	0.565217	0.348396	5	GAIN	3	1	2	1	1	2.5517518994895	0.56572818433021	3	GAIN	2	1
IIICF_T_A6	chr11	58872960	59579149	283	0.571429	0.257117	3	HET	2	1	1	NA	NA	2.39407822940606	0.572025748580592	2	NEUT	1	1
IIICF_T_A6	chr11	59597940	59790411	85	0.571429	0.354898	5	GAIN	3	1	2	1	1	2.56336854421057	0.571986338034147	3	GAIN	2	1
IIICF_T_A6	chr11	59823135	61937545	642	0.578947	0.202105	3	HET	2	1	1	NA	NA	2.30375891691334	0.579632415251956	2	NEUT	1	1
IIICF_T_A6	chr11	61940073	62081314	157	0.565217	0.365438	5	GAIN	3	1	2	1	1	2.58231116336935	0.565722134936527	3	GAIN	2	1
IIICF_T_A6	chr11	62083853	62782278	350	0.583333	0.184268	3	HET	2	1	1	NA	NA	2.27520559843888	0.584065574050864	2	NEUT	1	1
IIICF_T_A6	chr11	62810199	63233996	322	0.576923	0.38097	5	GAIN	3	1	2	1	1	2.61047891336218	0.577512374288687	3	GAIN	2	1
IIICF_T_A6	chr11	63257279	64245080	343	0.571429	0.22409	3	HET	2	1	1	NA	NA	2.33944151689286	0.572039685402866	2	NEUT	1	1
IIICF_T_A6	chr11	64247765	64299583	56	0.5625	0.447282	5	GAIN	3	1	2	1	1	2.73420799343616	0.56295719727235	3	GAIN	2	1
IIICF_T_A6	chr11	64301536	69869768	2343	0.576923	0.247973	3	HET	2	1	1	NA	NA	2.37882584844248	0.577569768301135	2	NEUT	1	1
IIICF_T_A6	chr11	69870713	69919856	78	0.571429	0.346848	5	GAIN	3	1	2	1	1	2.54899390936987	0.571989481050964	3	GAIN	2	1
IIICF_T_A6	chr11	69921017	71288807	1174	0.578947	0.202508	3	HET	2	1	1	NA	NA	2.30440812280436	0.579632222154382	2	NEUT	1	1
IIICF_T_A6	chr11	71648433	72349390	248	0.571429	0.328553	5	GAIN	3	1	2	1	1	2.51662184587787	0.571996690687246	3	GAIN	2	1
IIICF_T_A6	chr11	72350595	72607076	236	0.587221	0.216934	3	HET	2	1	1	NA	NA	2.32776727781081	0.58797043964741	2	NEUT	1	1
IIICF_T_A6	chr11	72614419	72985098	140	0.57634	0.337327	5	GAIN	3	1	2	1	1	2.53209576440149	0.576943013716334	3	GAIN	2	1
IIICF_T_A6	chr11	72987038	73673491	240	0.571429	0.223156	3	HET	2	1	1	NA	NA	2.3379145093082	0.572040084271703	2	NEUT	1	1
IIICF_T_A6	chr11	73678945	74129133	230	0.571429	0.349773	5	GAIN	3	1	2	1	1	2.55420771615339	0.571988336962374	3	GAIN	2	1
IIICF_T_A6	chr11	74130595	74716143	328	0.571429	0.231914	3	HET	2	1	1	NA	NA	2.35227196707478	0.572036354423817	2	NEUT	1	1
IIICF_T_A6	chr11	74720593	74781124	59	0.590909	0.399505	5	GAIN	3	1	2	1	1	2.64449198468697	0.591596574540896	3	GAIN	2	1
IIICF_T_A6	chr11	74863442	75287875	228	0.577935	0.247037	3	HET	2	1	1	NA	NA	2.37727002838847	0.578590706043897	2	NEUT	1	1
IIICF_T_A6	chr11	75293262	75794739	131	0.571429	0.335788	5	GAIN	3	1	2	1	1	2.52937475762816	0.571993828434741	3	GAIN	2	1
IIICF_T_A6	chr11	75853013	79149013	1442	0.571429	0.268648	3	HET	2	1	1	NA	NA	2.41345050887467	0.572020958600341	2	NEUT	1	1
IIICF_T_A6	chr11	79153440	79339945	153	0.578947	0.347836	5	GAIN	3	1	2	1	1	2.55075383531385	0.57956604503548	3	GAIN	2	1
IIICF_T_A6	chr11	79340398	84707991	3824	0.571429	0.227122	3	HET	2	1	1	NA	NA	2.34440538838588	0.572038392382521	2	NEUT	1	1
IIICF_T_A6	chr11	84717140	86688964	1340	0.571429	0.37689	5	GAIN	3	1	2	1	1	2.6030503183267	0.571977841785795	3	GAIN	2	1
IIICF_T_A6	chr11	86690673	86839536	318	0.566667	0.213795	3	HET	2	1	1	NA	NA	2.32266458227944	0.567241089464448	2	NEUT	1	1
IIICF_T_A6	chr11	86840459	88541705	1684	0.566667	0.351459	5	GAIN	3	1	2	1	1	2.55721781396243	0.567188432808286	3	GAIN	2	1
IIICF_T_A6	chr11	88860927	91759653	1402	0.571429	0.244105	3	HET	2	1	1	NA	NA	2.37240298343601	0.572031200720198	2	NEUT	1	1
IIICF_T_A6	chr11	91770036	91779833	27	0.583333	0.489544	5	GAIN	3	1	2	1	1	2.81608256056861	0.583924870638004	3	GAIN	2	1
IIICF_T_A6	chr11	91780435	93918837	1051	0.565217	0.236219	3	HET	2	1	1	NA	NA	2.35936139895791	0.565769868071071	2	NEUT	1	1
IIICF_T_A6	chr11	93930073	94148909	157	0.571429	0.314228	5	GAIN	3	1	2	1	1	2.49155950254214	0.572002401030064	3	GAIN	2	1
IIICF_T_A6	chr11	94153925	94399484	213	0.5625	0.277614	3	HET	2	1	1	NA	NA	2.42862091253604	0.563014725221291	2	NEUT	1	1
IIICF_T_A6	chr11	94400299	97038716	970	0.566667	0.345183	5	GAIN	3	1	2	1	1	2.54603076790345	0.567190723940395	3	GAIN	2	1
IIICF_T_A6	chr11	97039583	100781748	2968	0.571429	0.252398	3	HET	2	1	1	NA	NA	2.38619476883697	0.572027720106121	2	NEUT	1	1
IIICF_T_A6	chr11	100782963	100848475	228	0.565217	0.318163	5	GAIN	3	1	2	1	1	2.49841922083534	0.565739096361861	3	GAIN	2	1
IIICF_T_A6	chr11	100850073	101509793	664	0.576923	0.273682	3	HET	2	1	1	NA	NA	2.42195639002105	0.577558250559851	2	NEUT	1	1
IIICF_T_A6	chr11	101520048	101856428	266	0.565942	0.351499	5	GAIN	3	1	2	1	1	2.55728927063562	0.566457747843238	3	GAIN	2	1
IIICF_T_A6	chr11	101860024	102009586	144	0.568323	0.193851	3	HET	2	1	1	NA	NA	2.29050209405923	0.568919611192348	2	NEUT	1	1
IIICF_T_A6	chr11	102010681	102499728	288	0.571429	0.320912	5	GAIN	3	1	2	1	1	2.50322254898548	0.571999729432668	3	GAIN	2	1
IIICF_T_A6	chr11	102501508	102527720	81	0.566667	0.194072	3	HET	2	1	1	NA	NA	2.29085605682775	0.567249060693931	2	NEUT	1	1
IIICF_T_A6	chr11	102531156	103439741	902	0.571429	0.350737	5	GAIN	3	1	2	1	1	2.55592836157325	0.571987960417946	3	GAIN	2	1
IIICF_T_A6	chr11	103440462	104989189	1186	0.571429	0.264489	3	HET	2	1	1	NA	NA	2.40644545846629	0.572022681764196	2	NEUT	1	1
IIICF_T_A6	chr11	104990666	105019871	92	0.56	0.392626	5	GAIN	3	1	2	1	1	2.63181749751215	0.560455985090268	3	GAIN	2	1
IIICF_T_A6	chr11	105020264	105817907	679	0.571429	0.234369	3	HET	2	1	1	NA	NA	2.35631224474508	0.572035313016626	2	NEUT	1	1
IIICF_T_A6	chr11	105831347	105849982	54	0.569048	0.389077	5	GAIN	3	1	2	1	1	2.62530209555642	0.569574049946029	3	GAIN	2	1
IIICF_T_A6	chr11	105853115	108033830	1437	0.571429	0.210594	3	HET	2	1	1	NA	NA	2.31747252168482	0.572045474530704	2	NEUT	1	1
IIICF_T_A6	chr11	108047119	114355364	2752	1	-0.662642	1	DLOH	1	0	1	1	1	1.25607472217344	1	1	HETD	1	0
IIICF_T_A6	chr11	114419670	114433280	333	0.783133	-0.100499	3	HET	2	1	1	NA	NA	1.8640747875552	0.78617096188063	2	NEUT	1	1
IIICF_T_A6	chr11	114456331	118251917	1319	1	-0.755355	1	DLOH	1	0	1	1	1	1.17664873383962	1	1	HETD	1	0
IIICF_T_A6	chr11	118293186	118293681	17	0.5625	-0.891094	3	HET	2	1	1	NA	NA	1.06919373228256	0.56366917299353	2	NEUT	1	1
IIICF_T_A6	chr11	118316960	131230245	6045	1	-0.695565	1	DLOH	1	0	1	1	1	1.22728381285162	1	1	HETD	1	0
IIICF_T_A6	chr11	131230525	131230834	19	0.55	-0.500735	3	HET	2	1	1	NA	NA	1.40762784882275	0.55071045621195	2	NEUT	1	1
IIICF_T_A6	chr11	131232156	132693590	761	1	-0.676408	1	DLOH	1	0	1	1	1	1.24395648677167	1	1	HETD	1	0
IIICF_T_A6	chr11	132702713	134939292	1685	0.576923	0.097789	3	HET	2	1	1	NA	NA	2.14166707641977	0.577641388571984	2	NEUT	1	1
IIICF_T_A6	chr12	190980	5259738	3367	0.576923	0.227162	3	HET	2	1	1	NA	NA	2.34447094456395	0.577579245775305	2	NEUT	1	1
IIICF_T_A6	chr12	5260375	5419332	159	0.565217	0.365867	5	GAIN	3	1	2	1	1	2.58308510239065	0.565721983588963	3	GAIN	2	1
IIICF_T_A6	chr12	5420488	7079768	816	0.576923	0.249187	3	HET	2	1	1	NA	NA	2.38084526454783	0.577569219716839	2	NEUT	1	1
IIICF_T_A6	chr12	7140250	7588959	232	0.571429	0.340103	5	GAIN	3	1	2	1	1	2.53701117705845	0.571992128297637	3	GAIN	2	1
IIICF_T_A6	chr12	7591277	8281212	461	0.583333	0.100016	3	HET	2	1	1	NA	NA	2.14500648807776	0.584110040345127	2	NEUT	1	1
IIICF_T_A6	chr12	8292015	8309235	28	0.578784	0.454773	5	GAIN	3	1	2	1	1	2.74854604609202	0.579357310864414	3	GAIN	2	1
IIICF_T_A6	chr12	8609211	10479492	699	0.578947	0.186288	3	HET	2	1	1	NA	NA	2.27842149980467	0.579640037481703	2	NEUT	1	1
IIICF_T_A6	chr12	10510473	10759611	235	0.571429	0.33152	5	GAIN	3	1	2	1	1	2.52184395074349	0.571995515142542	3	GAIN	2	1
IIICF_T_A6	chr12	10760305	11209938	552	0.588235	0.236511	3	HET	2	1	1	NA	NA	2.35984302824389	0.588982847311039	2	NEUT	1	1
IIICF_T_A6	chr12	11210213	11289529	644	0.611111	0.33456	5	GAIN	3	1	2	1	1	2.52720569102636	0.611990369963436	3	GAIN	2	1
IIICF_T_A6	chr12	11290008	11338983	125	0.571429	0.188354	3	HET	2	1	1	NA	NA	2.28171529562248	0.572055135428888	2	NEUT	1	1
IIICF_T_A6	chr12	11341169	11609100	206	0.565217	0.348473	5	GAIN	3	1	2	1	1	2.5518891636129	0.565728156834004	3	GAIN	2	1
IIICF_T_A6	chr12	11621384	13065901	498	0.571429	0.207808	3	HET	2	1	1	NA	NA	2.31296296307887	0.572046676464357	2	NEUT	1	1
IIICF_T_A6	chr12	13084169	13729310	538	0.571429	0.341936	5	GAIN	3	1	2	1	1	2.54026202512432	0.571991407645784	3	GAIN	2	1
IIICF_T_A6	chr12	13733656	18650325	3279	0.571429	0.223544	3	HET	2	1	1	NA	NA	2.33854873503689	0.572039918542692	2	NEUT	1	1
IIICF_T_A6	chr12	18652821	19119135	445	0.571429	0.315931	5	GAIN	3	1	2	1	1	2.4945259737218	0.572001719145952	3	GAIN	2	1
IIICF_T_A6	chr12	19120240	21408632	1226	0.571429	0.233118	3	HET	2	1	1	NA	NA	2.35425257206832	0.572035843463685	2	NEUT	1	1
IIICF_T_A6	chr12	21414363	21429976	27	0.545455	0.505535	5	GAIN	3	1	2	1	1	2.84769290584785	0.54577425938357	3	GAIN	2	1
IIICF_T_A6	chr12	21441062	26187424	3311	0.575	0.22244	3	HET	2	1	1	NA	NA	2.33674458170609	0.575641955879863	2	NEUT	1	1
IIICF_T_A6	chr12	26190120	27833684	1127	0.565217	0.340006	5	GAIN	3	1	2	1	1	2.53683926140645	0.565731189292734	3	GAIN	2	1
IIICF_T_A6	chr12	27839501	28037987	132	0.571429	0.276704	3	HET	2	1	1	NA	NA	2.4270768970504	0.57201763515489	2	NEUT	1	1
IIICF_T_A6	chr12	28040338	28339508	302	0.569805	0.351697	5	GAIN	3	1	2	1	1	2.557643010345	0.570350885761767	3	GAIN	2	1
IIICF_T_A6	chr12	28341140	28447326	126	0.573593	0.226295	3	HET	2	1	1	NA	NA	2.34305042158626	0.574221217506422	2	NEUT	1	1
IIICF_T_A6	chr12	28450151	28649875	223	0.555556	0.369503	5	GAIN	3	1	2	1	1	2.58965389095592	0.555985086061468	3	GAIN	2	1
IIICF_T_A6	chr12	28660206	28739627	73	0.545455	0.270396	3	HET	2	1	1	NA	NA	2.41640071758581	0.545831242514373	2	NEUT	1	1
IIICF_T_A6	chr12	28744090	28838562	94	0.583333	0.405718	5	GAIN	3	1	2	1	1	2.65599143039045	0.583960545918531	3	GAIN	2	1
IIICF_T_A6	chr12	28840743	46578155	9611	0.571429	0.19438	3	HET	2	1	1	NA	NA	2.29134945285573	0.572052502793711	2	NEUT	1	1
IIICF_T_A6	chr12	46593613	47478797	568	0.571429	0.362763	5	GAIN	3	1	2	1	1	2.57749050782823	0.571983284402168	3	GAIN	2	1
IIICF_T_A6	chr12	47484039	47819812	303	0.571429	0.272684	3	HET	2	1	1	NA	NA	2.42026772344697	0.572019291219184	2	NEUT	1	1
IIICF_T_A6	chr12	47830294	48148180	238	0.571429	0.357453	5	GAIN	3	1	2	1	1	2.56794772246929	0.571985344185952	3	GAIN	2	1
IIICF_T_A6	chr12	48150303	53049928	2718	0.571429	0.202211	3	HET	2	1	1	NA	NA	2.30392965820672	0.572049098265646	2	NEUT	1	1
IIICF_T_A6	chr12	53050069	53102993	69	0.586207	0.389088	5	GAIN	3	1	2	1	1	2.62532226506273	0.586863772669652	3	GAIN	2	1
IIICF_T_A6	chr12	53105846	55013229	991	0.578947	0.190912	3	HET	2	1	1	NA	NA	2.28580002132277	0.579637800369128	2	NEUT	1	1
IIICF_T_A6	chr12	55030156	55928352	341	0.571429	0.310159	5	GAIN	3	1	2	1	1	2.48448583700296	0.572004033579965	3	GAIN	2	1
IIICF_T_A6	chr12	55963016	58338411	541	0.571429	0.156519	3	HET	2	1	1	NA	NA	2.2314811171924	0.572069230730261	2	NEUT	1	1
IIICF_T_A6	chr12	58352220	58409743	108	0.559412	0.358948	5	GAIN	3	1	2	1	1	2.57063088750939	0.559874263510277	3	GAIN	2	1
IIICF_T_A6	chr12	58420908	58859644	369	0.565217	0.282583	3	HET	2	1	1	NA	NA	2.43706911554462	0.565752239471578	2	NEUT	1	1
IIICF_T_A6	chr12	58870627	58891778	62	0.590909	0.392628	5	GAIN	3	1	2	1	1	2.63182117371595	0.59159988484447	3	GAIN	2	1
IIICF_T_A6	chr12	58930678	104496724	27236	0.571429	0.169838	3	HET	2	1	1	NA	NA	2.25236310625863	0.572063295057158	2	NEUT	1	1
IIICF_T_A6	chr12	104500906	105219149	420	0.586207	0.378841	5	GAIN	3	1	2	1	1	2.60659994951824	0.586868490043012	3	GAIN	2	1
IIICF_T_A6	chr12	105220656	133819755	18913	0.578947	0.085392	3	HET	2	1	1	NA	NA	2.12317155817131	0.579690713569638	2	NEUT	1	1
IIICF_T_A6	chr13	20140719	30169098	7579	0.576923	0.193843	3	HET	2	1	1	NA	NA	2.29048928194423	0.577594712007047	2	NEUT	1	1
IIICF_T_A6	chr13	30172458	30609779	465	0.571429	0.361061	5	GAIN	3	1	2	1	1	2.57442795895258	0.571983943780911	3	GAIN	2	1
IIICF_T_A6	chr13	30611053	31388944	563	0.571429	0.260845	3	HET	2	1	1	NA	NA	2.40032440448852	0.572024195708777	2	NEUT	1	1
IIICF_T_A6	chr13	31390491	31538406	140	0.571429	0.313227	5	GAIN	3	1	2	1	1	2.48981748488054	0.572002802213977	3	GAIN	2	1
IIICF_T_A6	chr13	31541323	33278525	1375	0.571429	0.251684	3	HET	2	1	1	NA	NA	2.38500422004959	0.572028018975822	2	NEUT	1	1
IIICF_T_A6	chr13	33280204	33666380	314	0.578947	0.352669	5	GAIN	3	1	2	1	1	2.55938025506248	0.57956395853727	3	GAIN	2	1
IIICF_T_A6	chr13	33671085	42289160	4736	0.571429	0.212503	3	HET	2	1	1	NA	NA	2.32056755610907	0.57204465231379	2	NEUT	1	1
IIICF_T_A6	chr13	42293966	42487595	131	0.578947	0.373179	5	GAIN	3	1	2	1	1	2.59631179420002	0.579555182538788	3	GAIN	2	1
IIICF_T_A6	chr13	42505242	44165794	1113	0.571429	0.271282	3	HET	2	1	1	NA	NA	2.41789744071989	0.572019869886027	2	NEUT	1	1
IIICF_T_A6	chr13	44181656	44245602	64	0.577352	0.399995	5	GAIN	3	1	2	1	1	2.64539711248401	0.577936838337729	3	GAIN	2	1
IIICF_T_A6	chr13	44259648	72160268	18322	0.578947	0.101471	3	HET	2	1	1	NA	NA	2.14719106281333	0.57968239403448	2	NEUT	1	1
IIICF_T_A6	chr13	72216689	72326306	7	0.8	1.361462	10	ASCNA	5	1	4	1	1	5.17029953097363	0.801160541601103	5	HLAMP	4	1
IIICF_T_A6	chr13	72355655	115088504	18670	1	-0.804272	1	DLOH	1	0	1	1	1	1.13675447111508	1	1	HETD	1	0
IIICF_T_A6	chr14	20211239	22844715	2712	0.583333	0.214015	3	HET	2	1	1	NA	NA	2.3230218481927	0.584050495008965	2	NEUT	1	1
IIICF_T_A6	chr14	22851242	22896750	62	0.58114	0.38646	5	GAIN	3	1	2	1	1	2.62050795445872	0.581759305137913	3	GAIN	2	1
IIICF_T_A6	chr14	22898694	51839645	16780	0.571429	0.165304	3	HET	2	1	1	NA	NA	2.24523289050178	0.572065309396352	2	NEUT	1	1
IIICF_T_A6	chr14	51840232	52004575	188	0.565217	0.323555	5	GAIN	3	1	2	1	1	2.50784930131867	0.565737133161477	3	GAIN	2	1
IIICF_T_A6	chr14	52011764	66549154	8360	0.571429	0.21143	3	HET	2	1	1	NA	NA	2.31882741251851	0.572045114324642	2	NEUT	1	1
IIICF_T_A6	chr14	66553573	70449768	1909	0.583333	0.368636	5	GAIN	3	1	2	1	1	2.58808606744185	0.583977011264835	3	GAIN	2	1
IIICF_T_A6	chr14	70450032	70698340	165	0.583333	0.24521	3	HET	2	1	1	NA	NA	2.37423609380695	0.584035018045359	2	NEUT	1	1
IIICF_T_A6	chr14	70700143	72088956	998	0.578947	0.336032	5	GAIN	3	1	2	1	1	2.52980596471753	0.579571170991967	3	GAIN	2	1
IIICF_T_A6	chr14	72099609	72397457	176	0.579796	0.280944	3	HET	2	1	1	NA	NA	2.4342793010793	0.580451640657896	2	NEUT	1	1
IIICF_T_A6	chr14	72408064	73870048	894	0.575758	0.360131	5	GAIN	3	1	2	1	1	2.57275605914396	0.576346958987033	3	GAIN	2	1
IIICF_T_A6	chr14	73880187	74319989	310	0.586207	0.236625	3	HET	2	1	1	NA	NA	2.36003108805481	0.586937600508379	2	NEUT	1	1
IIICF_T_A6	chr14	74320094	74429137	165	0.576923	0.367198	5	GAIN	3	1	2	1	1	2.58548776299488	0.577518071140817	3	GAIN	2	1
IIICF_T_A6	chr14	74431191	74589646	196	0.583333	0.247706	3	HET	2	1	1	NA	NA	2.37838193789385	0.584033794332164	2	NEUT	1	1
IIICF_T_A6	chr14	74590371	75928328	554	0.583333	0.322231	5	GAIN	3	1	2	1	1	2.50553048921616	0.583998231011544	3	GAIN	2	1
IIICF_T_A6	chr14	75932497	76529940	176	0.587221	0.256162	3	HET	2	1	1	NA	NA	2.39248074492902	0.587950168287616	2	NEUT	1	1
IIICF_T_A6	chr14	76530910	76569546	55	0.59375	0.360457	5	GAIN	3	1	2	1	1	2.57334200027079	0.594478666712298	3	GAIN	2	1
IIICF_T_A6	chr14	76570097	76647890	87	0.588235	0.238222	3	HET	2	1	1	NA	NA	2.36266713787004	0.588981953404844	2	NEUT	1	1
IIICF_T_A6	chr14	76650764	76817415	129	0.580645	0.353418	5	GAIN	3	1	2	1	1	2.56071973306404	0.581274898479562	3	GAIN	2	1
IIICF_T_A6	chr14	76830797	80368776	2498	0.578947	0.238108	3	HET	2	1	1	NA	NA	2.36247886976991	0.579615379099042	2	NEUT	1	1
IIICF_T_A6	chr14	80410417	80649565	168	0.56	0.413169	5	GAIN	3	1	2	1	1	2.66984771836765	0.56044948988323	3	GAIN	2	1
IIICF_T_A6	chr14	80650090	80709883	37	0.555556	0.209211	3	HET	2	1	1	NA	NA	2.31523284037884	0.556035944984045	2	NEUT	1	1
IIICF_T_A6	chr14	80768481	81237260	303	0.586207	0.32433	5	GAIN	3	1	2	1	1	2.5092075997426	0.586894165108578	3	GAIN	2	1
IIICF_T_A6	chr14	81260408	90029488	4731	0.578947	0.216655	3	HET	2	1	1	NA	NA	2.32731329131876	0.57962547827122	2	NEUT	1	1
IIICF_T_A6	chr14	90077277	90332256	320	0.575758	0.323693	5	GAIN	3	1	2	1	1	2.50809111267751	0.576362143842629	3	GAIN	2	1
IIICF_T_A6	chr14	90403424	98487049	6055	0.580645	0.207002	3	HET	2	1	1	NA	NA	2.31165995456509	0.581342764160017	2	NEUT	1	1
IIICF_T_A6	chr14	98517000	98979868	454	0.571429	0.363667	5	GAIN	3	1	2	1	1	2.57911861926532	0.571982934500939	3	GAIN	2	1
IIICF_T_A6	chr14	98981309	100232157	893	0.576923	0.219561	3	HET	2	1	1	NA	NA	2.33204621839858	0.577582742135707	2	NEUT	1	1
IIICF_T_A6	chr14	100233420	100379733	212	0.573593	0.343465	5	GAIN	3	1	2	1	1	2.5429768868537	0.574171827633424	3	GAIN	2	1
IIICF_T_A6	chr14	100380948	101071722	159	0.6	0.224693	3	HET	2	1	1	NA	NA	2.34042789396161	0.600854594112375	2	NEUT	1	1
IIICF_T_A6	chr14	101092937	101139651	91	0.571429	0.356049	5	GAIN	3	1	2	1	1	2.5654304109881	0.571985890094974	3	GAIN	2	1
IIICF_T_A6	chr14	101140792	102109943	639	0.583333	0.190992	3	HET	2	1	1	NA	NA	2.28592788563485	0.584062137866628	2	NEUT	1	1
IIICF_T_A6	chr14	102110332	102299420	137	0.583333	0.353051	5	GAIN	3	1	2	1	1	2.5600633198349	0.583984060686227	3	GAIN	2	1
IIICF_T_A6	chr14	102301077	103629812	1044	0.580645	0.239381	3	HET	2	1	1	NA	NA	2.36458204158557	0.581327147389295	2	NEUT	1	1
IIICF_T_A6	chr14	103632050	103679522	97	0.583333	0.322465	5	GAIN	3	1	2	1	1	2.50594015468148	0.583998122261073	3	GAIN	2	1
IIICF_T_A6	chr14	103679985	104779904	1045	0.583333	0.181468	3	HET	2	1	1	NA	NA	2.270755353321	0.584067009755546	2	NEUT	1	1
IIICF_T_A6	chr14	104780294	105116232	308	0.59375	0.370178	5	GAIN	3	1	2	1	1	2.59087516728764	0.594473735623634	3	GAIN	2	1
IIICF_T_A6	chr14	105119532	105156180	53	0.571429	0.179746	3	HET	2	1	1	NA	NA	2.26802273876749	0.572058915547496	2	NEUT	1	1
IIICF_T_A6	chr14	105175387	105588928	216	0.6	0.318217	5	GAIN	3	1	2	1	1	2.49851348694275	0.60080052235422	3	GAIN	2	1
IIICF_T_A6	chr14	105591377	107240304	2237	0.6	0.104284	3	HET	2	1	1	NA	NA	2.15142082639895	0.600929672091148	2	NEUT	1	1
IIICF_T_A6	chr14	107240540	107268223	154	0.65	0.317391	5	GAIN	3	1	2	1	1	2.4970719503552	0.651201476732579	3	GAIN	2	1
IIICF_T_A6	chr15	21910347	39089253	9402	0.578947	0.10756	3	HET	2	1	1	NA	NA	2.15635718572558	0.579679268062515	2	NEUT	1	1
IIICF_T_A6	chr15	39090061	39439200	251	0.571429	0.32748	5	GAIN	3	1	2	1	1	2.51473594172342	0.571997116421896	3	GAIN	2	1
IIICF_T_A6	chr15	39443051	39508918	58	0.55364	0.236354	3	HET	2	1	1	NA	NA	2.35958405791595	0.554094682749877	2	NEUT	1	1
IIICF_T_A6	chr15	39524231	39609907	152	0.569048	0.414693	5	GAIN	3	1	2	1	1	2.67269065849832	0.569564722734555	3	GAIN	2	1
IIICF_T_A6	chr15	39610292	102113153	36613	0.576923	0.086284	3	HET	2	1	1	NA	NA	2.1244970643416	0.577647194529857	2	NEUT	1	1
IIICF_T_A6	chr16	94168	34009890	22937	0.583333	0.143097	3	HET	2	1	1	NA	NA	2.2106317642141	0.584086972963194	2	NEUT	1	1
IIICF_T_A6	chr16	34180003	34328180	545	0.685484	0.407378	5	GAIN	3	1	2	1	1	2.65907226464471	0.686879183960482	3	GAIN	2	1
IIICF_T_A6	chr16	46440037	46500472	149	0.623377	0.202471	3	HET	2	1	1	NA	NA	2.3043485107324	0.624447880980349	2	NEUT	1	1
IIICF_T_A6	chr16	46594642	48229590	69	1	-0.496923	1	DLOH	1	0	1	1	1	1.41140502816886	1	1	HETD	1	0
IIICF_T_A6	chr16	48280955	48281323	20	0.647059	-0.514823	3	HET	2	1	1	NA	NA	1.39375481522698	0.649169378674366	2	NEUT	1	1
IIICF_T_A6	chr16	48295610	56084194	4460	1	-0.582089	1	DLOH	1	0	1	1	1	1.32935119018577	1	1	HETD	1	0
IIICF_T_A6	chr16	56087946	56102938	32	1	-0.265983	2	NLOH	2	0	2	1	1	1.65989623852748	1	2	NEUT	2	0
IIICF_T_A6	chr16	56108703	69970000	6251	1	-0.546833	1	DLOH	1	0	1	1	1	1.36273233534823	1	1	HETD	1	0
IIICF_T_A6	chr16	70190003	70199541	26	0.603175	-0.539535	3	HET	2	1	1	NA	NA	1.36974473605087	0.604681572373732	2	NEUT	1	1
IIICF_T_A6	chr16	70199563	70942137	136	1	-0.570897	1	DLOH	1	0	1	1	1	1.33985977381781	1	1	HETD	1	0
IIICF_T_A6	chr16	70959251	70972108	3	0.6	-0.48887	3	HET	2	1	1	NA	NA	1.41941735601502	0.601409110498855	2	NEUT	1	1
IIICF_T_A6	chr16	71016597	71107891	19	1	-0.470112	1	DLOH	1	0	1	1	1	1.43825495279952	1	1	HETD	1	0
IIICF_T_A6	chr16	71115060	71248859	66	1	-0.340869	2	NLOH	2	0	2	1	1	1.5749222232671	1	2	NEUT	2	0
IIICF_T_A6	chr16	71250266	80589415	5204	1	-0.568353	1	DLOH	1	0	1	1	1	1.34225982239321	1	1	HETD	1	0
IIICF_T_A6	chr16	80590674	80813696	128	1	-0.402443	2	NLOH	2	0	2	1	1	1.5082833255323	1	2	NEUT	2	0
IIICF_T_A6	chr16	80821565	82138707	1026	1	-0.523973	1	DLOH	1	0	1	1	1	1.38481672933146	1	1	HETD	1	0
IIICF_T_A6	chr16	82142882	82169999	101	1	-0.379671	2	NLOH	2	0	2	1	1	1.53259768741485	1	2	NEUT	2	0
IIICF_T_A6	chr16	82180136	82579988	473	1	-0.506438	1	DLOH	1	0	1	1	1	1.40199554476336	1	1	HETD	1	0
IIICF_T_A6	chr16	82580167	82679940	133	1	-0.363085	2	NLOH	2	0	2	1	1	1.55055019895985	1	2	NEUT	2	0
IIICF_T_A6	chr16	82680307	82828582	204	1	-0.479692	1	DLOH	1	0	1	1	1	1.42860370115064	1	1	HETD	1	0
IIICF_T_A6	chr16	82830057	82879344	124	1	-0.331725	2	NLOH	2	0	2	1	1	1.58506317088797	1	2	NEUT	2	0
IIICF_T_A6	chr16	82880057	83439131	681	1	-0.474268	1	DLOH	1	0	1	1	1	1.43406017061299	1	1	HETD	1	0
IIICF_T_A6	chr16	83442096	83447967	25	1	-0.260922	2	NLOH	2	0	2	1	1	1.66579969730127	1	2	NEUT	2	0
IIICF_T_A6	chr16	83453533	83729110	319	1	-0.445526	1	DLOH	1	0	1	1	1	1.46331910162833	1	1	HETD	1	0
IIICF_T_A6	chr16	83729742	83809334	134	1	-0.374891	2	NLOH	2	0	2	1	1	1.5377503567972	1	2	NEUT	2	0
IIICF_T_A6	chr16	83828382	86355057	1909	1	-0.503751	1	DLOH	1	0	1	1	1	1.4046464622731	1	1	HETD	1	0
IIICF_T_A6	chr16	86360160	86409801	91	1	-0.358044	2	NLOH	2	0	2	1	1	1.55604754744187	1	2	NEUT	2	0
IIICF_T_A6	chr16	86410104	86453244	49	1	-0.527348	1	DLOH	1	0	1	1	1	1.38153417912118	1	1	HETD	1	0
IIICF_T_A6	chr16	86454376	86521590	110	1	-0.377078	2	NLOH	2	0	2	1	1	1.53539073015062	1	2	NEUT	2	0
IIICF_T_A6	chr16	86555873	89041111	1190	1	-0.486453	1	DLOH	1	0	1	1	1	1.42183088790564	1	1	HETD	1	0
IIICF_T_A6	chr16	89041547	89041618	4	0.706154	-0.486435	3	HET	2	1	1	NA	NA	1.42184887725059	0.709053969888228	2	NEUT	1	1
IIICF_T_A6	chr16	89041913	90149995	424	1	-0.557055	1	DLOH	1	0	1	1	1	1.35296981021857	1	1	HETD	1	0
IIICF_T_A6	chr17	828	16409721	11898	0.578947	0.128027	3	HET	2	1	1	NA	NA	2.18745245256213	0.579668858661034	2	NEUT	1	1
IIICF_T_A6	chr17	16410332	16809329	161	0.571429	0.338656	5	GAIN	3	1	2	1	1	2.53444782039133	0.571992697849184	3	GAIN	2	1
IIICF_T_A6	chr17	16810163	17739163	432	0.571429	0.222243	3	HET	2	1	1	NA	NA	2.33642279005882	0.572040474426334	2	NEUT	1	1
IIICF_T_A6	chr17	17740281	17967397	195	0.576923	0.383645	5	GAIN	3	1	2	1	1	2.61536079171375	0.577511274152296	3	GAIN	2	1
IIICF_T_A6	chr17	17970229	41380896	8834	0.6	0.065675	3	HET	2	1	1	NA	NA	2.09408052502294	0.600955128456007	2	NEUT	1	1
IIICF_T_A6	chr17	41381802	41382468	12	0.879892	0.149573	5	GAIN	3	1	2	1	1	2.22066718318795	0.883313620469337	3	GAIN	2	1
IIICF_T_A6	chr17	41382596	41399972	23	0.678261	0.149573	3	HET	2	1	1	NA	NA	2.22066718318795	0.679866565493573	2	NEUT	1	1
IIICF_T_A6	chr17	41400229	41464440	167	0.6	0.302667	5	GAIN	3	1	2	1	1	2.4715136010217	0.600809267607426	3	GAIN	2	1
IIICF_T_A6	chr17	41466073	41729608	160	0.571429	0.256191	3	HET	2	1	1	NA	NA	2.39252923936229	0.572026134932238	2	NEUT	1	1
IIICF_T_A6	chr17	41730378	41971130	132	0.575962	0.304282	5	GAIN	3	1	2	1	1	2.4743042457862	0.576576042529934	3	GAIN	2	1
IIICF_T_A6	chr17	42056480	42509990	239	0.578947	0.217692	3	HET	2	1	1	NA	NA	2.3290011325165	0.579624986573916	2	NEUT	1	1
IIICF_T_A6	chr17	42511518	42680216	139	0.590909	0.368007	5	GAIN	3	1	2	1	1	2.58694921644194	0.591611868595456	3	GAIN	2	1
IIICF_T_A6	chr17	42683419	42939605	129	0.575758	0.209325	3	HET	2	1	1	NA	NA	2.31541737500793	0.576412416702073	2	NEUT	1	1
IIICF_T_A6	chr17	42941468	43088228	149	0.566667	0.426861	5	GAIN	3	1	2	1	1	2.69549744339173	0.567161683187106	3	GAIN	2	1
IIICF_T_A6	chr17	43089477	45088064	361	0.583333	0.266678	3	HET	2	1	1	NA	NA	2.410129898417	0.584024562966332	2	NEUT	1	1
IIICF_T_A6	chr17	45145401	45746819	375	0.571429	0.367387	5	GAIN	3	1	2	1	1	2.58582911695365	0.571981496982828	3	GAIN	2	1
IIICF_T_A6	chr17	45804494	45849715	51	0.571429	0.19152	3	HET	2	1	1	NA	NA	2.28677196794274	0.572053750873831	2	NEUT	1	1
IIICF_T_A6	chr17	45852354	46159391	200	0.576923	0.337917	5	GAIN	3	1	2	1	1	2.5331396753285	0.577530368463602	3	GAIN	2	1
IIICF_T_A6	chr17	46165586	46222044	64	0.6	0.225652	3	HET	2	1	1	NA	NA	2.34199745919941	0.60085402137853	2	NEUT	1	1
IIICF_T_A6	chr17	46229691	46589990	220	0.571429	0.419046	5	GAIN	3	1	2	1	1	2.68082750522601	0.571961918579222	3	GAIN	2	1
IIICF_T_A6	chr17	46591320	46699851	100	0.571429	0.249603	3	HET	2	1	1	NA	NA	2.38153764657759	0.572028890909672	2	NEUT	1	1
IIICF_T_A6	chr17	46701954	46757575	53	0.592593	0.404374	5	GAIN	3	1	2	1	1	2.65349966379315	0.593290933879276	3	GAIN	2	1
IIICF_T_A6	chr17	46760226	46798188	42	0.56	0.217139	3	HET	2	1	1	NA	NA	2.32810090807375	0.560515471444992	2	NEUT	1	1
IIICF_T_A6	chr17	46801724	47208666	94	0.586207	0.39272	5	GAIN	3	1	2	1	1	2.63199028459989	0.586862108767996	3	GAIN	2	1
IIICF_T_A6	chr17	47210429	47498134	262	0.576923	0.228438	3	HET	2	1	1	NA	NA	2.34656314072667	0.577578660666441	2	NEUT	1	1
IIICF_T_A6	chr17	47507019	48411466	491	0.583333	0.340692	5	GAIN	3	1	2	1	1	2.53805532547791	0.583989706165963	3	GAIN	2	1
IIICF_T_A6	chr17	48416268	48808389	339	0.571429	0.262485	3	HET	2	1	1	NA	NA	2.40307730150376	0.5720235138695	2	NEUT	1	1
IIICF_T_A6	chr17	48812740	49148807	206	0.583333	0.326971	5	GAIN	3	1	2	1	1	2.51384181401186	0.583996031608634	3	GAIN	2	1
IIICF_T_A6	chr17	49154382	49498212	172	0.587221	0.257401	3	HET	2	1	1	NA	NA	2.394553496883	0.587949537111493	2	NEUT	1	1
IIICF_T_A6	chr17	49502284	49738763	214	0.576923	0.31616	5	GAIN	3	1	2	1	1	2.49492513806366	0.577539671470106	3	GAIN	2	1
IIICF_T_A6	chr17	49740054	54069879	2890	0.578947	0.22319	3	HET	2	1	1	NA	NA	2.33797007897132	0.579622385674387	2	NEUT	1	1
IIICF_T_A6	chr17	54070413	54159741	114	0.580645	0.336915	5	GAIN	3	1	2	1	1	2.53136704919823	0.581282202521441	3	GAIN	2	1
IIICF_T_A6	chr17	54160661	63804356	4020	0.578947	0.208958	3	HET	2	1	1	NA	NA	2.3148233550866	0.579629139090662	2	NEUT	1	1
IIICF_T_A6	chr17	63811411	64030163	541	0.580645	0.326153	5	GAIN	3	1	2	1	1	2.51240554646796	0.581287011584757	3	GAIN	2	1
IIICF_T_A6	chr17	64030354	80544534	11755	0.578947	0.137629	3	HET	2	1	1	NA	NA	2.2021933795507	0.579664026721243	2	NEUT	1	1
IIICF_T_A6	chr17	80544930	81130897	289	1	-0.864454	1	DLOH	1	0	1	1	1	1.08949303718369	1	1	HETD	1	0
IIICF_T_A6	chr18	131139	8719221	6776	0.576923	0.173403	3	HET	2	1	1	NA	NA	2.25798522019577	0.577604381409822	2	NEUT	1	1
IIICF_T_A6	chr18	8720092	8909139	197	0.583333	0.343229	5	GAIN	3	1	2	1	1	2.54255766218611	0.583988543276986	3	GAIN	2	1
IIICF_T_A6	chr18	8910587	9739180	701	0.571429	0.244108	3	HET	2	1	1	NA	NA	2.37240795830574	0.5720311994574	2	NEUT	1	1
IIICF_T_A6	chr18	9740618	9858214	143	0.566667	0.396746	5	GAIN	3	1	2	1	1	2.6394012957115	0.567172196867297	3	GAIN	2	1
IIICF_T_A6	chr18	9859998	12049688	1920	0.571429	0.200176	3	HET	2	1	1	NA	NA	2.30065393794006	0.572049981174815	2	NEUT	1	1
IIICF_T_A6	chr18	12050135	12159853	166	0.571429	0.322851	5	GAIN	3	1	2	1	1	2.50661607285256	0.571998956763901	3	GAIN	2	1
IIICF_T_A6	chr18	12230037	19647957	981	0.576923	0.178256	3	HET	2	1	1	NA	NA	2.26566091201459	0.577602073000084	2	NEUT	1	1
IIICF_T_A6	chr18	19650707	28843313	3745	1	-0.718451	1	DLOH	1	0	1	1	1	1.20765378518105	1	1	HETD	1	0
IIICF_T_A6	chr18	28850260	28851150	4	0.607692	-0.713482	3	HET	2	1	1	NA	NA	1.21188942379325	0.609469360847657	2	NEUT	1	1
IIICF_T_A6	chr18	28914507	47344725	7899	1	-0.750104	1	DLOH	1	0	1	1	1	1.18101213536942	1	1	HETD	1	0
IIICF_T_A6	chr18	47349460	47349881	13	0.5625	-0.684071	3	HET	2	1	1	NA	NA	1.23726066443162	0.563510354949909	2	NEUT	1	1
IIICF_T_A6	chr18	47350753	47974811	280	1	-0.70904	1	DLOH	1	0	1	1	1	1.21568821050081	1	1	HETD	1	0
IIICF_T_A6	chr18	47975740	47976134	32	0.644958	-0.739273	3	HET	2	1	1	NA	NA	1.19006264593037	0.647394281832922	2	NEUT	1	1
IIICF_T_A6	chr18	47976510	49298217	395	1	-0.742045	1	DLOH	1	0	1	1	1	1.18773985673689	1	1	HETD	1	0
IIICF_T_A6	chr18	49303808	49303823	3	0.541667	-0.74986	3	HET	2	1	1	NA	NA	1.18121527741826	0.542372534636581	2	NEUT	1	1
IIICF_T_A6	chr18	49324210	64742140	8391	1	-0.72595	1	DLOH	1	0	1	1	1	1.20128910026441	1	1	HETD	1	0
IIICF_T_A6	chr18	64744363	64744697	4	0.605556	-0.692007	3	HET	2	1	1	NA	NA	1.23036368534367	0.607271949814754	2	NEUT	1	1
IIICF_T_A6	chr18	64760898	77941153	6523	1	-0.794882	1	DLOH	1	0	1	1	1	1.14430794579368	1	1	HETD	1	0
IIICF_T_A6	chr19	268594	7770448	2587	1	-0.817535	1	DLOH	1	0	1	1	1	1.12616890469402	1	1	HETD	1	0
IIICF_T_A6	chr19	7812536	40048236	14525	0.588235	0.031691	3	HET	2	1	1	NA	NA	2.04486335266161	0.589098041660387	2	NEUT	1	1
IIICF_T_A6	chr19	40051765	40214436	123	0.566667	0.35216	5	GAIN	3	1	2	1	1	2.5584703790835	0.567188177527414	3	GAIN	2	1
IIICF_T_A6	chr19	40246461	41989866	757	0.583333	0.158572	3	HET	2	1	1	NA	NA	2.23468732735883	0.58407885672966	2	NEUT	1	1
IIICF_T_A6	chr19	42003630	42047924	72	0.56125	0.438292	5	GAIN	3	1	2	1	1	2.71709879581249	0.561700874657113	3	GAIN	2	1
IIICF_T_A6	chr19	42051115	44828641	885	0.578947	0.233329	3	HET	2	1	1	NA	NA	2.35459984169849	0.579617615647941	2	NEUT	1	1
IIICF_T_A6	chr19	44830081	44989689	161	0.575758	0.371729	5	GAIN	3	1	2	1	1	2.59368355477181	0.576342206889729	3	GAIN	2	1
IIICF_T_A6	chr19	45001232	59084660	9565	0.583333	0.121726	3	HET	2	1	1	NA	NA	2.17783237714524	0.584098328222359	2	NEUT	1	1
IIICF_T_A6	chr20	62731	169995	76	0.565217	0.399234	5	GAIN	3	1	2	1	1	2.64399152561063	0.565710350895026	3	GAIN	2	1
IIICF_T_A6	chr20	170589	1300395	804	0.571429	0.206583	3	HET	2	1	1	NA	NA	2.31098287165903	0.57204720570059	2	NEUT	1	1
IIICF_T_A6	chr20	1301598	1848203	542	0.573593	0.329677	5	GAIN	3	1	2	1	1	2.51859889240017	0.574177430215431	3	GAIN	2	1
IIICF_T_A6	chr20	1850632	4339599	2025	0.576923	0.239132	3	HET	2	1	1	NA	NA	2.36417051318674	0.577573777574677	2	NEUT	1	1
IIICF_T_A6	chr20	4340694	4591010	153	0.571429	0.341478	5	GAIN	3	1	2	1	1	2.5394493693675	0.571991587623308	3	GAIN	2	1
IIICF_T_A6	chr20	4624725	8819438	3612	0.571429	0.222971	3	HET	2	1	1	NA	NA	2.33761216791304	0.572040163307941	2	NEUT	1	1
IIICF_T_A6	chr20	8820056	9619475	780	0.571429	0.34093	5	GAIN	3	1	2	1	1	2.5384773603826	0.571991803043872	3	GAIN	2	1
IIICF_T_A6	chr20	9630908	10968274	766	0.576923	0.273873	3	HET	2	1	1	NA	NA	2.4222797048967	0.577558165769496	2	NEUT	1	1
IIICF_T_A6	chr20	10969856	11148666	145	0.575758	0.343543	5	GAIN	3	1	2	1	1	2.54311545923815	0.576353823440486	3	GAIN	2	1
IIICF_T_A6	chr20	11151027	11769859	451	0.566667	0.294472	3	HET	2	1	1	NA	NA	2.45740106716774	0.567209612796888	2	NEUT	1	1
IIICF_T_A6	chr20	11785290	11869988	56	0.576923	0.429593	5	GAIN	3	1	2	1	1	2.70064459560483	0.577492697010557	3	GAIN	2	1
IIICF_T_A6	chr20	11871190	24769856	7705	0.575758	0.18422	3	HET	2	1	1	NA	NA	2.27512923573677	0.576424005156399	2	NEUT	1	1
IIICF_T_A6	chr20	24770149	24879643	167	0.566667	0.340588	5	GAIN	3	1	2	1	1	2.53787092872177	0.567192407833409	3	GAIN	2	1
IIICF_T_A6	chr20	24890029	25139658	215	0.583333	0.256927	3	HET	2	1	1	NA	NA	2.39376032099934	0.584029292175609	2	NEUT	1	1
IIICF_T_A6	chr20	25141955	25193949	94	0.567117	0.368085	5	GAIN	3	1	2	1	1	2.58709016627576	0.567635890993895	3	GAIN	2	1
IIICF_T_A6	chr20	25225753	32537352	852	0.576923	0.24222	3	HET	2	1	1	NA	NA	2.36927915142167	0.577572374368475	2	NEUT	1	1
IIICF_T_A6	chr20	32539806	32849199	191	0.580645	0.353484	5	GAIN	3	1	2	1	1	2.56083779784568	0.581274869438743	3	GAIN	2	1
IIICF_T_A6	chr20	32850375	33439575	320	0.578947	0.218302	3	HET	2	1	1	NA	NA	2.32999454715182	0.579624697508096	2	NEUT	1	1
IIICF_T_A6	chr20	33448496	33720240	297	0.577778	0.335536	5	GAIN	3	1	2	1	1	2.52892948914984	0.578393141762672	3	GAIN	2	1
IIICF_T_A6	chr20	33720592	33887983	130	0.571429	0.264183	3	HET	2	1	1	NA	NA	2.40593085634526	0.572022808746189	2	NEUT	1	1
IIICF_T_A6	chr20	33890061	33969530	66	0.571212	0.454631	5	GAIN	3	1	2	1	1	2.74827355998432	0.571730260829076	3	GAIN	2	1
IIICF_T_A6	chr20	33971085	36354041	723	0.578947	0.243104	3	HET	2	1	1	NA	NA	2.37074361269748	0.579613049036271	2	NEUT	1	1
IIICF_T_A6	chr20	36360105	36503401	90	0.563859	0.382122	5	GAIN	3	1	2	1	1	2.61258020513932	0.564347886048048	3	GAIN	2	1
IIICF_T_A6	chr20	36504784	36587883	113	0.575758	0.219038	3	HET	2	1	1	NA	NA	2.33119371818111	0.576407987939937	2	NEUT	1	1
IIICF_T_A6	chr20	36591436	37289738	237	0.56	0.394072	5	GAIN	3	1	2	1	1	2.63447672345231	0.56045552482149	3	GAIN	2	1
IIICF_T_A6	chr20	37291771	38690362	1019	0.571429	0.228595	3	HET	2	1	1	NA	NA	2.34682069398782	0.572037765206854	2	NEUT	1	1
IIICF_T_A6	chr20	38709446	39499103	261	0.571429	0.334707	5	GAIN	3	1	2	1	1	2.52746524586871	0.571994255165253	3	GAIN	2	1
IIICF_T_A6	chr20	39501689	39669079	121	0.571429	0.204345	3	HET	2	1	1	NA	NA	2.3073697046808	0.572048173764103	2	NEUT	1	1
IIICF_T_A6	chr20	39676439	40229073	351	0.571429	0.325086	5	GAIN	3	1	2	1	1	2.51053330118245	0.57199806745055	3	GAIN	2	1
IIICF_T_A6	chr20	40230219	42489757	1159	0.576923	0.231125	3	HET	2	1	1	NA	NA	2.35097494190982	0.577577430264341	2	NEUT	1	1
IIICF_T_A6	chr20	42494014	42969798	339	0.5625	0.332076	5	GAIN	3	1	2	1	1	2.52282374079273	0.562995505261197	3	GAIN	2	1
IIICF_T_A6	chr20	42970252	43015281	95	0.592593	0.236695	3	HET	2	1	1	NA	NA	2.36014657074133	0.593377683178989	2	NEUT	1	1
IIICF_T_A6	chr20	43021214	44389867	961	0.575758	0.367103	5	GAIN	3	1	2	1	1	2.58531619985005	0.576344097670592	3	GAIN	2	1
IIICF_T_A6	chr20	44401619	44624271	133	0.583333	0.23165	3	HET	2	1	1	NA	NA	2.35183790250169	0.584041703852431	2	NEUT	1	1
IIICF_T_A6	chr20	44671124	44839322	116	0.56466	0.37875	5	GAIN	3	1	2	1	1	2.60643427821836	0.56515618551707	3	GAIN	2	1
IIICF_T_A6	chr20	44878878	45499090	339	0.566667	0.268769	3	HET	2	1	1	NA	NA	2.41365461299342	0.567219447421	2	NEUT	1	1
IIICF_T_A6	chr20	45502865	45739198	226	0.571429	0.362743	5	GAIN	3	1	2	1	1	2.57745449919731	0.571983292145863	3	GAIN	2	1
IIICF_T_A6	chr20	45740274	46320026	226	0.57634	0.237755	3	HET	2	1	1	NA	NA	2.36189599359408	0.576986467279316	2	NEUT	1	1
IIICF_T_A6	chr20	46321424	48528237	913	0.571429	0.356697	5	GAIN	3	1	2	1	1	2.5665919426479	0.571985638069919	3	GAIN	2	1
IIICF_T_A6	chr20	48540277	48704519	130	0.571429	0.2617	3	HET	2	1	1	NA	NA	2.4017592133832	0.572023840139371	2	NEUT	1	1
IIICF_T_A6	chr20	48710246	50228889	1200	0.576923	0.372937	5	GAIN	3	1	2	1	1	2.59587296643872	0.577515690463896	3	GAIN	2	1
IIICF_T_A6	chr20	50230076	51159855	995	0.571429	0.200669	3	HET	2	1	1	NA	NA	2.30144709133113	0.57204976716454	2	NEUT	1	1
IIICF_T_A6	chr20	51170234	51180110	38	0.563859	0.451508	5	GAIN	3	1	2	1	1	2.74228756073121	0.564324762245356	3	GAIN	2	1
IIICF_T_A6	chr20	51180373	52437475	989	0.576923	0.258079	3	HET	2	1	1	NA	NA	2.39568849266777	0.577565215862957	2	NEUT	1	1
IIICF_T_A6	chr20	52440099	53131377	539	0.580645	0.366976	5	GAIN	3	1	2	1	1	2.58508686465987	0.581268961031442	3	GAIN	2	1
IIICF_T_A6	chr20	53140534	56419331	2183	0.571429	0.22032	3	HET	2	1	1	NA	NA	2.33328395304654	0.57204129700884	2	NEUT	1	1
IIICF_T_A6	chr20	56420098	56625326	244	0.566667	0.369493	5	GAIN	3	1	2	1	1	2.58963580226821	0.56718190532567	3	GAIN	2	1
IIICF_T_A6	chr20	56644993	62848286	4328	0.571429	0.216463	3	HET	2	1	1	NA	NA	2.3270009215015	0.572042950244722	2	NEUT	1	1
IIICF_T_A6	chr20	62850037	62909908	60	0.56	0.316298	5	GAIN	3	1	2	1	1	2.49516571311145	0.560480957850962	3	GAIN	2	1
IIICF_T_A6	chr21	15412436	30549245	12143	0.571429	0.171046	3	HET	2	1	1	NA	NA	2.25426660319061	0.57206275946004	2	NEUT	1	1
IIICF_T_A6	chr21	30550399	30695401	92	0.569048	0.362379	5	GAIN	3	1	2	1	1	2.57679922932485	0.569583951738095	3	GAIN	2	1
IIICF_T_A6	chr21	30701096	32049044	616	0.571429	0.249875	3	HET	2	1	1	NA	NA	2.38199046586239	0.572028776869681	2	NEUT	1	1
IIICF_T_A6	chr21	32050287	32079626	125	0.5625	0.340601	5	GAIN	3	1	2	1	1	2.53789397758936	0.562992562907543	3	GAIN	2	1
IIICF_T_A6	chr21	32080078	36379871	2503	0.575758	0.224687	3	HET	2	1	1	NA	NA	2.34041807723356	0.576405426123228	2	NEUT	1	1
IIICF_T_A6	chr21	36380344	37318662	865	0.571429	0.344931	5	GAIN	3	1	2	1	1	2.54558259032244	0.571990232148057	3	GAIN	2	1
IIICF_T_A6	chr21	37319768	39850709	1584	0.576923	0.226781	3	HET	2	1	1	NA	NA	2.34384659575687	0.57757942058464	2	NEUT	1	1
IIICF_T_A6	chr21	39853688	39928688	121	0.576923	0.334977	5	GAIN	3	1	2	1	1	2.52794204815618	0.577531617256007	3	GAIN	2	1
IIICF_T_A6	chr21	39929985	40222549	95	0.571429	0.231815	3	HET	2	1	1	NA	NA	2.35210918355161	0.57203639645728	2	NEUT	1	1
IIICF_T_A6	chr21	40233471	40278190	60	0.58114	0.381678	5	GAIN	3	1	2	1	1	2.61177013353899	0.581761377057383	3	GAIN	2	1
IIICF_T_A6	chr21	40291413	40359144	100	0.559028	0.238793	3	HET	2	1	1	NA	NA	2.36361035374679	0.559527502132729	2	NEUT	1	1
IIICF_T_A6	chr21	40360909	40429260	104	0.578201	0.402402	5	GAIN	3	1	2	1	1	2.64984778872317	0.57879126433161	3	GAIN	2	1
IIICF_T_A6	chr21	40430479	41107368	337	0.571429	0.182976	3	HET	2	1	1	NA	NA	2.27315105495367	0.5720574944338	2	NEUT	1	1
IIICF_T_A6	chr21	41120531	48099610	5932	0.625	0.586652	5	GAIN	3	1	2	1	1	3.01355100716075	0.625829634164921	3	GAIN	2	1
IIICF_T_A6	chr22	17285916	26566757	5479	0.576923	0.212166	3	HET	2	1	1	NA	NA	2.32002088511001	0.577586161768314	2	NEUT	1	1
IIICF_T_A6	chr22	26573043	26698892	141	0.571429	0.341304	5	GAIN	3	1	2	1	1	2.53914069877224	0.571991656014263	3	GAIN	2	1
IIICF_T_A6	chr22	26702015	27064494	426	0.576923	0.192052	3	HET	2	1	1	NA	NA	2.28762275730904	0.577595553701339	2	NEUT	1	1
IIICF_T_A6	chr22	27067224	27857319	862	0.571429	0.354467	5	GAIN	3	1	2	1	1	2.56259688699257	0.571986505861525	3	GAIN	2	1
IIICF_T_A6	chr22	27860243	33804510	3010	0.571429	0.182377	3	HET	2	1	1	NA	NA	2.27219914687814	0.572057757733312	2	NEUT	1	1
IIICF_T_A6	chr22	33849701	34131681	38	1	-0.875432	1	DLOH	1	0	1	1	1	1.08108252554043	1	1	HETD	1	0
IIICF_T_A6	chr22	34134304	36507179	1546	0.578947	0.181505	3	HET	2	1	1	NA	NA	2.27081410383683	0.579642359208759	2	NEUT	1	1
IIICF_T_A6	chr22	36512983	36659571	180	0.571429	0.376644	5	GAIN	3	1	2	1	1	2.60260308891622	0.571977936098366	3	GAIN	2	1
IIICF_T_A6	chr22	36660508	43329819	3375	0.578947	0.170362	3	HET	2	1	1	NA	NA	2.25318859959395	0.579647798636549	2	NEUT	1	1
IIICF_T_A6	chr22	43331291	43398962	85	0.6	0.398046	5	GAIN	3	1	2	1	1	2.64179874021499	0.600757103812706	3	GAIN	2	1
IIICF_T_A6	chr22	43400006	51174142	6781	0.578947	0.139871	3	HET	2	1	1	NA	NA	2.20564943453687	0.579662903204633	2	NEUT	1	1
IIICF_T_A6	chrX	2700027	45140885	16550	0.576923	0.114524	3	HET	2	1	1	NA	NA	2.16688803111246	0.577633027066744	2	NEUT	1	1
IIICF_T_A6	chrX	45149456	45478065	203	0.571429	0.323652	5	GAIN	3	1	2	1	1	2.50801926775716	0.571998637882608	3	HLAMP	2	1
IIICF_T_A6	chrX	45481588	76884474	3281	0.578947	0.213114	3	HET	2	1	1	NA	NA	2.32155902715278	0.57962715996148	2	NEUT	1	1
IIICF_T_A6	chrX	76897579	76963433	9	1	-0.845713	1	DLOH	1	0	1	1	1	1.10399968646905	1	1	HETD	1	0
IIICF_T_A6	chrX	76976682	154929412	26355	0.583333	0.045534	3	HET	2	1	1	NA	NA	2.0647715751346	0.584140235338702	2	NEUT	1	1
