Sample	Chromosome	Start_Position.bp.	End_Position.bp.	Length.snp.	Median_Ratio	Median_logR	TITAN_state	TITAN_call	Copy_Number	MinorCN	MajorCN	Clonal_Cluster	Cellular_Prevalence	logR_Copy_Number	Corrected_Ratio	Corrected_Copy_Number	Corrected_Call	Corrected_MajorCN	Corrected_MinorCN
IIICF_T_C4	chr1	820979	16932105	10145	0.565217	-0.006474	3	HET	2	1	1	NA	NA	1.99064887966017	0.568117208959711	2	NEUT	1	1
IIICF_T_C4	chr1	16932130	16941207	59	0.811881	0.048581	7	ASCNA	4	1	3	1	1	2.07152603629252	0.825208897937229	4	AMP	3	1
IIICF_T_C4	chr1	16941826	16946438	24	0.657239	0.021713	3	HET	2	1	1	NA	NA	2.031670657816	0.664090254513679	2	NEUT	1	1
IIICF_T_C4	chr1	16946535	16949212	23	0.821053	0.021713	7	ASCNA	4	1	3	1	1	2.031670657816	0.835041996466399	4	AMP	3	1
IIICF_T_C4	chr1	16949745	17230536	166	0.718129	0.067729	3	HET	2	1	1	NA	NA	2.1003861492432	0.727322426304854	2	NEUT	1	1
IIICF_T_C4	chr1	17231206	17232843	40	0.767037	0.112764	7	ASCNA	4	1	3	1	1	2.16979258203092	0.7779317271121	4	AMP	3	1
IIICF_T_C4	chr1	17232908	34029462	11887	0.5625	0.027897	3	HET	2	1	1	NA	NA	2.04077821450305	0.565211111282085	2	NEUT	1	1
IIICF_T_C4	chr1	34030166	34039844	22	0.563301	0.302474	8	BCNA	4	2	2	1	1	2.4871638781221	0.56555404209299	4	AMP	2	2
IIICF_T_C4	chr1	34040023	41988634	4556	0.560976	0.02143	3	HET	2	1	1	NA	NA	2.03125479975393	0.563633404483042	2	NEUT	1	1
IIICF_T_C4	chr1	41990795	41999873	15	0.583333	0.397382	5	GAIN	3	1	2	1	1	2.66230372914081	0.586103910846825	3	GAIN	2	1
IIICF_T_C4	chr1	42000654	56118105	5137	0.5625	0.031092	3	HET	2	1	1	NA	NA	2.04549900471391	0.565204854330812	2	NEUT	1	1
IIICF_T_C4	chr1	56124739	56138974	26	0.543168	0.480727	8	BCNA	4	2	2	1	1	2.82590005153322	0.544520285113226	4	AMP	2	2
IIICF_T_C4	chr1	56140172	72849078	11366	0.56	0.025806	3	HET	2	1	1	NA	NA	2.03769430093022	0.562606605792382	2	NEUT	1	1
IIICF_T_C4	chr1	72899299	72903039	2	1	-1.055917	1	DLOH	1	0	1	1	1	0.91603785678258	1	1	HETD	1	0
IIICF_T_C4	chr1	72940536	98478981	17092	0.560976	0.045098	3	HET	2	1	1	NA	NA	2.06631746401575	0.563588311856754	2	NEUT	1	1
IIICF_T_C4	chr1	98480128	98489735	31	0.551724	0.303361	8	BCNA	4	2	2	1	1	2.48874795370952	0.553563815712487	4	AMP	2	2
IIICF_T_C4	chr1	98490165	115549686	9917	0.5625	0.052486	3	HET	2	1	1	NA	NA	2.07738065061294	0.565163342820652	2	NEUT	1	1
IIICF_T_C4	chr1	115570468	115576482	24	0.55719	0.289657	8	BCNA	4	2	2	1	1	2.46438263445135	0.559244353106671	4	AMP	2	2
IIICF_T_C4	chr1	115580118	144994658	3200	0.56	0.028185	3	HET	2	1	1	NA	NA	2.04120332192874	0.562602124791219	2	NEUT	1	1
IIICF_T_C4	chr1	144994861	144995990	10	0.779294	0.140115	7	ASCNA	4	1	3	1	1	2.21301477680635	0.790466244425191	4	AMP	3	1
IIICF_T_C4	chr1	144996214	145040843	351	0.564516	0.071205	3	HET	2	1	1	NA	NA	2.10566642427604	0.567228320444269	2	NEUT	1	1
IIICF_T_C4	chr1	145041428	145043348	17	0.755396	0.077529	7	ASCNA	4	1	3	1	1	2.1153056894387	0.766084188142528	4	AMP	3	1
IIICF_T_C4	chr1	145043479	145077538	194	0.563645	0.08256	3	HET	2	1	1	NA	NA	2.12300435322181	0.566298851041219	2	NEUT	1	1
IIICF_T_C4	chr1	145077963	145086265	47	0.704545	0.143804	7	ASCNA	4	1	3	1	1	2.21890738902322	0.712705425944104	4	AMP	3	1
IIICF_T_C4	chr1	145086290	145111087	125	0.663551	0.15204	3	HET	2	1	1	NA	NA	2.23211763509118	0.670037333307816	2	NEUT	1	1
IIICF_T_C4	chr1	145111114	145118473	73	0.7375	0.161456	7	ASCNA	4	1	3	1	1	2.24731324342274	0.746855416766891	4	AMP	3	1
IIICF_T_C4	chr1	145390305	249215241	64288	0.5625	0.022459	3	HET	2	1	1	NA	NA	2.03276726831977	0.565221795518749	2	NEUT	1	1
IIICF_T_C4	chr2	38938	89269227	61954	0.564103	0.015767	3	HET	2	1	1	NA	NA	2.02295035562768	0.566908151142843	2	NEUT	1	1
IIICF_T_C4	chr2	89850016	89856925	70	0.591751	-0.884713	8	BCNA	4	2	2	1	1	1.04261048803028	0.599541258223089	4	AMP	2	2
IIICF_T_C4	chr2	89857061	89859645	24	0.74178	-0.884713	7	ASCNA	4	1	3	1	1	1.04261048803028	0.762308698686428	4	AMP	3	1
IIICF_T_C4	chr2	89862273	89880391	30	0.670068	0.092798	3	HET	2	1	1	NA	NA	2.13875415405106	0.677107225448967	2	NEUT	1	1
IIICF_T_C4	chr2	89880526	89888897	115	0.774648	-0.068414	7	ASCNA	4	1	3	1	1	1.90327174288617	0.787422349009604	4	AMP	3	1
IIICF_T_C4	chr2	89889004	133001933	17160	0.5625	-0.008047	3	HET	2	1	1	NA	NA	1.9883831497573	0.565282550657929	2	NEUT	1	1
IIICF_T_C4	chr2	133001939	133002016	10	0.773063	-0.114616	7	ASCNA	4	1	3	1	1	1.84049546026783	0.786196825540392	4	AMP	3	1
IIICF_T_C4	chr2	133002028	133005360	27	0.575758	-0.114616	3	HET	2	1	1	NA	NA	1.84049546026783	0.579401819760601	2	NEUT	1	1
IIICF_T_C4	chr2	133005372	133005806	50	0.719158	-0.114616	7	ASCNA	4	1	3	1	1	1.84049546026783	0.729699094684308	4	AMP	3	1
IIICF_T_C4	chr2	133005817	133006731	29	0.656051	-0.114616	3	HET	2	1	1	NA	NA	1.84049546026783	0.663556764638211	2	NEUT	1	1
IIICF_T_C4	chr2	133006797	133007250	20	0.753676	-0.114616	7	ASCNA	4	1	3	1	1	1.84049546026783	0.76587734667745	4	AMP	3	1
IIICF_T_C4	chr2	133007265	133007381	8	0.573112	-0.114616	3	HET	2	1	1	NA	NA	1.84049546026783	0.576628552051758	2	NEUT	1	1
IIICF_T_C4	chr2	133007382	133007761	18	0.757481	-0.114616	7	ASCNA	4	1	3	1	1	1.84049546026783	0.769865360143871	4	AMP	3	1
IIICF_T_C4	chr2	133007787	133008133	21	0.645455	-0.114616	3	HET	2	1	1	NA	NA	1.84049546026783	0.65245111662502	2	NEUT	1	1
IIICF_T_C4	chr2	133008173	133008570	16	0.741853	-0.114616	7	ASCNA	4	1	3	1	1	1.84049546026783	0.753485682232381	4	AMP	3	1
IIICF_T_C4	chr2	133008596	133009298	20	0.584777	-0.114616	3	HET	2	1	1	NA	NA	1.84049546026783	0.588854616988892	2	NEUT	1	1
IIICF_T_C4	chr2	133009343	133009838	20	0.758515	-0.114616	7	ASCNA	4	1	3	1	1	1.84049546026783	0.770949093632512	4	AMP	3	1
IIICF_T_C4	chr2	133009861	133015147	398	0.677171	-0.064738	3	HET	2	1	1	NA	NA	1.90835332874473	0.685389583768807	2	NEUT	1	1
IIICF_T_C4	chr2	133015170	133015766	74	0.724243	-0.064738	7	ASCNA	4	1	3	1	1	1.90835332874473	0.734645153174439	4	AMP	3	1
IIICF_T_C4	chr2	133015771	133015860	11	0.598039	-0.064738	3	HET	2	1	1	NA	NA	1.90835332874473	0.602586819530905	2	NEUT	1	1
IIICF_T_C4	chr2	133015861	133016547	53	0.72	-0.064738	7	ASCNA	4	1	3	1	1	1.90835332874473	0.730205329479077	4	AMP	3	1
IIICF_T_C4	chr2	133016570	133018891	86	0.664583	-0.064738	3	HET	2	1	1	NA	NA	1.90835332874473	0.672217653371159	2	NEUT	1	1
IIICF_T_C4	chr2	133018898	133019766	41	0.746032	-0.064738	7	ASCNA	4	1	3	1	1	1.90835332874473	0.757444898283619	4	AMP	3	1
IIICF_T_C4	chr2	133019773	133022192	107	0.638298	-0.179745	3	HET	2	1	1	NA	NA	1.75534822260721	0.645272542935981	2	NEUT	1	1
IIICF_T_C4	chr2	133022193	133023247	59	0.685446	-0.179745	7	ASCNA	4	1	3	1	1	1.75534822260721	0.694798276166726	4	AMP	3	1
IIICF_T_C4	chr2	133023251	133033704	281	0.571429	-0.179745	3	HET	2	1	1	NA	NA	1.75534822260721	0.575031254749701	2	NEUT	1	1
IIICF_T_C4	chr2	133033866	133035081	75	0.733333	-0.232153	7	ASCNA	4	1	3	1	1	1.68956886023418	0.745558409207369	4	AMP	3	1
IIICF_T_C4	chr2	133035117	133036697	98	0.590909	-0.232153	3	HET	2	1	1	NA	NA	1.68956886023418	0.595672148485781	2	NEUT	1	1
IIICF_T_C4	chr2	133036720	133037877	115	0.757576	-0.232153	7	ASCNA	4	1	3	1	1	1.68956886023418	0.771071613573723	4	AMP	3	1
IIICF_T_C4	chr2	133037879	133038188	27	0.557143	-0.232153	3	HET	2	1	1	NA	NA	1.68956886023418	0.560136989527142	2	NEUT	1	1
IIICF_T_C4	chr2	133038221	133038794	51	0.719298	-0.232153	7	ASCNA	4	1	3	1	1	1.68956886023418	0.730788049793033	4	AMP	3	1
IIICF_T_C4	chr2	133038802	162135255	17260	0.560976	0.000131	3	HET	2	1	1	NA	NA	2.00018965139165	0.563674676901619	2	NEUT	1	1
IIICF_T_C4	chr2	162135292	162138861	46	0.790191	-0.242966	7	ASCNA	4	1	3	1	1	1.67629186788871	0.805515892522014	4	AMP	3	1
IIICF_T_C4	chr2	162138921	242999159	50069	0.5625	0.014494	3	HET	2	1	1	NA	NA	2.02108806193357	0.565237523884179	2	NEUT	1	1
IIICF_T_C4	chr3	60197	2678870	2789	0.564103	-0.092997	3	HET	2	1	1	NA	NA	1.86961978168813	0.567138206172712	2	NEUT	1	1
IIICF_T_C4	chr3	2680513	2689882	20	0.530331	-0.345331	8	BCNA	4	2	2	1	1	1.55541029907461	0.532057254784159	4	AMP	2	2
IIICF_T_C4	chr3	2690405	21605300	14543	0.5625	-0.019573	3	HET	2	1	1	NA	NA	1.97185639560763	0.565305872097936	2	NEUT	1	1
IIICF_T_C4	chr3	21612538	21679934	86	0.56125	0.265201	8	BCNA	4	2	2	1	1	2.42147149005387	0.563489184449213	4	AMP	2	2
IIICF_T_C4	chr3	21680936	73157929	31511	0.5625	-0.002262	3	HET	2	1	1	NA	NA	1.99672797057359	0.565270921689439	2	NEUT	1	1
IIICF_T_C4	chr3	73159908	73160181	19	0.857664	0.044295	7	ASCNA	4	1	3	1	1	2.06511841880514	0.872995809184358	4	AMP	3	1
IIICF_T_C4	chr3	73165377	89498619	8943	0.565217	-0.034051	3	HET	2	1	1	NA	NA	1.95128308423671	0.568175718682629	2	NEUT	1	1
IIICF_T_C4	chr3	94506382	175098874	53093	0.660714	0.550389	5	GAIN	3	1	2	1	1	2.97007890639993	0.66550414719993	3	GAIN	2	1
IIICF_T_C4	chr3	175100182	175396245	288	0.571429	-0.01476	3	HET	2	1	1	NA	NA	1.97874154633736	0.57462457219788	2	NEUT	1	1
IIICF_T_C4	chr3	175417447	196619608	14413	0.666667	0.513543	5	GAIN	3	1	2	1	1	2.89295218071835	0.671767015542602	3	GAIN	2	1
IIICF_T_C4	chr3	196620294	196629709	13	0.673913	0.166106	3	HET	2	1	1	NA	NA	2.25485410823686	0.680740736235942	2	NEUT	1	1
IIICF_T_C4	chr3	196631138	197819088	608	0.661154	0.559542	5	GAIN	3	1	2	1	1	2.98954552290959	0.665925984837395	3	GAIN	2	1
IIICF_T_C4	chr4	40094	68603	117	0.757812	-0.285829	7	ASCNA	4	1	3	1	1	1.62462977695063	0.77185991450524	4	AMP	3	1
IIICF_T_C4	chr4	74298	68264997	46772	0.5625	-0.001684	3	HET	2	1	1	NA	NA	1.99756357153263	0.565269762584991	2	NEUT	1	1
IIICF_T_C4	chr4	68264998	68266409	13	0.697406	-0.248059	7	ASCNA	4	1	3	1	1	1.67007269979113	0.707869768149245	4	AMP	3	1
IIICF_T_C4	chr4	68266480	157459611	53960	0.5625	0.022393	3	HET	2	1	1	NA	NA	2.03267022629379	0.565221925460413	2	NEUT	1	1
IIICF_T_C4	chr4	157460574	157469910	22	0.543561	0.315697	8	BCNA	4	2	2	1	1	2.5108798291794	0.545096801366166	4	AMP	2	2
IIICF_T_C4	chr4	157471213	190198873	26533	0.5625	0.001062	3	HET	2	1	1	NA	NA	2.0015379754182	0.565264262736717	2	NEUT	1	1
IIICF_T_C4	chr4	190199873	190201292	33	0.714286	-0.203366	7	ASCNA	4	1	3	1	1	1.72540460970557	0.725280259425101	4	AMP	3	1
IIICF_T_C4	chr4	190201319	190287898	56	0.594118	-0.203366	3	HET	2	1	1	NA	NA	1.72540460970557	0.598946862868184	2	NEUT	1	1
IIICF_T_C4	chr4	190290422	190299871	40	0.569048	-0.351842	8	BCNA	4	2	2	1	1	1.54800780459904	0.572996581387994	4	AMP	2	2
IIICF_T_C4	chr4	190300221	190540426	83	0.596154	-0.100481	3	HET	2	1	1	NA	NA	1.85948818377999	0.600731591869118	2	NEUT	1	1
IIICF_T_C4	chr4	190540439	190585219	811	0.742574	-0.12561	7	ASCNA	4	1	3	1	1	1.82585130961014	0.754334938494857	4	AMP	3	1
IIICF_T_C4	chr4	190585445	190586080	22	0.614198	-0.135495	3	HET	2	1	1	NA	NA	1.81277930099879	0.619774692535319	2	NEUT	1	1
IIICF_T_C4	chr4	190586106	190612844	511	0.736	-0.135495	7	ASCNA	4	1	3	1	1	1.81277930099879	0.74752471530443	4	AMP	3	1
IIICF_T_C4	chr4	190612872	190613774	19	0.62766	-0.05573	3	HET	2	1	1	NA	NA	1.92086057966779	0.633543315418694	2	NEUT	1	1
IIICF_T_C4	chr4	190613966	190683900	1458	0.744754	-0.108371	7	ASCNA	4	1	3	1	1	1.84886371543928	0.756472932027483	4	AMP	3	1
IIICF_T_C4	chr4	190684012	190929666	113	0.6	-0.136729	3	HET	2	1	1	NA	NA	1.81115372829244	0.604887736920521	2	NEUT	1	1
IIICF_T_C4	chr5	78650	21447380	15090	0.5625	-0.024298	3	HET	2	1	1	NA	NA	1.96511943847259	0.565315491380958	2	NEUT	1	1
IIICF_T_C4	chr5	21530083	21539938	168	0.594595	0.289815	8	BCNA	4	2	2	1	1	2.46466223713444	0.597992612978804	4	AMP	2	2
IIICF_T_C4	chr5	21540018	21549980	168	0.583801	0.165614	3	HET	2	1	1	NA	NA	2.2540550858259	0.587092151028321	2	NEUT	1	1
IIICF_T_C4	chr5	21550009	21569922	347	0.587302	0.276902	8	BCNA	4	2	2	1	1	2.44191162798761	0.590466881010676	4	AMP	2	2
IIICF_T_C4	chr5	21570020	110233390	47671	0.5625	0.021473	3	HET	2	1	1	NA	NA	2.03131798141234	0.565223737441503	2	NEUT	1	1
IIICF_T_C4	chr5	110283688	110283792	7	1	-0.005671	2	NLOH	2	0	2	1	1	1.99180646379736	1	2	NEUT	2	0
IIICF_T_C4	chr5	110284188	114083489	3372	0.5625	0.006968	3	HET	2	1	1	NA	NA	2.01011165802137	0.56525247239102	2	NEUT	1	1
IIICF_T_C4	chr5	114092328	117869447	2864	0.660377	0.58764	5	GAIN	3	1	2	1	1	3.05008175541219	0.665031721926434	3	GAIN	2	1
IIICF_T_C4	chr5	117870089	117879953	14	0.630334	1.124941	11	UBCNA	5	2	3	1	1	4.46639337063251	0.632917234845765	5	HLAMP	3	2
IIICF_T_C4	chr5	117880295	135090120	11336	0.666667	0.588285	5	GAIN	3	1	2	1	1	3.05148527697	0.6715020556357	3	GAIN	2	1
IIICF_T_C4	chr5	135090544	135125865	136	0.675338	0.828209	7	ASCNA	4	1	3	1	1	3.61960864407608	0.679626225037523	4	AMP	3	1
IIICF_T_C4	chr5	135128590	164548747	18479	0.666667	0.578808	5	GAIN	3	1	2	1	1	3.03092629136496	0.671534852157178	3	GAIN	2	1
IIICF_T_C4	chr5	164549938	164583629	39	0.553846	1.031987	8	BCNA	4	2	2	1	1	4.18217101461685	0.554985763632888	4	AMP	2	2
IIICF_T_C4	chr5	164584753	165140039	649	0.666667	0.534326	5	GAIN	3	1	2	1	1	2.93621322649928	0.671691873858789	3	GAIN	2	1
IIICF_T_C4	chr5	165141888	173183410	6086	0.545455	0.959409	8	BCNA	4	2	2	1	1	3.97263881249558	0.546467898008417	4	AMP	2	2
IIICF_T_C4	chr5	173189162	173189927	4	0.944091	0.977361	6	ALOH	4	0	4	1	1	4.02348912127259	0.953861848440414	4	AMP	4	0
IIICF_T_C4	chr5	173191624	180698428	5216	0.545455	0.947251	8	BCNA	4	2	2	1	1	3.93855804467899	0.546476662724198	4	AMP	2	2
IIICF_T_C4	chr6	205800	256959	80	0.617647	0.244346	8	BCNA	4	2	2	1	1	2.38544902226213	0.622012900698817	4	AMP	2	2
IIICF_T_C4	chr6	257186	381918	227	0.711538	0.183494	7	ASCNA	4	1	3	1	1	2.28326843195453	0.719739523963684	4	AMP	3	1
IIICF_T_C4	chr6	382246	3729331	3106	0.606061	0.323139	8	BCNA	4	2	2	1	1	2.52432324298449	0.609780408574	4	AMP	2	2
IIICF_T_C4	chr6	3730235	3859056	170	0.611111	0.442819	5	GAIN	3	1	2	1	1	2.75031848131044	0.61468732686874	3	GAIN	2	1
IIICF_T_C4	chr6	3877721	4529854	332	0.597872	0.356091	8	BCNA	4	2	2	1	1	2.58468898479051	0.601224071762443	4	AMP	2	2
IIICF_T_C4	chr6	4530022	4657833	74	0.602083	0.434113	5	GAIN	3	1	2	1	1	2.73323895740539	0.605389274889946	3	GAIN	2	1
IIICF_T_C4	chr6	4660240	6251120	966	0.611111	0.32343	8	BCNA	4	2	2	1	1	2.52485032274747	0.615006691476712	4	AMP	2	2
IIICF_T_C4	chr6	6253916	6320380	77	0.606061	0.499206	5	GAIN	3	1	2	1	1	2.86347004056269	0.609339885191918	3	GAIN	2	1
IIICF_T_C4	chr6	6323420	7986590	1761	0.604651	0.325556	8	BCNA	4	2	2	1	1	2.52870431153201	0.608314603540243	4	AMP	2	2
IIICF_T_C4	chr6	7996321	8059597	132	0.628011	0.421866	5	GAIN	3	1	2	1	1	2.70938646755037	0.632193533896875	3	GAIN	2	1
IIICF_T_C4	chr6	8062532	8435454	384	0.619048	0.308947	8	BCNA	4	2	2	1	1	2.49874629047327	0.623265577558453	4	AMP	2	2
IIICF_T_C4	chr6	8447034	9799363	750	0.613636	0.392257	5	GAIN	3	1	2	1	1	2.65254908049542	0.617428413169909	3	GAIN	2	1
IIICF_T_C4	chr6	9801994	9947613	138	0.603279	0.352569	8	BCNA	4	2	2	1	1	2.57817092352161	0.606825201870217	4	AMP	2	2
IIICF_T_C4	chr6	9948994	10070735	66	0.626134	0.382919	5	GAIN	3	1	2	1	1	2.634864479635	0.630371766485699	3	GAIN	2	1
IIICF_T_C4	chr6	10071507	10118125	82	0.6	0.357761	8	BCNA	4	2	2	1	1	2.58778517011809	0.60342085697404	4	AMP	2	2
IIICF_T_C4	chr6	10122851	10199523	108	0.604651	0.401741	5	GAIN	3	1	2	1	1	2.67062772875563	0.608119911060949	3	GAIN	2	1
IIICF_T_C4	chr6	10200678	10300081	114	0.6	0.304472	8	BCNA	4	2	2	1	1	2.49073344082429	0.603554151079124	4	AMP	2	2
IIICF_T_C4	chr6	10301145	10353466	55	0.628571	0.440354	5	GAIN	3	1	2	1	1	2.74547215358556	0.632716616412791	3	GAIN	2	1
IIICF_T_C4	chr6	10374314	11498696	1017	0.597222	0.343804	8	BCNA	4	2	2	1	1	2.56201870470026	0.600581273710872	4	AMP	2	2
IIICF_T_C4	chr6	11499736	11786165	194	0.619048	0.406068	5	GAIN	3	1	2	1	1	2.67891553231054	0.622981926304081	3	GAIN	2	1
IIICF_T_C4	chr6	11790165	12969200	919	0.605263	0.357144	8	BCNA	4	2	2	1	1	2.58664083266431	0.608865489723783	4	AMP	2	2
IIICF_T_C4	chr6	12971065	13416010	172	0.605263	0.391671	5	GAIN	3	1	2	1	1	2.65143592570186	0.608777453028437	3	GAIN	2	1
IIICF_T_C4	chr6	13419020	13789416	135	0.6	0.361776	8	BCNA	4	2	2	1	1	2.59524367572214	0.603411025727305	4	AMP	2	2
IIICF_T_C4	chr6	13790393	13981313	236	0.615385	0.430586	5	GAIN	3	1	2	1	1	2.72634893305858	0.619131545854781	3	GAIN	2	1
IIICF_T_C4	chr6	14007662	14260486	143	0.603774	0.317558	8	BCNA	4	2	2	1	1	2.51423508623901	0.607427808744296	4	AMP	2	2
IIICF_T_C4	chr6	14271921	14533294	119	0.604651	0.391095	5	GAIN	3	1	2	1	1	2.65034220727351	0.608146461847354	3	GAIN	2	1
IIICF_T_C4	chr6	14544035	16668266	1383	0.604651	0.322315	8	BCNA	4	2	2	1	1	2.52283133256996	0.608323132158958	4	AMP	2	2
IIICF_T_C4	chr6	16670279	16959878	175	0.62	0.413486	5	GAIN	3	1	2	1	1	2.69318170564965	0.623944379806804	3	GAIN	2	1
IIICF_T_C4	chr6	16960978	17329940	301	0.607143	0.322712	8	BCNA	4	2	2	1	1	2.52355002284172	0.610901504036113	4	AMP	2	2
IIICF_T_C4	chr6	17330855	17457107	159	0.612245	0.441193	5	GAIN	3	1	2	1	1	2.74712074499458	0.615862032343198	3	GAIN	2	1
IIICF_T_C4	chr6	17460161	17498853	40	0.586349	0.297959	8	BCNA	4	2	2	1	1	2.47911570843971	0.589432355865103	4	AMP	2	2
IIICF_T_C4	chr6	17502936	17819984	231	0.59375	0.417087	5	GAIN	3	1	2	1	1	2.70013358054489	0.596823612847214	3	GAIN	2	1
IIICF_T_C4	chr6	17820182	17839997	55	0.617021	0.263244	8	BCNA	4	2	2	1	1	2.41806901634865	0.621305086678421	4	AMP	2	2
IIICF_T_C4	chr6	17841651	17958098	101	0.604651	0.439799	5	GAIN	3	1	2	1	1	2.74438213417104	0.608026685168843	3	GAIN	2	1
IIICF_T_C4	chr6	17960447	17999521	46	0.588235	0.294465	8	BCNA	4	2	2	1	1	2.47290477715403	0.591393614559695	4	AMP	2	2
IIICF_T_C4	chr6	18001003	18439539	508	0.605662	0.416823	5	GAIN	3	1	2	1	1	2.69962332831664	0.60912680494817	3	GAIN	2	1
IIICF_T_C4	chr6	18440213	18779716	501	0.609756	0.333601	8	BCNA	4	2	2	1	1	2.54333971320168	0.613576208220689	4	AMP	2	2
IIICF_T_C4	chr6	18780110	18959542	305	0.6	0.39704	5	GAIN	3	1	2	1	1	2.66165170518351	0.603325920866834	3	GAIN	2	1
IIICF_T_C4	chr6	18960583	19209595	173	0.589744	0.357771	8	BCNA	4	2	2	1	1	2.58780372094692	0.5928139918752	4	AMP	2	2
IIICF_T_C4	chr6	19210602	19399497	227	0.605263	0.395667	5	GAIN	3	1	2	1	1	2.65903563213488	0.608767408480344	3	GAIN	2	1
IIICF_T_C4	chr6	19400053	19609834	216	0.595491	0.323803	8	BCNA	4	2	2	1	1	2.52552608219673	0.598838138781756	4	AMP	2	2
IIICF_T_C4	chr6	19610320	19846079	254	0.615385	0.357399	5	GAIN	3	1	2	1	1	2.58711371668584	0.619333180255069	3	GAIN	2	1
IIICF_T_C4	chr6	19848673	20640537	410	0.607919	0.340398	8	BCNA	4	2	2	1	1	2.55576852609905	0.611657002016181	4	AMP	2	2
IIICF_T_C4	chr6	20641105	20829772	246	0.6	0.385479	5	GAIN	3	1	2	1	1	2.63970130565564	0.603353577515588	3	GAIN	2	1
IIICF_T_C4	chr6	20830304	23669288	2210	0.603774	0.326133	8	BCNA	4	2	2	1	1	2.5297512708466	0.607405398173087	4	AMP	2	2
IIICF_T_C4	chr6	23671257	23739662	143	0.605263	0.391754	5	GAIN	3	1	2	1	1	2.65159356348736	0.608777244093478	3	GAIN	2	1
IIICF_T_C4	chr6	23740439	23749909	28	0.594916	0.194667	3	HET	2	1	1	NA	NA	2.30170817253181	0.598566499593036	2	NEUT	1	1
IIICF_T_C4	chr6	23750068	23759469	59	0.619048	0.440633	5	GAIN	3	1	2	1	1	2.74602026769403	0.622885792605885	3	GAIN	2	1
IIICF_T_C4	chr6	23760007	24547650	925	0.6	0.33176	8	BCNA	4	2	2	1	1	2.53998337552566	0.603485236569583	4	AMP	2	2
IIICF_T_C4	chr6	24548741	24669742	142	0.6	0.385062	5	GAIN	3	1	2	1	1	2.63891284676606	0.603354579503208	3	GAIN	2	1
IIICF_T_C4	chr6	24681787	26319812	1383	0.608696	0.314051	8	BCNA	4	2	2	1	1	2.50791580737664	0.612532752157645	4	AMP	2	2
IIICF_T_C4	chr6	26320164	27153559	188	0.6	0.396002	5	GAIN	3	1	2	1	1	2.65967370148913	0.603328394359638	3	GAIN	2	1
IIICF_T_C4	chr6	27154361	27158114	43	0.746032	0.291009	7	ASCNA	4	1	3	1	1	2.46677617434217	0.754861273874424	4	AMP	3	1
IIICF_T_C4	chr6	27159570	27299843	138	0.608696	0.350869	8	BCNA	4	2	2	1	1	2.5750304731391	0.612432752432842	4	AMP	2	2
IIICF_T_C4	chr6	27300580	27477726	331	0.606061	0.373423	5	GAIN	3	1	2	1	1	2.61699765704634	0.609648695039857	3	GAIN	2	1
IIICF_T_C4	chr6	27479609	33573602	269	0.612903	0.333902	8	BCNA	4	2	2	1	1	2.5438888755198	0.616831895541029	4	AMP	2	2
IIICF_T_C4	chr6	33573907	33620306	61	0.622222	0.485793	5	GAIN	3	1	2	1	1	2.83615199458111	0.626036898792012	3	GAIN	2	1
IIICF_T_C4	chr6	33622168	34091165	557	0.603774	0.355431	8	BCNA	4	2	2	1	1	2.58346633045489	0.607329894665637	4	AMP	2	2
IIICF_T_C4	chr6	34091907	34997606	147	0.607143	0.395082	5	GAIN	3	1	2	1	1	2.65792174683201	0.610711492171558	3	GAIN	2	1
IIICF_T_C4	chr6	35001605	35059791	77	0.619048	0.273045	8	BCNA	4	2	2	1	1	2.43515562146277	0.623375713673033	4	AMP	2	2
IIICF_T_C4	chr6	35061715	35159805	143	0.6	0.439693	5	GAIN	3	1	2	1	1	2.74417399797047	0.603225904389832	3	GAIN	2	1
IIICF_T_C4	chr6	35160122	35411091	157	0.611111	0.318021	8	BCNA	4	2	2	1	1	2.51507051646742	0.615021839802662	4	AMP	2	2
IIICF_T_C4	chr6	35416039	36161764	626	0.611111	0.41839	5	GAIN	3	1	2	1	1	2.70265335268554	0.614750400470108	3	GAIN	2	1
IIICF_T_C4	chr6	36183117	36359881	113	0.606061	0.323259	8	BCNA	4	2	2	1	1	2.52454058258295	0.609780088367317	4	AMP	2	2
IIICF_T_C4	chr6	36360987	36518937	141	0.6	0.453718	5	GAIN	3	1	2	1	1	2.77184604935192	0.60319369935736	3	GAIN	2	1
IIICF_T_C4	chr6	36520393	36799028	87	0.615385	0.298023	8	BCNA	4	2	2	1	1	2.47922961512765	0.619504985995452	4	AMP	2	2
IIICF_T_C4	chr6	36800768	36889512	117	0.612903	0.408064	5	GAIN	3	1	2	1	1	2.68274699559673	0.616628537173766	3	GAIN	2	1
IIICF_T_C4	chr6	36890783	37026479	99	0.6	0.33138	8	BCNA	4	2	2	1	1	2.53929112844303	0.603486186694923	4	AMP	2	2
IIICF_T_C4	chr6	37032498	37393552	190	0.615385	0.41459	5	GAIN	3	1	2	1	1	2.69531117778673	0.619174689063741	3	GAIN	2	1
IIICF_T_C4	chr6	37410969	37569632	191	0.6	0.281267	8	BCNA	4	2	2	1	1	2.44957927727116	0.603613862604348	4	AMP	2	2
IIICF_T_C4	chr6	37571295	38099195	437	0.613636	0.380425	5	GAIN	3	1	2	1	1	2.63016059952283	0.617460694989548	3	GAIN	2	1
IIICF_T_C4	chr6	38100337	38179306	48	0.587975	0.317281	8	BCNA	4	2	2	1	1	2.51373539977956	0.591073152925276	4	AMP	2	2
IIICF_T_C4	chr6	38180548	38508509	143	0.6	0.431233	5	GAIN	3	1	2	1	1	2.72761159180038	0.603245492493553	3	GAIN	2	1
IIICF_T_C4	chr6	38511115	41672469	2219	0.608696	0.320895	8	BCNA	4	2	2	1	1	2.52026232056166	0.612513956292343	4	AMP	2	2
IIICF_T_C4	chr6	41701598	43096609	789	0.606061	0.412548	5	GAIN	3	1	2	1	1	2.69137370587352	0.609549549172125	3	GAIN	2	1
IIICF_T_C4	chr6	43102226	43249411	61	0.580645	0.310755	8	BCNA	4	2	2	1	1	2.5019907168266	0.583498348961771	4	AMP	2	2
IIICF_T_C4	chr6	43250387	44147337	465	0.609756	0.399877	5	GAIN	3	1	2	1	1	2.66706513345763	0.613398988376433	3	GAIN	2	1
IIICF_T_C4	chr6	44150285	44769204	400	0.604957	0.348436	8	BCNA	4	2	2	1	1	2.57054236749001	0.608571512898477	4	AMP	2	2
IIICF_T_C4	chr6	44770214	45744718	736	0.605662	0.43437	5	GAIN	3	1	2	1	1	2.73374166779549	0.609083562606422	3	GAIN	2	1
IIICF_T_C4	chr6	45751311	46448455	241	0.609756	0.327015	8	BCNA	4	2	2	1	1	2.53135245831445	0.613594298870022	4	AMP	2	2
IIICF_T_C4	chr6	46450330	46757276	281	0.612903	0.404627	5	GAIN	3	1	2	1	1	2.67615272386032	0.616637717219534	3	GAIN	2	1
IIICF_T_C4	chr6	46760212	47388954	304	0.605263	0.334852	8	BCNA	4	2	2	1	1	2.54562286373133	0.608923537132799	4	AMP	2	2
IIICF_T_C4	chr6	47390536	47633654	173	0.615385	0.381583	5	GAIN	3	1	2	1	1	2.63234366732404	0.619265341089437	3	GAIN	2	1
IIICF_T_C4	chr6	47634545	47831141	272	0.605662	0.272014	8	BCNA	4	2	2	1	1	2.43335275628954	0.609505942577569	4	AMP	2	2
IIICF_T_C4	chr6	47896738	48228165	286	0.610434	0.389448	5	GAIN	3	1	2	1	1	2.6472172644804	0.614126974873928	3	GAIN	2	1
IIICF_T_C4	chr6	48231163	48312075	63	0.590909	0.276504	8	BCNA	4	2	2	1	1	2.44121364635075	0.594205584618998	4	AMP	2	2
IIICF_T_C4	chr6	48317202	49209473	363	0.613636	0.393279	5	GAIN	3	1	2	1	1	2.65449153508551	0.617425638028127	3	GAIN	2	1
IIICF_T_C4	chr6	49210049	49239960	35	0.625	0.309784	8	BCNA	4	2	2	1	1	2.50024776780472	0.629425782846658	4	AMP	2	2
IIICF_T_C4	chr6	49252022	49329980	136	0.606602	0.395698	5	GAIN	3	1	2	1	1	2.65909467113799	0.610150907578309	3	GAIN	2	1
IIICF_T_C4	chr6	49330136	49399984	86	0.602632	0.27164	8	BCNA	4	2	2	1	1	2.43269907703132	0.606366715621282	4	AMP	2	2
IIICF_T_C4	chr6	49411886	49500113	54	0.635255	0.442337	5	GAIN	3	1	2	1	1	2.74937019099715	0.639609950725266	3	GAIN	2	1
IIICF_T_C4	chr6	49508103	51607771	916	0.608269	0.355959	8	BCNA	4	2	2	1	1	2.58444440917442	0.611977515230484	4	AMP	2	2
IIICF_T_C4	chr6	51608981	51649079	114	0.615329	0.410486	5	GAIN	3	1	2	1	1	2.68740332034495	0.619127995799587	3	GAIN	2	1
IIICF_T_C4	chr6	51649905	51799902	358	0.598077	0.319152	8	BCNA	4	2	2	1	1	2.51711240358608	0.601526274039683	4	AMP	2	2
IIICF_T_C4	chr6	51811789	52389776	374	0.610434	0.408022	5	GAIN	3	1	2	1	1	2.68266631901413	0.614078175488492	3	GAIN	2	1
IIICF_T_C4	chr6	52390374	52428303	46	0.6	0.2488	8	BCNA	4	2	2	1	1	2.39309866715221	0.6036991550194	4	AMP	2	2
IIICF_T_C4	chr6	52429462	52591604	130	0.604957	0.393814	5	GAIN	3	1	2	1	1	2.65550892658881	0.608455861724901	3	GAIN	2	1
IIICF_T_C4	chr6	52595308	52838902	189	0.6	0.339661	8	BCNA	4	2	2	1	1	2.55441803541679	0.603465541984036	4	AMP	2	2
IIICF_T_C4	chr6	52839888	53679557	551	0.609756	0.389081	5	GAIN	3	1	2	1	1	2.64652142129762	0.613427267197079	3	GAIN	2	1
IIICF_T_C4	chr6	53680274	53808979	105	0.621622	0.305561	8	BCNA	4	2	2	1	1	2.49268109580738	0.625941252141206	4	AMP	2	2
IIICF_T_C4	chr6	53813385	54679978	578	0.609756	0.407351	5	GAIN	3	1	2	1	1	2.68137773300986	0.613379542912572	3	GAIN	2	1
IIICF_T_C4	chr6	54680169	54719691	54	0.607143	0.280565	8	BCNA	4	2	2	1	1	2.44834456353612	0.611016953481648	4	AMP	2	2
IIICF_T_C4	chr6	54720275	57199709	612	0.6	0.422338	5	GAIN	3	1	2	1	1	2.71030199713851	0.603266220131875	3	GAIN	2	1
IIICF_T_C4	chr6	57210058	57289945	1163	0.588235	0.222251	8	BCNA	4	2	2	1	1	2.34784856579136	0.591561855550935	4	AMP	2	2
IIICF_T_C4	chr6	57290031	57349953	720	0.594595	0.204338	3	HET	2	1	1	NA	NA	2.31778474467568	0.598207918941024	2	NEUT	1	1
IIICF_T_C4	chr6	57350134	57369502	409	0.604651	0.237016	8	BCNA	4	2	2	1	1	2.37291121288038	0.608555136833132	4	AMP	2	2
IIICF_T_C4	chr6	57369510	57374364	147	0.67619	0.17983	7	ASCNA	4	1	3	1	1	2.27725245292946	0.683039095368149	4	AMP	3	1
IIICF_T_C4	chr6	57374381	57376458	55	0.656489	0.17983	3	HET	2	1	1	NA	NA	2.27725245292946	0.662572251518623	2	NEUT	1	1
IIICF_T_C4	chr6	57376487	57378739	63	0.70297	0.17983	7	ASCNA	4	1	3	1	1	2.27725245292946	0.71086012365556	4	AMP	3	1
IIICF_T_C4	chr6	57378766	57412111	877	0.686047	0.097437	3	HET	2	1	1	NA	NA	2.1459275169267	0.693721865250011	2	NEUT	1	1
IIICF_T_C4	chr6	57412235	57414768	54	0.714286	0.100634	7	ASCNA	4	1	3	1	1	2.15088453385334	0.723105416195431	4	AMP	3	1
IIICF_T_C4	chr6	57414879	57470233	1166	0.682243	0.143145	3	HET	2	1	1	NA	NA	2.21785363179397	0.689517130883907	2	NEUT	1	1
IIICF_T_C4	chr6	57470288	57474068	120	0.706202	0.159268	7	ASCNA	4	1	3	1	1	2.24377338288587	0.714337364535386	4	AMP	3	1
IIICF_T_C4	chr6	57474173	57496422	626	0.685554	0.134074	3	HET	2	1	1	NA	NA	2.20339768569856	0.693008878477722	2	NEUT	1	1
IIICF_T_C4	chr6	57496452	57503309	163	0.688525	0.194659	7	ASCNA	4	1	3	1	1	2.30169491830465	0.695775773302836	4	AMP	3	1
IIICF_T_C4	chr6	57503317	57534965	1021	0.672414	0.128779	3	HET	2	1	1	NA	NA	2.19500125809845	0.679367458876386	2	NEUT	1	1
IIICF_T_C4	chr6	57535000	57537857	96	0.702229	0.187666	7	ASCNA	4	1	3	1	1	2.29013713306031	0.710046089460658	4	AMP	3	1
IIICF_T_C4	chr6	57537890	57562957	1052	0.67853	0.099981	3	HET	2	1	1	NA	NA	2.14987115048611	0.685881262139054	2	NEUT	1	1
IIICF_T_C4	chr6	57562969	57563969	41	0.727273	0.150838	7	ASCNA	4	1	3	1	1	2.23018496741852	0.736294320182748	4	AMP	3	1
IIICF_T_C4	chr6	57564012	72461500	6675	0.565217	-0.017116	3	HET	2	1	1	NA	NA	1.97536834286341	0.568139643636204	2	NEUT	1	1
IIICF_T_C4	chr6	72470447	74609863	1336	1	-0.934728	1	DLOH	1	0	1	1	1	1.0040685202842	1	1	HETD	1	0
IIICF_T_C4	chr6	74610034	74613213	39	1	-1.820736	6	ALOH	4	0	4	1	1	0.502687800475933	1	4	AMP	4	0
IIICF_T_C4	chr6	74640496	136596465	32875	1	-0.939912	1	DLOH	1	0	1	1	1	1.00014957850453	1	1	HETD	1	0
IIICF_T_C4	chr6	136597004	136599404	6	0.63026	-0.70801	8	BCNA	4	2	2	1	1	1.18999494118869	0.639950118657657	4	AMP	2	2
IIICF_T_C4	chr6	136608046	137973832	814	1	-0.963436	1	DLOH	1	0	1	1	1	0.982542042611962	1	1	HETD	1	0
IIICF_T_C4	chr6	137974348	137974865	5	0.53125	-0.844776	8	BCNA	4	2	2	1	1	1.07436023675224	0.533824916984222	4	AMP	2	2
IIICF_T_C4	chr6	137976047	153739554	9190	1	-0.932546	1	DLOH	1	0	1	1	1	1.00572225965641	1	1	HETD	1	0
IIICF_T_C4	chr6	153742307	153751925	318	0.575379	-0.693796	8	BCNA	4	2	2	1	1	1.20265367481398	0.58092746595358	4	AMP	2	2
IIICF_T_C4	chr6	153753285	154191010	565	1	-0.90505	1	DLOH	1	0	1	1	1	1.02677726494108	1	1	HETD	1	0
IIICF_T_C4	chr6	154215721	154215959	6	0.596525	-0.771505	8	BCNA	4	2	2	1	1	1.13494581853637	0.60405383566296	4	AMP	2	2
IIICF_T_C4	chr6	154258512	157730927	2350	1	-0.942557	1	DLOH	1	0	1	1	1	0.998155460106585	1	1	HETD	1	0
IIICF_T_C4	chr6	157731509	157733460	5	0.642857	-0.453856	8	BCNA	4	2	2	1	1	1.43628401996764	0.65166189808721	4	AMP	2	2
IIICF_T_C4	chr6	157735566	160629825	2364	1	-0.932976	1	DLOH	1	0	1	1	1	1.00539616443251	1	1	HETD	1	0
IIICF_T_C4	chr6	160640055	160640059	2	0.595833	-0.932339	8	BCNA	4	2	2	1	1	1.00587927504007	0.60426697598444	4	AMP	2	2
IIICF_T_C4	chr6	160640494	170898626	7766	1	-1.005456	1	DLOH	1	0	1	1	1	0.951796041082696	1	1	HETD	1	0
IIICF_T_C4	chr7	50571	19968944	16468	0.5625	0.022777	3	HET	2	1	1	NA	NA	2.0332348966757	0.565221169526756	2	NEUT	1	1
IIICF_T_C4	chr7	19980363	19989873	38	0.556848	0.382997	8	BCNA	4	2	2	1	1	2.63501172494424	0.558757834676861	4	AMP	2	2
IIICF_T_C4	chr7	20000202	62839692	26225	0.5625	0.005174	3	HET	2	1	1	NA	NA	2.00750361326256	0.565256048260645	2	NEUT	1	1
IIICF_T_C4	chr7	63310455	63602830	39	1	-1.062029	1	DLOH	1	0	1	1	1	0.911791015275245	1	1	HETD	1	0
IIICF_T_C4	chr7	63635068	63635726	17	0.551724	-1.061756	8	BCNA	4	2	2	1	1	0.911980322057506	0.556744763583281	4	AMP	2	2
IIICF_T_C4	chr7	63662328	65303862	680	1	-0.958532	1	DLOH	1	0	1	1	1	0.986188999940567	1	1	HETD	1	0
IIICF_T_C4	chr7	65303865	65309745	67	0.6	-0.975955	8	BCNA	4	2	2	1	1	0.973288061889236	0.60909539867296	4	AMP	2	2
IIICF_T_C4	chr7	65372984	66025641	415	1	-0.917724	1	DLOH	1	0	1	1	1	1.01702230938035	1	1	HETD	1	0
IIICF_T_C4	chr7	66027649	66029824	24	0.603571	-0.741979	8	BCNA	4	2	2	1	1	1.16024317697971	0.611473277613907	4	AMP	2	2
IIICF_T_C4	chr7	66030047	67627425	1349	1	-1.002449	1	DLOH	1	0	1	1	1	0.953966635644561	1	1	HETD	1	0
IIICF_T_C4	chr7	67630499	67633268	132	0.71875	-0.620267	7	ASCNA	4	1	3	1	1	1.27016622207044	0.733995814767406	4	AMP	3	1
IIICF_T_C4	chr7	67633317	67635685	79	0.606061	-0.620267	8	BCNA	4	2	2	1	1	1.27016622207044	0.613452937645924	4	AMP	2	2
IIICF_T_C4	chr7	67635856	100544499	15919	1	-0.955304	1	DLOH	1	0	1	1	1	0.988596340959395	1	1	HETD	1	0
IIICF_T_C4	chr7	100546643	100619263	431	0.580645	-0.94978	8	BCNA	4	2	2	1	1	0.992728482999053	0.587836344598726	4	AMP	2	2
IIICF_T_C4	chr7	100619624	100900621	150	1	-0.972478	1	DLOH	1	0	1	1	1	0.975850193458435	1	1	HETD	1	0
IIICF_T_C4	chr7	100908753	100908837	9	0.645161	-0.905944	8	BCNA	4	2	2	1	1	1.02608635603908	0.657684599626834	4	AMP	2	2
IIICF_T_C4	chr7	100909487	100932693	12	1	-0.881929	1	DLOH	1	0	1	1	1	1.04479537111372	1	1	HETD	1	0
IIICF_T_C4	chr7	100936811	100939314	78	0.694444	-0.820119	7	ASCNA	4	1	3	1	1	1.09440582817645	0.710172209517673	4	AMP	3	1
IIICF_T_C4	chr7	100964292	138028651	20231	1	-0.962407	1	DLOH	1	0	1	1	1	0.983306251614774	1	1	HETD	1	0
IIICF_T_C4	chr7	138029095	138029603	37	0.580645	-1.019621	8	BCNA	4	2	2	1	1	0.941631708109591	0.588226576270992	4	AMP	2	2
IIICF_T_C4	chr7	138030717	141272716	1384	1	-0.981442	1	DLOH	1	0	1	1	1	0.969257341823599	1	1	HETD	1	0
IIICF_T_C4	chr7	141279075	141279169	9	0.545455	-1.153512	8	BCNA	4	2	2	1	1	0.850329108524806	0.550187141827203	4	AMP	2	2
IIICF_T_C4	chr7	141280078	142002536	690	1	-0.989353	1	DLOH	1	0	1	1	1	0.963472882864507	1	1	HETD	1	0
IIICF_T_C4	chr7	142002603	142008959	87	0.592593	-0.995751	8	BCNA	4	2	2	1	1	0.958817861398674	0.601141800379573	4	AMP	2	2
IIICF_T_C4	chr7	142009088	142023231	51	0.909091	-0.995751	1	DLOH	1	0	1	1	1	0.958817861398674	0.946860996609679	1	HETD	1	0
IIICF_T_C4	chr7	142024434	142108130	105	0.72973	-1.056921	7	ASCNA	4	1	3	1	1	0.915339005228616	0.751947688817871	4	AMP	3	1
IIICF_T_C4	chr7	142108203	142134303	215	0.631579	-1.001851	8	BCNA	4	2	2	1	1	0.95439883985917	0.643783495037225	4	AMP	2	2
IIICF_T_C4	chr7	142134367	142136759	9	0.85	-1.001851	1	DLOH	1	0	1	1	1	0.95439883985917	0.882463943813442	1	HETD	1	0
IIICF_T_C4	chr7	142136783	142144135	71	0.666667	-1.001851	7	ASCNA	4	1	3	1	1	0.95439883985917	0.682126051781585	4	AMP	3	1
IIICF_T_C4	chr7	142144142	142163068	48	1	-1.002383	1	DLOH	1	0	1	1	1	0.954014328318476	1	1	HETD	1	0
IIICF_T_C4	chr7	142163380	142163826	21	0.7	-1.094995	7	ASCNA	4	1	3	1	1	0.88919268973689	0.719911191463201	4	AMP	3	1
IIICF_T_C4	chr7	142163861	142171447	63	0.8	-1.094995	1	DLOH	1	0	1	1	1	0.88919268973689	0.829866787194802	1	HETD	1	0
IIICF_T_C4	chr7	142171483	142172575	64	0.618347	-1.114521	8	BCNA	4	2	2	1	1	0.876049029490633	0.630305920449925	4	AMP	2	2
IIICF_T_C4	chr7	142172596	142191647	39	1	-1.113908	1	DLOH	1	0	1	1	1	0.876458963086665	1	1	HETD	1	0
IIICF_T_C4	chr7	142192443	142197983	30	0.601852	-0.980244	8	BCNA	4	2	2	1	1	0.97013607836626	0.611145943799171	4	AMP	2	2
IIICF_T_C4	chr7	142198547	142206473	11	1	-1.036902	1	DLOH	1	0	1	1	1	0.929365821876298	1	1	HETD	1	0
IIICF_T_C4	chr7	142216700	142247748	56	0.65	-1.053758	8	BCNA	4	2	2	1	1	0.917542314461776	0.664471991329971	4	AMP	2	2
IIICF_T_C4	chr7	142251528	142457132	240	1	-0.953385	1	DLOH	1	0	1	1	1	0.990030025844632	1	1	HETD	1	0
IIICF_T_C4	chr7	142457673	142462340	130	0.631579	-1.004442	8	BCNA	4	2	2	1	1	0.952527488635849	0.643807472189581	4	AMP	2	2
IIICF_T_C4	chr7	142462388	142467341	42	0.782609	-1.004442	1	DLOH	1	0	1	1	1	0.952527488635849	0.808873649351532	1	HETD	1	0
IIICF_T_C4	chr7	142467439	142467896	10	0.560386	-1.004442	8	BCNA	4	2	2	1	1	0.952527488635849	0.565998054519643	4	AMP	2	2
IIICF_T_C4	chr7	142469191	142474939	53	0.857143	-0.71372	1	DLOH	1	0	1	1	1	1.18494472785194	0.883824312275033	1	HETD	1	0
IIICF_T_C4	chr7	142475348	142489405	113	0.677419	-0.71372	7	ASCNA	4	1	3	1	1	1.18494472785194	0.690673555577245	4	AMP	3	1
IIICF_T_C4	chr7	142492130	142498687	11	1	-1.056299	1	DLOH	1	0	1	1	1	0.915771901758946	1	1	HETD	1	0
IIICF_T_C4	chr7	142498699	142499190	8	0.628136	-1.056299	8	BCNA	4	2	2	1	1	0.915771901758946	0.640522453736088	4	AMP	2	2
IIICF_T_C4	chr7	142501304	152070280	4305	1	-0.998543	1	DLOH	1	0	1	1	1	0.95679293451974	1	1	HETD	1	0
IIICF_T_C4	chr7	152073850	152077415	23	0.575	-0.768126	8	BCNA	4	2	2	1	1	1.13781472081234	0.580835161110542	4	AMP	2	2
IIICF_T_C4	chr7	152079600	152099191	22	0.736202	-0.690644	7	ASCNA	4	1	3	1	1	1.20547772449243	0.753547527722075	4	AMP	3	1
IIICF_T_C4	chr7	152099227	152099420	11	0.900662	-0.690644	1	DLOH	1	0	1	1	1	1.20547772449243	0.930084671392206	1	HETD	1	0
IIICF_T_C4	chr7	152099546	152099586	2	0.505865	-0.690644	8	BCNA	4	2	2	1	1	1.20547772449243	0.506295697115562	4	AMP	2	2
IIICF_T_C4	chr7	152099708	152099989	9	0.907609	-0.690644	1	DLOH	1	0	1	1	1	1.20547772449243	0.937541825332839	1	HETD	1	0
IIICF_T_C4	chr7	152100145	152100545	20	0.854708	-0.272741	7	ASCNA	4	1	3	1	1	1.64024206781746	0.873851712957263	4	AMP	3	1
IIICF_T_C4	chr7	152100555	152100743	9	0.55102	-0.272741	8	BCNA	4	2	2	1	1	1.64024206781746	0.553773566976441	4	AMP	2	2
IIICF_T_C4	chr7	152100760	152100790	3	0.963768	-0.272741	2	NLOH	2	0	2	1	1	1.64024206781746	0.988797718728542	2	NEUT	2	0
IIICF_T_C4	chr7	152100882	152119548	533	0.865672	-0.272741	7	ASCNA	4	1	3	1	1	1.64024206781746	0.885407443814372	4	AMP	3	1
IIICF_T_C4	chr7	152123115	159078217	4568	1	-1.030598	1	DLOH	1	0	1	1	1	0.933823326605237	1	1	HETD	1	0
IIICF_T_C4	chr8	198546	2079213	2114	0.566667	-0.139362	3	HET	2	1	1	NA	NA	1.8076898701025	0.569931751458069	2	NEUT	1	1
IIICF_T_C4	chr8	2080289	2099380	30	0.57107	-0.26401	8	BCNA	4	2	2	1	1	1.65073605660875	0.574881288410949	4	AMP	2	2
IIICF_T_C4	chr8	2100355	2205102	80	0.556624	-0.180019	3	HET	2	1	1	NA	NA	1.75499806327415	0.559480189644268	2	NEUT	1	1
IIICF_T_C4	chr8	2205231	2210345	66	0.743695	-0.206277	7	ASCNA	4	1	3	1	1	1.72174824183128	0.756224683675218	4	AMP	3	1
IIICF_T_C4	chr8	2210425	3669313	2288	0.567568	-0.141016	3	HET	2	1	1	NA	NA	1.80551717164739	0.570880856141182	2	NEUT	1	1
IIICF_T_C4	chr8	3670381	3679600	25	0.592593	-0.350818	8	BCNA	4	2	2	1	1	1.54916979922094	0.597884054926057	4	AMP	2	2
IIICF_T_C4	chr8	3680591	4169972	1498	0.564103	-0.127017	3	HET	2	1	1	NA	NA	1.82398520930922	0.567214144472577	2	NEUT	1	1
IIICF_T_C4	chr8	4170126	4189947	77	0.565217	-0.315003	8	BCNA	4	2	2	1	1	1.59033451125903	0.568847241106859	4	AMP	2	2
IIICF_T_C4	chr8	4190142	4979924	1314	0.56	-0.106776	3	HET	2	1	1	NA	NA	1.85100681762828	0.562869500920972	2	NEUT	1	1
IIICF_T_C4	chr8	4980053	4999841	93	0.551724	-0.249013	8	BCNA	4	2	2	1	1	1.66891019001914	0.554467609342815	4	AMP	2	2
IIICF_T_C4	chr8	5010045	88098933	53398	0.5625	-0.02608	3	HET	2	1	1	NA	NA	1.96258436761155	0.565319128152083	2	NEUT	1	1
IIICF_T_C4	chr8	88100696	118849146	16279	1	-0.960454	1	DLOH	1	0	1	1	1	0.984758188966548	1	1	HETD	1	0
IIICF_T_C4	chr8	118851563	132317922	9534	1	0.014252	2	NLOH	2	0	2	1	1	2.02073422179924	1	2	NEUT	2	0
IIICF_T_C4	chr8	132340405	132349653	30	1	0.329703	6	ALOH	4	0	4	1	1	2.53623830973819	1	4	AMP	4	0
IIICF_T_C4	chr8	132350134	137449255	2953	1	-0.043619	2	NLOH	2	0	2	1	1	1.93779977536598	1	2	NEUT	2	0
IIICF_T_C4	chr8	137449951	137449959	2	0.609408	-0.02119	3	HET	2	1	1	NA	NA	1.96954837532837	0.614325513527591	2	NEUT	1	1
IIICF_T_C4	chr8	137461613	140603502	2002	1	-0.057766	2	NLOH	2	0	2	1	1	1.91802683980106	1	2	NEUT	2	0
IIICF_T_C4	chr8	140603738	140606766	44	0.578901	0.06886	3	HET	2	1	1	NA	NA	2.10210281731461	0.582223704271027	2	NEUT	1	1
IIICF_T_C4	chr8	140606975	144936488	3143	1	0.001049	2	NLOH	2	0	2	1	1	2.00151914213183	1	2	NEUT	2	0
IIICF_T_C4	chr8	144940222	144940300	3	0.617021	-0.110948	3	HET	2	1	1	NA	NA	1.84540616361702	0.622634516127061	2	NEUT	1	1
IIICF_T_C4	chr8	144941181	146266138	270	1	0.027501	2	NLOH	2	0	2	1	1	2.04019383034024	1	2	NEUT	2	0
IIICF_T_C4	chr9	210128	8916449	7235	0.560976	-0.075413	3	HET	2	1	1	NA	NA	1.89363226926015	0.563826535290664	2	NEUT	1	1
IIICF_T_C4	chr9	8920159	8929909	24	0.596296	-0.320929	8	BCNA	4	2	2	1	1	1.58345259047168	0.601679519854697	4	AMP	2	2
IIICF_T_C4	chr9	8942036	38769613	21155	0.5625	-0.035035	3	HET	2	1	1	NA	NA	1.94989229395185	0.56533747818212	2	NEUT	1	1
IIICF_T_C4	chr9	66840056	66857820	86	0.594766	-0.344899	8	BCNA	4	2	2	1	1	1.55590263191085	0.600157793747653	4	AMP	2	2
IIICF_T_C4	chr9	66858207	66859077	8	0.832062	-0.333541	7	ASCNA	4	1	3	1	1	1.56889991599228	0.850798439971357	4	AMP	3	1
IIICF_T_C4	chr9	68410038	68410803	25	0.611111	-0.171551	3	HET	2	1	1	NA	NA	1.7658505667999	0.616681141702379	2	NEUT	1	1
IIICF_T_C4	chr9	68410928	68411063	11	0.778894	-0.171551	7	ASCNA	4	1	3	1	1	1.7658505667999	0.792875325880816	4	AMP	3	1
IIICF_T_C4	chr9	68411268	68412270	33	0.609756	-0.171551	3	HET	2	1	1	NA	NA	1.7658505667999	0.615258213756391	2	NEUT	1	1
IIICF_T_C4	chr9	68412272	68413418	50	0.714421	-0.171551	7	ASCNA	4	1	3	1	1	1.7658505667999	0.725170208934902	4	AMP	3	1
IIICF_T_C4	chr9	68413435	68414027	18	0.651538	-0.171551	3	HET	2	1	1	NA	NA	1.7658505667999	0.659134800796457	2	NEUT	1	1
IIICF_T_C4	chr9	68414110	68414143	3	0.733706	-0.171551	7	ASCNA	4	1	3	1	1	1.7658505667999	0.745421991546258	4	AMP	3	1
IIICF_T_C4	chr9	68414161	68414291	7	0.606612	-0.171551	3	HET	2	1	1	NA	NA	1.7658505667999	0.611956600869167	2	NEUT	1	1
IIICF_T_C4	chr9	68414303	68415500	29	0.704854	-0.171551	7	ASCNA	4	1	3	1	1	1.7658505667999	0.715123602544295	4	AMP	3	1
IIICF_T_C4	chr9	68415630	68415630	1	0.526393	-0.171551	3	HET	2	1	1	NA	NA	1.7658505667999	0.527716116072674	2	NEUT	1	1
IIICF_T_C4	chr9	68415652	68416705	28	0.698896	-0.171551	7	ASCNA	4	1	3	1	1	1.7658505667999	0.708866920107248	4	AMP	3	1
IIICF_T_C4	chr9	68416736	68416849	8	0.633509	-0.171551	3	HET	2	1	1	NA	NA	1.7658505667999	0.64020198312987	2	NEUT	1	1
IIICF_T_C4	chr9	68416856	68417110	8	0.787919	-0.171551	7	ASCNA	4	1	3	1	1	1.7658505667999	0.802352761093027	4	AMP	3	1
IIICF_T_C4	chr9	68417178	68417240	4	0.575868	-0.171551	3	HET	2	1	1	NA	NA	1.7658505667999	0.579671363399448	2	NEUT	1	1
IIICF_T_C4	chr9	68417244	68418375	38	0.710338	-0.171551	7	ASCNA	4	1	3	1	1	1.7658505667999	0.720882522733078	4	AMP	3	1
IIICF_T_C4	chr9	68418422	68418442	4	0.626949	-0.171551	3	HET	2	1	1	NA	NA	1.7658505667999	0.6333131216349	2	NEUT	1	1
IIICF_T_C4	chr9	68418500	68419253	15	0.728033	-0.171551	7	ASCNA	4	1	3	1	1	1.7658505667999	0.739464596536964	4	AMP	3	1
IIICF_T_C4	chr9	68419259	68419429	12	0.571745	-0.171551	3	HET	2	1	1	NA	NA	1.7658505667999	0.575341671944607	2	NEUT	1	1
IIICF_T_C4	chr9	68419434	68419569	8	0.816659	-0.171551	7	ASCNA	4	1	3	1	1	1.7658505667999	0.832533535386539	4	AMP	3	1
IIICF_T_C4	chr9	68419572	68419678	4	0.535449	-0.171551	3	HET	2	1	1	NA	NA	1.7658505667999	0.537226105355974	2	NEUT	1	1
IIICF_T_C4	chr9	68419692	68419693	2	0.818037	-0.171551	7	ASCNA	4	1	3	1	1	1.7658505667999	0.833980616353013	4	AMP	3	1
IIICF_T_C4	chr9	68419706	68419716	3	0.605852	-0.171551	3	HET	2	1	1	NA	NA	1.7658505667999	0.611158501061823	2	NEUT	1	1
IIICF_T_C4	chr9	68419718	68419718	1	0.838765	-0.171551	7	ASCNA	4	1	3	1	1	1.7658505667999	0.855747738466997	4	AMP	3	1
IIICF_T_C4	chr9	68419729	68419773	9	0.658333	-0.171551	3	HET	2	1	1	NA	NA	1.7658505667999	0.666270443152909	2	NEUT	1	1
IIICF_T_C4	chr9	68419804	68419804	1	0.851171	-0.171551	7	ASCNA	4	1	3	1	1	1.7658505667999	0.868775667690564	4	AMP	3	1
IIICF_T_C4	chr9	68419825	68419883	4	0.51279	-0.171551	3	HET	2	1	1	NA	NA	1.7658505667999	0.51343117965254	2	NEUT	1	1
IIICF_T_C4	chr9	68419952	68419957	2	0.770063	-0.171551	7	ASCNA	4	1	3	1	1	1.7658505667999	0.783601616145743	4	AMP	3	1
IIICF_T_C4	chr9	71071933	141017352	46556	0.5625	-0.012802	3	HET	2	1	1	NA	NA	1.98154910763522	0.565292147224741	2	NEUT	1	1
IIICF_T_C4	chr10	133947	9189602	8204	0.660714	0.537629	5	GAIN	3	1	2	1	1	2.94314619127459	0.665547981811451	3	GAIN	2	1
IIICF_T_C4	chr10	9191149	47019786	23118	0.565217	-0.017882	3	HET	2	1	1	NA	NA	1.9742728083312	0.568141265426777	2	NEUT	1	1
IIICF_T_C4	chr10	47019977	47055382	140	0.757882	-0.036381	7	ASCNA	4	1	3	1	1	1.94799138674519	0.769601177545993	4	AMP	3	1
IIICF_T_C4	chr10	47055668	47072657	60	0.666667	0.040764	3	HET	2	1	1	NA	NA	2.05985381732207	0.673829693275414	2	NEUT	1	1
IIICF_T_C4	chr10	47074284	47080907	23	0.775281	0.005696	7	ASCNA	4	1	3	1	1	2.00826214127517	0.787415418593442	4	AMP	3	1
IIICF_T_C4	chr10	47081103	127579791	52698	0.5625	-0.004119	3	HET	2	1	1	NA	NA	1.99404561394605	0.565274649086699	2	NEUT	1	1
IIICF_T_C4	chr10	127579898	127580338	11	0.815029	-0.140435	7	ASCNA	4	1	3	1	1	1.80628009087302	0.830468334481342	4	AMP	3	1
IIICF_T_C4	chr10	127580370	127584545	128	0.654176	-0.140435	3	HET	2	1	1	NA	NA	1.80628009087302	0.661732049865236	2	NEUT	1	1
IIICF_T_C4	chr10	127584546	127585856	50	0.717968	-0.140435	7	ASCNA	4	1	3	1	1	1.80628009087302	0.728650447832514	4	AMP	3	1
IIICF_T_C4	chr10	127585928	131559711	3535	0.565217	-0.090319	3	HET	2	1	1	NA	NA	1.87325795889181	0.568298955525145	2	NEUT	1	1
IIICF_T_C4	chr10	131560963	131580204	43	0.566667	-0.321444	8	BCNA	4	2	2	1	1	1.58285585001645	0.570395487429283	4	AMP	2	2
IIICF_T_C4	chr10	131581873	132426669	646	0.566667	-0.142288	3	HET	2	1	1	NA	NA	1.80384796292648	0.569938704855646	2	NEUT	1	1
IIICF_T_C4	chr10	132428368	132439825	22	0.568462	-0.368666	8	BCNA	4	2	2	1	1	1.5290342159365	0.572425651975133	4	AMP	2	2
IIICF_T_C4	chr10	132452185	135424194	2716	0.566667	-0.126196	3	HET	2	1	1	NA	NA	1.82507387824141	0.569900654379427	2	NEUT	1	1
IIICF_T_C4	chr11	190010	190488	15	0.746479	-0.376798	7	ASCNA	4	1	3	1	1	1.51994221538964	0.760834422613581	4	AMP	3	1
IIICF_T_C4	chr11	190551	191428	28	0.573918	-0.376798	8	BCNA	4	2	2	1	1	1.51994221538964	0.578223129965436	4	AMP	2	2
IIICF_T_C4	chr11	191956	199813	27	0.756757	-0.376798	7	ASCNA	4	1	3	1	1	1.51994221538964	0.771711033584992	4	AMP	3	1
IIICF_T_C4	chr11	202253	1015021	732	0.888889	-0.766835	1	DLOH	1	0	1	1	1	1.1389126052417	0.91911623314487	1	HETD	1	0
IIICF_T_C4	chr11	1016704	1018374	56	0.636863	-0.857405	7	ASCNA	4	1	3	1	1	1.06422505360542	0.64824754591803	4	AMP	3	1
IIICF_T_C4	chr11	1022187	19849415	13528	0.888889	-0.769279	1	DLOH	1	0	1	1	1	1.13683502369715	0.919171473826601	1	HETD	1	0
IIICF_T_C4	chr11	19849631	19849691	5	0.512195	-0.655511	8	BCNA	4	2	2	1	1	1.23737653367757	0.513067455059511	4	AMP	2	2
IIICF_T_C4	chr11	19852855	48340048	18967	0.888889	-0.800901	1	DLOH	1	0	1	1	1	1.1102689477862	0.919896060873778	1	HETD	1	0
IIICF_T_C4	chr11	48340191	48388782	1159	0.5625	-0.763437	8	BCNA	4	2	2	1	1	1.14180701230124	0.56734563221452	4	AMP	2	2
IIICF_T_C4	chr11	48389838	48805195	40	0.865152	-0.82393	1	DLOH	1	0	1	1	1	1.09128514223854	0.894772922357424	1	HETD	1	0
IIICF_T_C4	chr11	48810667	48946422	76	0.786041	-0.753494	7	ASCNA	4	1	3	1	1	1.15031569744703	0.808053753876904	4	AMP	3	1
IIICF_T_C4	chr11	49921851	50643139	950	0.888889	-0.875482	1	DLOH	1	0	1	1	1	1.04987119259449	0.921679857671975	1	HETD	1	0
IIICF_T_C4	chr11	55673041	121877119	41283	0.5625	0.026373	3	HET	2	1	1	NA	NA	2.03853009984783	0.565214101127074	2	NEUT	1	1
IIICF_T_C4	chr11	121879784	121887012	15	0.576923	0.356918	8	BCNA	4	2	2	1	1	2.58622179746983	0.579556016508642	4	AMP	2	2
IIICF_T_C4	chr11	121890280	134528720	9379	0.565217	-0.03891	3	HET	2	1	1	NA	NA	1.94442456438235	0.568186154896612	2	NEUT	1	1
IIICF_T_C4	chr11	134532846	134539450	22	0.56	-0.36275	8	BCNA	4	2	2	1	1	1.53568089045923	0.563458704084232	4	AMP	2	2
IIICF_T_C4	chr11	134540453	134658100	120	0.56	-0.177708	3	HET	2	1	1	NA	NA	1.75795350046345	0.563021391502397	2	NEUT	1	1
IIICF_T_C4	chr11	134662127	134753958	52	0.57107	-0.299191	8	BCNA	4	2	2	1	1	1.60883608160905	0.574980548298865	4	AMP	2	2
IIICF_T_C4	chr11	134763304	134939292	221	0.565217	-0.157815	3	HET	2	1	1	NA	NA	1.78359051798179	0.568453896394225	2	NEUT	1	1
IIICF_T_C4	chr12	190980	133819755	85806	0.5625	0.013872	3	HET	2	1	1	NA	NA	2.02017872481914	0.565238756117762	2	NEUT	1	1
IIICF_T_C4	chr13	20140719	24819358	3812	0.565217	-0.067462	3	HET	2	1	1	NA	NA	1.9045865153538	0.568248260417885	2	NEUT	1	1
IIICF_T_C4	chr13	24820723	24829216	21	0.541667	-0.340877	8	BCNA	4	2	2	1	1	1.5604934243147	0.544030705828587	4	AMP	2	2
IIICF_T_C4	chr13	24830330	63630027	25261	0.564103	-0.065621	3	HET	2	1	1	NA	NA	1.90713151573153	0.567078506122779	2	NEUT	1	1
IIICF_T_C4	chr13	63630049	63634760	254	0.777778	-0.057339	7	ASCNA	4	1	3	1	1	1.91862081439376	0.790594570519559	4	AMP	3	1
IIICF_T_C4	chr13	63634768	63634846	5	0.546012	-0.057339	3	HET	2	1	1	NA	NA	1.91862081439376	0.548134976055505	2	NEUT	1	1
IIICF_T_C4	chr13	63634859	63637963	215	0.78169	-0.057339	7	ASCNA	4	1	3	1	1	1.91862081439376	0.794687068701101	4	AMP	3	1
IIICF_T_C4	chr13	63638002	63639355	67	0.688889	-0.057339	3	HET	2	1	1	NA	NA	1.91862081439376	0.697604266107715	2	NEUT	1	1
IIICF_T_C4	chr13	63639367	63640828	76	0.752159	0.026465	7	ASCNA	4	1	3	1	1	2.038665745463	0.763108431832649	4	AMP	3	1
IIICF_T_C4	chr13	63641470	63641749	22	0.643185	0.026465	3	HET	2	1	1	NA	NA	2.038665745463	0.649402483401179	2	NEUT	1	1
IIICF_T_C4	chr13	63641766	63648786	316	0.743087	0.026465	7	ASCNA	4	1	3	1	1	2.038665745463	0.753642500838372	4	AMP	3	1
IIICF_T_C4	chr13	63648864	85358663	14195	0.565217	-0.085764	3	HET	2	1	1	NA	NA	1.87946165406385	0.568288782658585	2	NEUT	1	1
IIICF_T_C4	chr13	85360823	85371198	19	0.535714	-0.370927	8	BCNA	4	2	2	1	1	1.52650115411864	0.537785116333839	4	AMP	2	2
IIICF_T_C4	chr13	85373311	104309595	12188	0.5625	-0.081581	3	HET	2	1	1	NA	NA	1.88517598127346	0.565434886130808	2	NEUT	1	1
IIICF_T_C4	chr13	104310024	104315327	19	0.555556	-0.406842	8	BCNA	4	2	2	1	1	1.48679240500194	0.55886383449446	4	AMP	2	2
IIICF_T_C4	chr13	104323340	106689641	2040	0.564103	-0.092124	3	HET	2	1	1	NA	NA	1.87080504757195	0.567136283189699	2	NEUT	1	1
IIICF_T_C4	chr13	106692804	106699643	16	0.542228	-0.359273	8	BCNA	4	2	2	1	1	1.53960006428599	0.544656039394236	4	AMP	2	2
IIICF_T_C4	chr13	106700651	115093704	6425	0.566667	-0.107753	3	HET	2	1	1	NA	NA	1.84969380240719	0.569857613566133	2	NEUT	1	1
IIICF_T_C4	chr14	20211239	107268223	58400	0.5625	0.014747	3	HET	2	1	1	NA	NA	2.02145804917773	0.565237022835484	2	NEUT	1	1
IIICF_T_C4	chr15	21910347	21915540	32	0.816296	-0.044497	7	ASCNA	4	1	3	1	1	1.93656696361978	0.830754535887534	4	AMP	3	1
IIICF_T_C4	chr15	21915841	21918142	18	0.625822	-0.044497	3	HET	2	1	1	NA	NA	1.93656696361978	0.631573580489293	2	NEUT	1	1
IIICF_T_C4	chr15	21918684	22478872	82	0.744444	-0.064757	7	ASCNA	4	1	3	1	1	1.90832703044433	0.755783390623808	4	AMP	3	1
IIICF_T_C4	chr15	22479461	22489988	116	0.670058	-0.095803	3	HET	2	1	1	NA	NA	1.86581494934955	0.678126478297503	2	NEUT	1	1
IIICF_T_C4	chr15	22500808	22519950	48	0.751515	-0.223817	7	ASCNA	4	1	3	1	1	1.69987255553104	0.764613171274359	4	AMP	3	1
IIICF_T_C4	chr15	22530101	99908667	47298	0.5625	-0.007261	3	HET	2	1	1	NA	NA	1.98951498571856	0.565280967663621	2	NEUT	1	1
IIICF_T_C4	chr15	99939772	102115207	1964	0.666667	0.538662	5	GAIN	3	1	2	1	1	2.94531770855112	0.671676341112109	3	GAIN	2	1
IIICF_T_C4	chr16	94168	2069357	1212	0.5625	0.018149	3	HET	2	1	1	NA	NA	2.02643944178486	0.565230294687069	2	NEUT	1	1
IIICF_T_C4	chr16	2070200	2089028	25	0.566667	0.27853	8	BCNA	4	2	2	1	1	2.44476869410285	0.569080994482746	4	AMP	2	2
IIICF_T_C4	chr16	2091306	10789867	8549	0.564103	-0.027562	3	HET	2	1	1	NA	NA	1.96047845998281	0.566997539071883	2	NEUT	1	1
IIICF_T_C4	chr16	10790270	10809263	47	0.5625	0.367169	8	BCNA	4	2	2	1	1	2.60529475847997	0.564623666361959	4	AMP	2	2
IIICF_T_C4	chr16	10810647	33939800	13275	0.566667	-0.017679	3	HET	2	1	1	NA	NA	1.97456308263697	0.569655842539926	2	NEUT	1	1
IIICF_T_C4	chr16	33939927	33940718	19	0.712821	-0.1347	7	ASCNA	4	1	3	1	1	1.81382730696469	0.723207797867064	4	AMP	3	1
IIICF_T_C4	chr16	33940755	33946086	141	0.655556	-0.1347	3	HET	2	1	1	NA	NA	1.81382730696469	0.663147960986035	2	NEUT	1	1
IIICF_T_C4	chr16	33946162	33946290	11	0.71875	-0.1347	7	ASCNA	4	1	3	1	1	1.81382730696469	0.729426164633284	4	AMP	3	1
IIICF_T_C4	chr16	33946311	33949551	30	0.631731	-0.1347	3	HET	2	1	1	NA	NA	1.81382730696469	0.638160174140833	2	NEUT	1	1
IIICF_T_C4	chr16	33950086	33959284	227	0.641026	-0.295874	8	BCNA	4	2	2	1	1	1.61274309032983	0.648767001195174	4	AMP	2	2
IIICF_T_C4	chr16	33960165	33964467	199	0.615385	-0.160501	3	HET	2	1	1	NA	NA	1.78010826948466	0.621123073053721	2	NEUT	1	1
IIICF_T_C4	chr16	33964487	33964714	20	0.824186	-0.160501	7	ASCNA	4	1	3	1	1	1.78010826948466	0.840307705169595	4	AMP	3	1
IIICF_T_C4	chr16	33964718	33965025	28	0.602212	-0.160501	3	HET	2	1	1	NA	NA	1.78010826948466	0.607294982389106	2	NEUT	1	1
IIICF_T_C4	chr16	33965042	33965203	23	0.751825	-0.160501	7	ASCNA	4	1	3	1	1	1.78010826948466	0.764348207061172	4	AMP	3	1
IIICF_T_C4	chr16	33965210	33965627	37	0.605042	-0.160501	3	HET	2	1	1	NA	NA	1.78010826948466	0.610265717725085	2	NEUT	1	1
IIICF_T_C4	chr16	33965644	33965887	28	0.686082	-0.160501	7	ASCNA	4	1	3	1	1	1.78010826948466	0.69533582077378	4	AMP	3	1
IIICF_T_C4	chr16	33965898	33966063	14	0.62456	-0.160501	3	HET	2	1	1	NA	NA	1.78010826948466	0.63075434397514	2	NEUT	1	1
IIICF_T_C4	chr16	33966066	33966263	25	0.708502	-0.160501	7	ASCNA	4	1	3	1	1	1.78010826948466	0.718870762905464	4	AMP	3	1
IIICF_T_C4	chr16	33966265	33966357	13	0.59761	-0.160501	3	HET	2	1	1	NA	NA	1.78010826948466	0.602464125846286	2	NEUT	1	1
IIICF_T_C4	chr16	33966358	33967935	78	0.704432	-0.160501	7	ASCNA	4	1	3	1	1	1.78010826948466	0.714598362616617	4	AMP	3	1
IIICF_T_C4	chr16	33967943	33968341	17	0.598616	-0.160501	3	HET	2	1	1	NA	NA	1.78010826948466	0.60352015402579	2	NEUT	1	1
IIICF_T_C4	chr16	33968384	33970057	54	0.734572	-0.160501	7	ASCNA	4	1	3	1	1	1.78010826948466	0.746237218809702	4	AMP	3	1
IIICF_T_C4	chr16	33970066	33970079	3	0.567219	-0.199054	3	HET	2	1	1	NA	NA	1.73083428287891	0.570656951098542	2	NEUT	1	1
IIICF_T_C4	chr16	33970103	33971112	38	0.708478	-0.199054	7	ASCNA	4	1	3	1	1	1.73083428287891	0.719140716927087	4	AMP	3	1
IIICF_T_C4	chr16	33971209	33971372	11	0.540832	-0.199054	3	HET	2	1	1	NA	NA	1.73083428287891	0.542920374109339	2	NEUT	1	1
IIICF_T_C4	chr16	33971435	33971510	3	0.776753	-0.199054	7	ASCNA	4	1	3	1	1	1.73083428287891	0.790907677700871	4	AMP	3	1
IIICF_T_C4	chr16	33971534	33971706	7	0.52657	-0.199054	3	HET	2	1	1	NA	NA	1.73083428287891	0.527928936620424	2	NEUT	1	1
IIICF_T_C4	chr16	33971898	33972503	14	0.718824	-0.199054	7	ASCNA	4	1	3	1	1	1.73083428287891	0.730015868536982	4	AMP	3	1
IIICF_T_C4	chr16	33972649	33972854	8	0.58341	-0.199054	3	HET	2	1	1	NA	NA	1.73083428287891	0.58767604830672	2	NEUT	1	1
IIICF_T_C4	chr16	33972874	33972956	3	0.727811	-0.199054	7	ASCNA	4	1	3	1	1	1.73083428287891	0.739462513377318	4	AMP	3	1
IIICF_T_C4	chr16	33972991	33973065	5	0.604706	-0.199054	3	HET	2	1	1	NA	NA	1.73083428287891	0.610061243424091	2	NEUT	1	1
IIICF_T_C4	chr16	33973095	33973112	3	0.765957	-0.199054	7	ASCNA	4	1	3	1	1	1.73083428287891	0.779559510604367	4	AMP	3	1
IIICF_T_C4	chr16	33973134	33976182	19	0.630027	-0.199054	3	HET	2	1	1	NA	NA	1.73083428287891	0.636677299282794	2	NEUT	1	1
IIICF_T_C4	chr16	33976209	33978389	60	0.68313	-0.199054	7	ASCNA	4	1	3	1	1	1.73083428287891	0.692496280139187	4	AMP	3	1
IIICF_T_C4	chr16	33978443	34189893	427	0.625	-0.066665	3	HET	2	1	1	NA	NA	1.90568789037452	0.630806592852395	2	NEUT	1	1
IIICF_T_C4	chr16	34189916	34192205	71	0.767442	-0.074734	7	ASCNA	4	1	3	1	1	1.89456538480304	0.779938349112533	4	AMP	3	1
IIICF_T_C4	chr16	34192263	34193860	61	0.66242	-0.074734	3	HET	2	1	1	NA	NA	1.89456538480304	0.670009148386781	2	NEUT	1	1
IIICF_T_C4	chr16	34193864	34196747	182	0.723694	-0.074734	7	ASCNA	4	1	3	1	1	1.89456538480304	0.734146203911049	4	AMP	3	1
IIICF_T_C4	chr16	34196782	81063537	22256	0.5625	-0.029251	3	HET	2	1	1	NA	NA	1.95808104350255	0.565325611769202	2	NEUT	1	1
IIICF_T_C4	chr16	81071435	90149995	9223	0.641026	0.489779	5	GAIN	3	1	2	1	1	2.84424371130623	0.645415302555237	3	GAIN	2	1
IIICF_T_C4	chr17	828	159851	150	0.57634	-0.054708	3	HET	2	1	1	NA	NA	1.92228452511109	0.579855585157707	2	NEUT	1	1
IIICF_T_C4	chr17	160523	169399	15	0.533333	0.344696	8	BCNA	4	2	2	1	1	2.56365800854675	0.534484005632391	4	AMP	2	2
IIICF_T_C4	chr17	170989	21231819	15879	0.565217	-0.045082	3	HET	2	1	1	NA	NA	1.93574597354526	0.568199466602193	2	NEUT	1	1
IIICF_T_C4	chr17	21231832	21233204	26	0.811823	-0.068587	7	ASCNA	4	1	3	1	1	1.9030329120392	0.826328242129277	4	AMP	3	1
IIICF_T_C4	chr17	21233211	21250056	639	0.670886	-0.060372	3	HET	2	1	1	NA	NA	1.91440559445369	0.678787975264494	2	NEUT	1	1
IIICF_T_C4	chr17	21250094	21251654	42	0.727273	-0.023782	7	ASCNA	4	1	3	1	1	1.96585408421068	0.73750733672897	4	AMP	3	1
IIICF_T_C4	chr17	21251707	41380756	6624	0.564103	-0.012723	3	HET	2	1	1	NA	NA	1.98166246512406	0.566966596400434	2	NEUT	1	1
IIICF_T_C4	chr17	41380772	41383321	23	0.833333	0.024886	7	ASCNA	4	1	3	1	1	2.03633885324077	0.847823767879789	4	AMP	3	1
IIICF_T_C4	chr17	41383772	41397495	23	0.5625	0.049539	3	HET	2	1	1	NA	NA	2.07296086173577	0.56516902137117	2	NEUT	1	1
IIICF_T_C4	chr17	41399826	41400913	5	0.721884	0.110098	7	ASCNA	4	1	3	1	1	2.16562322293924	0.730953977777938	4	AMP	3	1
IIICF_T_C4	chr17	41401202	41462677	144	0.574176	0.056615	3	HET	2	1	1	NA	NA	2.08358836016002	0.57732748049661	2	NEUT	1	1
IIICF_T_C4	chr17	41463668	41463846	22	0.836419	0.208739	7	ASCNA	4	1	3	1	1	2.32513649655655	0.849227409347297	4	AMP	3	1
IIICF_T_C4	chr17	41464322	46529564	2359	0.564103	0.03426	3	HET	2	1	1	NA	NA	2.05019023483295	0.56687088046572	2	NEUT	1	1
IIICF_T_C4	chr17	46530731	54369322	5251	0.666667	0.571729	5	GAIN	3	1	2	1	1	3.01565729672345	0.67155949925769	3	GAIN	2	1
IIICF_T_C4	chr17	54390384	54404054	19	1	-0.194775	2	NLOH	2	0	2	1	1	1.73623846896795	1	2	NEUT	2	0
IIICF_T_C4	chr17	54429889	81130897	18166	0.666667	0.561477	5	GAIN	3	1	2	1	1	2.99367672266505	0.6715954216208	3	GAIN	2	1
IIICF_T_C4	chr18	131139	76929857	51326	0.5625	-0.047584	3	HET	2	1	1	NA	NA	1.93223841638134	0.565363402774039	2	NEUT	1	1
IIICF_T_C4	chr18	76930914	77912269	588	0.674419	0.438578	5	GAIN	3	1	2	1	1	2.74198556697869	0.680050080866664	3	GAIN	2	1
IIICF_T_C4	chr18	77941153	78002055	2	1	0.050002	2	NLOH	2	0	2	1	1	2.07365465236054	1	2	NEUT	2	0
IIICF_T_C4	chr19	267213	7860029	5183	1	-0.955725	1	DLOH	1	0	1	1	1	0.988282066858783	1	1	HETD	1	0
IIICF_T_C4	chr19	7861495	7862405	32	0.632863	-0.891879	8	BCNA	4	2	2	1	1	1.03700596665501	0.644204903181104	4	AMP	2	2
IIICF_T_C4	chr19	7864648	8999311	619	1	-0.939765	1	DLOH	1	0	1	1	1	1.00026051202001	1	1	HETD	1	0
IIICF_T_C4	chr19	8999383	9003014	11	0.704545	-0.93413	8	BCNA	4	2	2	1	1	1.00452149613554	0.722570726173714	4	AMP	2	2
IIICF_T_C4	chr19	9003645	11296855	1395	1	-0.951163	1	DLOH	1	0	1	1	1	0.991692466227998	1	1	HETD	1	0
IIICF_T_C4	chr19	11297258	11306007	27	0.608696	-0.349966	8	BCNA	4	2	2	1	1	1.55013724385347	0.614903354492835	4	AMP	2	2
IIICF_T_C4	chr19	11315343	59084660	26835	0.565217	-0.006629	3	HET	2	1	1	NA	NA	1.99042550982641	0.568117534427401	2	NEUT	1	1
IIICF_T_C4	chr20	62731	58339917	35916	0.5625	-0.00223	3	HET	2	1	1	NA	NA	1.99677422346485	0.565270857504346	2	NEUT	1	1
IIICF_T_C4	chr20	58340079	58348733	35	0.580645	-0.314527	8	BCNA	4	2	2	1	1	1.59088852210711	0.585132462518594	4	AMP	2	2
IIICF_T_C4	chr20	58350207	62909908	3419	0.564103	-0.025593	3	HET	2	1	1	NA	NA	1.96327686226137	0.566993413273382	2	NEUT	1	1
IIICF_T_C4	chr21	15412436	48099610	25630	0.5625	-0.053544	3	HET	2	1	1	NA	NA	1.92390754732207	0.565375801828042	2	NEUT	1	1
IIICF_T_C4	chr22	17046530	51174142	23418	0.5625	-0.014895	3	HET	2	1	1	NA	NA	1.97854811124418	0.565296382261381	2	NEUT	1	1
IIICF_T_C4	chrX	2700027	142789453	44228	0.566667	-0.077957	3	HET	2	1	1	NA	NA	1.89014008059291	0.569789339026482	2	NEUT	1	1
IIICF_T_C4	chrX	142790988	142809827	41	0.56	-0.2885	8	BCNA	4	2	2	1	1	1.62146098415162	0.563275728383121	2	HLAMP	2	2
IIICF_T_C4	chrX	142812009	154929412	4741	0.571429	-0.132887	3	HET	2	1	1	NA	NA	1.81621944918677	0.574910523928784	2	NEUT	1	1
