Sample	Chromosome	Start_Position.bp.	End_Position.bp.	Length.snp.	Median_Ratio	Median_logR	TITAN_state	TITAN_call	Copy_Number	MinorCN	MajorCN	Clonal_Cluster	Cellular_Prevalence	logR_Copy_Number	Corrected_Ratio	Corrected_Copy_Number	Corrected_Call	Corrected_MajorCN	Corrected_MinorCN
IIICF_T_B3	chr1	820979	16805181	10126	0.571429	0.053244	3	HET	2	1	1	NA	NA	2.07577351781841	0.571962342345635	2	NEUT	1	1
IIICF_T_B3	chr1	16930034	17232843	329	0.73	0.131093	5	GAIN	3	1	2	1	1	2.19172046497287	0.731626500258912	3	GAIN	2	1
IIICF_T_B3	chr1	17232908	72111587	32778	0.560976	0.181701	3	HET	2	1	1	NA	NA	2.27052110366521	0.561392240996038	2	NEUT	1	1
IIICF_T_B3	chr1	72112761	72209179	14	1	-0.739414	1	DLOH	1	0	1	1	1	1.19174972030351	1	1	HETD	1	0
IIICF_T_B3	chr1	72257177	72265104	2	0.585082	0.021568	3	HET	2	1	1	NA	NA	2.03035766292933	0.585731496185554	2	NEUT	1	1
IIICF_T_B3	chr1	72280304	72511673	196	1	-0.826224	1	DLOH	1	0	1	1	1	1.12124935287386	1	1	HETD	1	0
IIICF_T_B3	chr1	72544704	85579428	9319	0.555556	0.203739	3	HET	2	1	1	NA	NA	2.305709462325	0.555929454632459	2	NEUT	1	1
IIICF_T_B3	chr1	85581241	85943856	456	0.555556	0.35759	5	GAIN	3	1	2	1	1	2.56692718279277	0.555891450840048	3	GAIN	2	1
IIICF_T_B3	chr1	85944749	86000885	235	0.546667	0.336045	3	HET	2	1	1	NA	NA	2.52864813618436	0.546953044067863	2	NEUT	1	1
IIICF_T_B3	chr1	86001576	86589703	371	0.555556	0.36903	5	GAIN	3	1	2	1	1	2.58748620605491	0.555888785495743	3	GAIN	2	1
IIICF_T_B3	chr1	86600952	93518578	3500	0.555556	0.283849	3	HET	2	1	1	NA	NA	2.4382473181199	0.555909154445577	2	NEUT	1	1
IIICF_T_B3	chr1	93520831	94469631	602	0.555556	0.370603	5	GAIN	3	1	2	1	1	2.59032584230382	0.555888420680729	3	GAIN	2	1
IIICF_T_B3	chr1	94479483	98410616	2560	0.555556	0.290258	3	HET	2	1	1	NA	NA	2.44917204153198	0.555907579172556	2	NEUT	1	1
IIICF_T_B3	chr1	98414977	98499843	128	0.561404	0.405267	5	GAIN	3	1	2	1	1	2.65369490771138	0.561762638686711	3	GAIN	2	1
IIICF_T_B3	chr1	98500649	100785253	1517	0.555556	0.31319	3	HET	2	1	1	NA	NA	2.48866162814424	0.555902000384332	2	NEUT	1	1
IIICF_T_B3	chr1	100795649	101039229	136	0.566392	0.394529	5	GAIN	3	1	2	1	1	2.63390180842286	0.566782685807352	3	GAIN	2	1
IIICF_T_B3	chr1	101039979	108695853	4377	0.555556	0.230603	3	HET	2	1	1	NA	NA	2.34933693409694	0.555922519534645	2	NEUT	1	1
IIICF_T_B3	chr1	108710185	109789092	384	0.552632	0.381956	5	GAIN	3	1	2	1	1	2.6109127578359	0.552944441688812	3	GAIN	2	1
IIICF_T_B3	chr1	109796757	112948319	2111	0.555556	0.288043	3	HET	2	1	1	NA	NA	2.44539088327367	0.555908122797913	2	NEUT	1	1
IIICF_T_B3	chr1	112951159	113208039	260	0.555556	0.386389	5	GAIN	3	1	2	1	1	2.61899540193572	0.55588478174554	3	GAIN	2	1
IIICF_T_B3	chr1	113210534	144949971	4309	0.555556	0.305735	3	HET	2	1	1	NA	NA	2.47575497217564	0.555903804160544	2	NEUT	1	1
IIICF_T_B3	chr1	144990138	145008568	126	0.607129	0.368696	5	GAIN	3	1	2	1	1	2.58688365562174	0.607770861930035	3	GAIN	2	1
IIICF_T_B3	chr1	145008577	145014411	47	0.538961	0.320205	3	HET	2	1	1	NA	NA	2.50086758015611	0.539202463150151	2	NEUT	1	1
IIICF_T_B3	chr1	145014718	145035418	172	0.645312	0.373611	5	GAIN	3	1	2	1	1	2.59576462099207	0.646179656120903	3	GAIN	2	1
IIICF_T_B3	chr1	145035611	145037984	23	0.518519	0.367266	3	HET	2	1	1	NA	NA	2.58430545040984	0.518630067028209	2	NEUT	1	1
IIICF_T_B3	chr1	145038132	145044632	46	0.714616	0.350749	5	GAIN	3	1	2	1	1	2.55471076861707	0.715918062469958	3	GAIN	2	1
IIICF_T_B3	chr1	145044985	145066903	112	0.546489	0.350749	3	HET	2	1	1	NA	NA	2.55471076861707	0.546771045989888	2	NEUT	1	1
IIICF_T_B3	chr1	145067094	145738955	491	0.621622	0.411903	5	GAIN	3	1	2	1	1	2.66600074614736	0.622329071508688	3	GAIN	2	1
IIICF_T_B3	chr1	146510112	149213933	676	0.575	0.274081	3	HET	2	1	1	NA	NA	2.42168994555546	0.575480014314099	2	NEUT	1	1
IIICF_T_B3	chr1	149215725	149225093	137	0.66055	0.28076	5	GAIN	3	1	2	1	1	2.43299914416555	0.661572774325078	3	GAIN	2	1
IIICF_T_B3	chr1	149225448	150170612	162	0.56466	0.28076	3	HET	2	1	1	NA	NA	2.43299914416555	0.565071912724133	2	NEUT	1	1
IIICF_T_B3	chr1	150171399	151686983	881	0.558824	0.352663	5	GAIN	3	1	2	1	1	2.55812288730117	0.559180405677118	3	GAIN	2	1
IIICF_T_B3	chr1	151689611	152179792	170	0.55814	0.302483	3	HET	2	1	1	NA	NA	2.47014572384011	0.558504807632626	2	NEUT	1	1
IIICF_T_B3	chr1	152191709	152259742	99	0.560976	0.368085	5	GAIN	3	1	2	1	1	2.5857817461605	0.561341492550606	3	GAIN	2	1
IIICF_T_B3	chr1	152280032	179038609	16462	0.558824	0.235132	3	HET	2	1	1	NA	NA	2.3567724431966	0.559210855134203	2	NEUT	1	1
IIICF_T_B3	chr1	179040077	179099021	78	0.582775	0.476805	5	GAIN	3	1	2	1	1	2.78938697533337	0.583234940744954	3	GAIN	2	1
IIICF_T_B3	chr1	179111060	214576614	21767	0.555556	0.218631	3	HET	2	1	1	NA	NA	2.32979387628535	0.555925594017983	2	NEUT	1	1
IIICF_T_B3	chr1	214656066	214656697	22	0.7335	0.414849	5	GAIN	3	1	2	1	1	2.67148199476743	0.734854709252497	3	GAIN	2	1
IIICF_T_B3	chr1	215017312	249215241	23675	0.558824	0.191853	3	HET	2	1	1	NA	NA	2.28666417227437	0.559222715968376	2	NEUT	1	1
IIICF_T_B3	chr2	38938	37966204	26598	0.5625	0.101199	3	HET	2	1	1	NA	NA	2.14645538026433	0.562951304450143	2	NEUT	1	1
IIICF_T_B3	chr2	37966305	37969969	126	0.69604	0.227976	5	GAIN	3	1	2	1	1	2.34503472753937	0.697335707220252	3	GAIN	2	1
IIICF_T_B3	chr2	37970043	37979993	360	0.696699	0.07891	3	HET	2	1	1	NA	NA	2.11331083102193	0.69814161431284	2	NEUT	1	1
IIICF_T_B3	chr2	37980014	38001556	699	0.692308	0.332135	5	GAIN	3	1	2	1	1	2.52176230914903	0.693489965133071	3	GAIN	2	1
IIICF_T_B3	chr2	38001663	133008199	51773	0.558824	0.169763	3	HET	2	1	1	NA	NA	2.25168281164801	0.559228910280916	2	NEUT	1	1
IIICF_T_B3	chr2	133008219	133020059	728	0.676923	0.244125	5	GAIN	3	1	2	1	1	2.37160611857991	0.67807925386198	3	GAIN	2	1
IIICF_T_B3	chr2	133020074	162135255	18060	0.56	0.129842	3	HET	2	1	1	NA	NA	2.1898073544426	0.560424675106079	2	NEUT	1	1
IIICF_T_B3	chr2	162135292	162138921	33	0.737705	0.001656	5	GAIN	3	1	2	1	1	2.00231482261733	0.739544998284935	3	GAIN	2	1
IIICF_T_B3	chr2	162138962	233236078	42021	0.56	0.098483	3	HET	2	1	1	NA	NA	2.14238913965366	0.560434074582123	2	NEUT	1	1
IIICF_T_B3	chr2	233240817	233324531	39	0.62069	0.441697	5	GAIN	3	1	2	1	1	2.72195385749558	0.621377229813849	3	GAIN	2	1
IIICF_T_B3	chr2	233357370	242999159	8014	0.5625	0.0647	3	HET	2	1	1	NA	NA	2.09244578244091	0.562962953388459	2	NEUT	1	1
IIICF_T_B3	chr3	60197	4025922	4103	0.55814	0.158557	3	HET	2	1	1	NA	NA	2.23414090070284	0.558543344307188	2	NEUT	1	1
IIICF_T_B3	chr3	4073177	4118152	16	0.69889	0.774819	5	GAIN	3	1	2	1	1	3.43297036403571	0.699787954553398	3	GAIN	2	1
IIICF_T_B3	chr3	4135452	8623429	4168	0.55814	0.214645	3	HET	2	1	1	NA	NA	2.32332304499912	0.55852786169478	2	NEUT	1	1
IIICF_T_B3	chr3	8628903	8648561	63	0.575758	0.411598	5	GAIN	3	1	2	1	1	2.66543391044151	0.576198526507216	3	GAIN	2	1
IIICF_T_B3	chr3	8667670	8798586	87	0.560976	0.255824	3	HET	2	1	1	NA	NA	2.39104216203913	0.561371260267978	2	NEUT	1	1
IIICF_T_B3	chr3	8800398	8849606	59	0.55814	0.485503	5	GAIN	3	1	2	1	1	2.80634869790472	0.558461103366245	3	GAIN	2	1
IIICF_T_B3	chr3	8850235	9641527	574	0.556848	0.31567	3	HET	2	1	1	NA	NA	2.49296999527335	0.55720143503871	2	NEUT	1	1
IIICF_T_B3	chr3	9647722	10321734	746	0.564103	0.366452	5	GAIN	3	1	2	1	1	2.5828389976347	0.564487673689858	3	GAIN	2	1
IIICF_T_B3	chr3	10323258	21489541	7449	0.55814	0.26911	3	HET	2	1	1	NA	NA	2.41330673299418	0.558513399701511	2	NEUT	1	1
IIICF_T_B3	chr3	21500061	21779664	302	0.56	0.383563	5	GAIN	3	1	2	1	1	2.61383991538208	0.560355781800205	3	GAIN	2	1
IIICF_T_B3	chr3	21780334	29027564	4870	0.553571	0.247938	3	HET	2	1	1	NA	NA	2.3779235116691	0.553920175156063	2	NEUT	1	1
IIICF_T_B3	chr3	29040292	29467512	327	0.553571	0.373775	5	GAIN	3	1	2	1	1	2.59606147625874	0.553890835189146	3	GAIN	2	1
IIICF_T_B3	chr3	29477814	37109633	4735	0.55814	0.273491	3	HET	2	1	1	NA	NA	2.42069344413755	0.558512260277705	2	NEUT	1	1
IIICF_T_B3	chr3	37111130	37299798	145	0.565217	0.381069	5	GAIN	3	1	2	1	1	2.60929847941683	0.565604390101599	3	GAIN	2	1
IIICF_T_B3	chr3	37342372	45099653	3843	0.555556	0.286934	3	HET	2	1	1	NA	NA	2.44349992334122	0.555908395296429	2	NEUT	1	1
IIICF_T_B3	chr3	45114302	45479309	478	0.555556	0.362643	5	GAIN	3	1	2	1	1	2.57598791920801	0.555890270930927	3	GAIN	2	1
IIICF_T_B3	chr3	45480124	47480524	1284	0.555556	0.322404	3	HET	2	1	1	NA	NA	2.50470602824481	0.555899784009021	2	NEUT	1	1
IIICF_T_B3	chr3	47484953	53275871	1469	0.555556	0.358988	5	GAIN	3	1	2	1	1	2.56943081789783	0.555891123979136	3	GAIN	2	1
IIICF_T_B3	chr3	53553086	55097836	1128	0.555556	0.212415	3	HET	2	1	1	NA	NA	2.31971067730906	0.555927200550238	2	NEUT	1	1
IIICF_T_B3	chr3	55100227	55146877	60	0.56125	0.380337	5	GAIN	3	1	2	1	1	2.6079670375286	0.561614011796999	3	GAIN	2	1
IIICF_T_B3	chr3	55155404	57339385	1728	0.555556	0.300138	3	HET	2	1	1	NA	NA	2.46610876332844	0.555905164599962	2	NEUT	1	1
IIICF_T_B3	chr3	57358432	57999107	529	0.555556	0.372479	5	GAIN	3	1	2	1	1	2.59371651569571	0.555887986118991	3	GAIN	2	1
IIICF_T_B3	chr3	58002885	58159340	146	0.56	0.308573	3	HET	2	1	1	NA	NA	2.48066047055261	0.560374882690147	2	NEUT	1	1
IIICF_T_B3	chr3	58161774	58355273	132	0.555556	0.387285	5	GAIN	3	1	2	1	1	2.62063208905676	0.555884576408495	3	GAIN	2	1
IIICF_T_B3	chr3	58358502	73151615	10528	0.555556	0.244852	3	HET	2	1	1	NA	NA	2.37280932709146	0.555918893836424	2	NEUT	1	1
IIICF_T_B3	chr3	73157190	73160181	22	0.887373	0.341608	5	GAIN	3	1	2	1	1	2.53847725028888	0.88973819817341	3	GAIN	2	1
IIICF_T_B3	chr3	73165377	75983492	1801	0.566667	0.169131	3	HET	2	1	1	NA	NA	2.25068984692561	0.567126099398937	2	NEUT	1	1
IIICF_T_B3	chr3	75983582	75985801	57	0.72381	0.18488	5	GAIN	3	1	2	1	1	2.27556393754717	0.725334410418296	3	GAIN	2	1
IIICF_T_B3	chr3	75985860	103485926	14433	0.5625	0.188698	3	HET	2	1	1	NA	NA	2.28163511952432	0.562924566074066	2	NEUT	1	1
IIICF_T_B3	chr3	103490750	128346221	16394	1	-0.702631	1	DLOH	1	0	1	1	1	1.22292552111293	1	1	HETD	1	0
IIICF_T_B3	chr3	128346758	128347491	13	0.636364	-0.734444	3	HET	2	1	1	NA	NA	1.19591579428325	0.638131301288099	2	NEUT	1	1
IIICF_T_B3	chr3	128347859	142721893	9164	1	-0.674409	1	DLOH	1	0	1	1	1	1.2473900945311	1	1	HETD	1	0
IIICF_T_B3	chr3	142722911	143709368	849	0.581395	0.11169	3	HET	2	1	1	NA	NA	2.16223399743487	0.581978453835928	2	NEUT	1	1
IIICF_T_B3	chr3	143710268	144575442	410	0.6	0.656222	5	GAIN	3	1	2	1	1	3.16082733023643	0.600490355094506	3	GAIN	2	1
IIICF_T_B3	chr3	144581746	145885259	1261	0.568182	0.143021	3	HET	2	1	1	NA	NA	2.21004509619942	0.568660167510547	2	NEUT	1	1
IIICF_T_B3	chr3	145885467	145985604	108	1	-0.621634	1	DLOH	1	0	1	1	1	1.29444302267029	1	1	HETD	1	0
IIICF_T_B3	chr3	146010159	146039590	52	0.578947	0.135334	3	HET	2	1	1	NA	NA	2.19821843638131	0.579503642355268	2	NEUT	1	1
IIICF_T_B3	chr3	146041562	146065248	35	0.585366	0.552302	5	GAIN	3	1	2	1	1	2.94007661478131	0.585816026147495	3	GAIN	2	1
IIICF_T_B3	chr3	146065649	146069537	13	1	0.113302	2	NLOH	2	0	2	1	1	2.16466865473149	1	2	NEUT	2	0
IIICF_T_B3	chr3	146090110	187834431	23505	1	-0.699756	1	DLOH	1	0	1	1	1	1.22539591243198	1	1	HETD	1	0
IIICF_T_B3	chr3	187834624	187835160	5	0.52381	-0.407865	3	HET	2	1	1	NA	NA	1.50365908139255	0.524055426513226	2	NEUT	1	1
IIICF_T_B3	chr3	187835458	197081078	7559	1	-0.682539	1	DLOH	1	0	1	1	1	1.24029336583209	1	1	HETD	1	0
IIICF_T_B3	chr3	197111342	197118105	23	0.605263	-0.525551	3	HET	2	1	1	NA	NA	1.38465545137333	0.606441271808991	2	NEUT	1	1
IIICF_T_B3	chr3	197129199	197819088	225	1	-0.642991	1	DLOH	1	0	1	1	1	1.27519406169639	1	1	HETD	1	0
IIICF_T_B3	chr4	40094	68603	117	0.78125	0.292409	5	GAIN	3	1	2	1	1	2.45284950765587	0.783027186851275	3	GAIN	2	1
IIICF_T_B3	chr4	74298	6739195	5804	0.577778	0.147395	3	HET	2	1	1	NA	NA	2.21680279789063	0.578321802467756	2	NEUT	1	1
IIICF_T_B3	chr4	6740047	6839941	76	0.58435	0.396869	5	GAIN	3	1	2	1	1	2.63820252953818	0.584845551069853	3	GAIN	2	1
IIICF_T_B3	chr4	6874834	179918390	111309	0.558824	0.172692	3	HET	2	1	1	NA	NA	2.25629038404428	0.559228083413308	2	NEUT	1	1
IIICF_T_B3	chr4	179922209	180009586	123	0.660377	0.555553	5	GAIN	3	1	2	1	1	2.94674428270694	0.661220550523576	3	GAIN	2	1
IIICF_T_B3	chr4	180012434	190540082	10191	0.5625	0.050258	3	HET	2	1	1	NA	NA	2.07144960835223	0.562967645875256	2	NEUT	1	1
IIICF_T_B3	chr4	190540114	190684287	2833	0.761905	0.077323	5	GAIN	3	1	2	1	1	2.11097037510103	0.763827972681749	3	GAIN	2	1
IIICF_T_B3	chr4	190684454	190929666	108	0.587221	0.079856	3	HET	2	1	1	NA	NA	2.11470718625276	0.587860266997094	2	NEUT	1	1
IIICF_T_B3	chr5	78650	3659989	3070	1	-0.786618	1	DLOH	1	0	1	1	1	1.15288857654374	1	1	HETD	1	0
IIICF_T_B3	chr5	3660196	3660234	4	0.549603	-0.785482	3	HET	2	1	1	NA	NA	1.15380894520499	0.550269324075584	2	NEUT	1	1
IIICF_T_B3	chr5	3660487	21447380	11683	1	-0.731803	1	DLOH	1	0	1	1	1	1.19813544380561	1	1	HETD	1	0
IIICF_T_B3	chr5	21530083	21573393	744	0.676263	-0.13656	3	HET	2	1	1	NA	NA	1.81797149230557	0.677765745902171	2	NEUT	1	1
IIICF_T_B3	chr5	21575284	37557891	10953	1	-0.721425	1	DLOH	1	0	1	1	1	1.20689717855654	1	1	HETD	1	0
IIICF_T_B3	chr5	37558016	37558043	2	0.576087	-0.458914	3	HET	2	1	1	NA	NA	1.45084438783271	0.576899832556738	2	NEUT	1	1
IIICF_T_B3	chr5	37570792	45402509	3719	1	-0.655769	1	DLOH	1	0	1	1	1	1.2638128224529	1	1	HETD	1	0
IIICF_T_B3	chr5	50406522	52088415	853	0.5625	0.230937	3	HET	2	1	1	NA	NA	2.34988448344702	0.562912235100053	2	NEUT	1	1
IIICF_T_B3	chr5	52091590	52239966	189	0.55814	0.394872	5	GAIN	3	1	2	1	1	2.63453177704558	0.558482044845162	3	GAIN	2	1
IIICF_T_B3	chr5	52240219	54744799	1451	0.552632	0.297478	3	HET	2	1	1	NA	NA	2.46153746066104	0.552963401818756	2	NEUT	1	1
IIICF_T_B3	chr5	54759485	54948538	133	0.551724	0.372438	5	GAIN	3	1	2	1	1	2.59364236535595	0.552033096064217	3	GAIN	2	1
IIICF_T_B3	chr5	55057652	64519546	6150	0.555556	0.276909	3	HET	2	1	1	NA	NA	2.4264720586334	0.555910868244514	2	NEUT	1	1
IIICF_T_B3	chr5	64520314	65456378	171	0.552632	0.422536	5	GAIN	3	1	2	1	1	2.6858370379803	0.552935725795669	3	GAIN	2	1
IIICF_T_B3	chr5	65495624	95238582	15381	0.555556	0.278607	3	HET	2	1	1	NA	NA	2.4293478627989	0.555910448159934	2	NEUT	1	1
IIICF_T_B3	chr5	95240659	95889963	466	0.551724	0.356143	5	GAIN	3	1	2	1	1	2.5643383489448	0.552036628264304	3	GAIN	2	1
IIICF_T_B3	chr5	95901046	95983469	101	0.547619	0.291962	3	HET	2	1	1	NA	NA	2.45208484085935	0.547919992893589	2	NEUT	1	1
IIICF_T_B3	chr5	96038815	96038818	3	1	0.379047	4	ALOH	3	0	3	1	1	2.60562228769449	1	3	GAIN	3	0
IIICF_T_B3	chr5	96192541	110233390	7824	0.555556	0.243507	3	HET	2	1	1	NA	NA	2.37058378525954	0.55591923452694	2	NEUT	1	1
IIICF_T_B3	chr5	110283688	110479610	137	0.583333	0.328012	5	GAIN	3	1	2	1	1	2.51452155811774	0.583846656888829	3	GAIN	2	1
IIICF_T_B3	chr5	110481826	117869447	6106	0.558824	0.240409	3	HET	2	1	1	NA	NA	2.36546547956969	0.559209433449641	2	NEUT	1	1
IIICF_T_B3	chr5	117870089	117879953	14	0.588889	0.7527	5	GAIN	3	1	2	1	1	3.38050262266643	0.589296547475009	3	GAIN	2	1
IIICF_T_B3	chr5	117880295	125889103	5789	0.555556	0.24302	3	HET	2	1	1	NA	NA	2.36977846860344	0.555919357964138	2	NEUT	1	1
IIICF_T_B3	chr5	125890559	126159441	128	0.5625	0.350076	5	GAIN	3	1	2	1	1	2.55351207594758	0.562879361771684	3	GAIN	2	1
IIICF_T_B3	chr5	126160582	127780460	749	0.555556	0.267765	3	HET	2	1	1	NA	NA	2.41104345371462	0.555913139096138	2	NEUT	1	1
IIICF_T_B3	chr5	127782033	127929831	288	0.560488	0.396263	5	GAIN	3	1	2	1	1	2.63708808362345	0.560843513463486	3	GAIN	2	1
IIICF_T_B3	chr5	127930265	128475374	305	0.552632	0.299835	3	HET	2	1	1	NA	NA	2.46558762181241	0.552962857433004	2	NEUT	1	1
IIICF_T_B3	chr5	128480145	128537401	91	0.611111	0.375982	5	GAIN	3	1	2	1	1	2.60005963613686	0.611773346446369	3	GAIN	2	1
IIICF_T_B3	chr5	128548294	130922169	1374	0.55814	0.281136	3	HET	2	1	1	NA	NA	2.43363736316578	0.558510280316777	2	NEUT	1	1
IIICF_T_B3	chr5	130932784	132268946	964	0.55814	0.374146	5	GAIN	3	1	2	1	1	2.59673314532363	0.558487023726861	3	GAIN	2	1
IIICF_T_B3	chr5	132271072	133363823	891	0.552632	0.302086	3	HET	2	1	1	NA	NA	2.46946181956618	0.552962338369654	2	NEUT	1	1
IIICF_T_B3	chr5	133415747	134258009	290	0.558824	0.35622	5	GAIN	3	1	2	1	1	2.56447604457199	0.559179522728211	3	GAIN	2	1
IIICF_T_B3	chr5	134306446	135089652	466	0.560976	0.246568	3	HET	2	1	1	NA	NA	2.3756517683427	0.56137382091732	2	NEUT	1	1
IIICF_T_B3	chr5	135090120	135149952	177	0.555556	0.541974	5	GAIN	3	1	2	1	1	2.91899372131051	0.5558509913436	3	GAIN	2	1
IIICF_T_B3	chr5	135150207	138757567	1941	0.55814	0.246396	3	HET	2	1	1	NA	NA	2.37536670916338	0.558519363746355	2	NEUT	1	1
IIICF_T_B3	chr5	138762305	138969179	57	0.560976	0.419473	5	GAIN	3	1	2	1	1	2.68010788829613	0.561328629075062	3	GAIN	2	1
IIICF_T_B3	chr5	138973081	151081375	7306	0.55814	0.268176	3	HET	2	1	1	NA	NA	2.41173483415632	0.55851364307261	2	NEUT	1	1
IIICF_T_B3	chr5	151089702	151174605	82	0.558266	0.365057	5	GAIN	3	1	2	1	1	2.58032777389665	0.558615986901625	3	GAIN	2	1
IIICF_T_B3	chr5	151176657	173183410	15826	0.558824	0.200156	3	HET	2	1	1	NA	NA	2.29995178552358	0.559220412448964	2	NEUT	1	1
IIICF_T_B3	chr5	173189162	173189927	4	1	0.249259	2	NLOH	2	0	2	1	1	2.38011604672585	1	2	NEUT	2	0
IIICF_T_B3	chr5	173191624	180698428	5214	0.5625	0.181243	3	HET	2	1	1	NA	NA	2.26979549559696	0.562926780680033	2	NEUT	1	1
IIICF_T_B3	chr6	205800	13859938	11174	0.558824	0.208633	3	HET	2	1	1	NA	NA	2.3135969819325	0.559218074476635	2	NEUT	1	1
IIICF_T_B3	chr6	13860700	13870078	54	0.564103	0.431253	5	GAIN	3	1	2	1	1	2.70220836425882	0.56447068082753	3	GAIN	2	1
IIICF_T_B3	chr6	13870944	20537682	5332	0.555556	0.23159	3	HET	2	1	1	NA	NA	2.35095535786362	0.555922267218529	2	NEUT	1	1
IIICF_T_B3	chr6	20538523	20962044	415	1	-0.767761	1	DLOH	1	0	1	1	1	1.16826043754273	1	1	HETD	1	0
IIICF_T_B3	chr6	20965489	35739634	7164	0.555556	0.1988	3	HET	2	1	1	NA	NA	2.29777649797009	0.555930743966861	2	NEUT	1	1
IIICF_T_B3	chr6	35741026	35823774	147	0.578947	0.326117	5	GAIN	3	1	2	1	1	2.51120052215524	0.579434265543721	3	GAIN	2	1
IIICF_T_B3	chr6	35825489	42151235	4242	0.558824	0.243561	3	HET	2	1	1	NA	NA	2.37067309789539	0.559208586774367	2	NEUT	1	1
IIICF_T_B3	chr6	42154104	42187362	100	0.555556	0.422668	5	GAIN	3	1	2	1	1	2.68608420920959	0.55587656994969	3	GAIN	2	1
IIICF_T_B3	chr6	42189848	57369502	10725	0.555556	0.251444	3	HET	2	1	1	NA	NA	2.38374701874095	0.555917228718081	2	NEUT	1	1
IIICF_T_B3	chr6	57369510	57568896	5673	0.666667	0.233617	5	GAIN	3	1	2	1	1	2.35428258556327	0.667764242173048	3	GAIN	2	1
IIICF_T_B3	chr6	57621067	74909631	8163	0.558824	0.147808	3	HET	2	1	1	NA	NA	2.21744193000492	0.559235162749049	2	NEUT	1	1
IIICF_T_B3	chr6	74920027	74929797	38	0.565835	0.473618	5	GAIN	3	1	2	1	1	2.7831976519367	0.566201626838752	3	GAIN	2	1
IIICF_T_B3	chr6	74940435	162873493	53009	0.56	0.136014	3	HET	2	1	1	NA	NA	2.19926209621202	0.560422849405782	2	NEUT	1	1
IIICF_T_B3	chr6	162874140	163003146	275	1	-1.027025	1	DLOH	1	0	1	1	1	0.973548600329704	1	1	HETD	1	0
IIICF_T_B3	chr6	163003350	170898626	6154	0.564103	0.051725	3	HET	2	1	1	NA	NA	2.07357279518163	0.56458214894034	2	NEUT	1	1
IIICF_T_B3	chr7	50571	56559975	41511	0.589744	-0.03705	3	HET	2	1	1	NA	NA	1.94889873232034	0.590457719583073	2	NEUT	1	1
IIICF_T_B3	chr7	56560020	56563824	181	0.645833	0.320489	5	GAIN	3	1	2	1	1	2.50136298529208	0.646736629820571	3	GAIN	2	1
IIICF_T_B3	chr7	56580735	56798943	102	0.558824	0.218336	3	HET	2	1	1	NA	NA	2.32931436347751	0.559215415402787	2	NEUT	1	1
IIICF_T_B3	chr7	62055680	62470479	569	1	-0.868439	1	DLOH	1	0	1	1	1	1.08846865482351	1	1	HETD	1	0
IIICF_T_B3	chr7	62470480	62476534	190	0.730437	-0.341614	3	HET	2	1	1	NA	NA	1.57504801180733	0.732704617914745	2	NEUT	1	1
IIICF_T_B3	chr7	62476954	63602830	190	1	-0.824213	1	DLOH	1	0	1	1	1	1.12283499323618	1	1	HETD	1	0
IIICF_T_B3	chr7	63635068	63635726	17	0.548387	-0.728695	3	HET	2	1	1	NA	NA	1.20075279710239	0.549011577813824	2	NEUT	1	1
IIICF_T_B3	chr7	63662328	65302406	712	1	-0.741948	1	DLOH	1	0	1	1	1	1.18963112709337	1	1	HETD	1	0
IIICF_T_B3	chr7	65303861	65309745	69	0.75	-0.582642	3	HET	2	1	1	NA	NA	1.33032986432563	0.752912675693823	2	NEUT	1	1
IIICF_T_B3	chr7	65372984	65832253	254	1	-0.640731	1	DLOH	1	0	1	1	1	1.27721753359508	1	1	HETD	1	0
IIICF_T_B3	chr7	65832798	65834243	20	0.655048	-0.753923	3	HET	2	1	1	NA	NA	1.17966941796967	0.657085123277331	2	NEUT	1	1
IIICF_T_B3	chr7	65835496	66025641	175	1	-0.626965	1	DLOH	1	0	1	1	1	1.28961149844145	1	1	HETD	1	0
IIICF_T_B3	chr7	66027649	66029824	24	0.666667	-0.518475	3	HET	2	1	1	NA	NA	1.39153967225562	0.668523374052178	2	NEUT	1	1
IIICF_T_B3	chr7	66030047	67627425	1462	1	-0.703092	1	DLOH	1	0	1	1	1	1.22252985701851	1	1	HETD	1	0
IIICF_T_B3	chr7	67630499	67635685	211	0.642857	-0.347224	3	HET	2	1	1	NA	NA	1.56887508975905	0.644268317159141	2	NEUT	1	1
IIICF_T_B3	chr7	67635856	92097611	12744	1	-0.726061	1	DLOH	1	0	1	1	1	1.2029753972696	1	1	HETD	1	0
IIICF_T_B3	chr7	92098910	92098965	3	0.533333	-0.674359	3	HET	2	1	1	NA	NA	1.24743386369995	0.533747160175824	2	NEUT	1	1
IIICF_T_B3	chr7	92110049	98164083	2969	1	-0.723147	1	DLOH	1	0	1	1	1	1.20543899724003	1	1	HETD	1	0
IIICF_T_B3	chr7	98177564	98177583	3	0.625	-0.64408	3	HET	2	1	1	NA	NA	1.27422016585982	0.626520467013632	2	NEUT	1	1
IIICF_T_B3	chr7	98179250	100546458	1064	1	-0.668496	1	DLOH	1	0	1	1	1	1.2525767684805	1	1	HETD	1	0
IIICF_T_B3	chr7	100546643	100619263	433	0.589744	-0.619036	3	HET	2	1	1	NA	NA	1.29680408727688	0.590816611664577	2	NEUT	1	1
IIICF_T_B3	chr7	100619624	100882790	169	1	-0.685035	1	DLOH	1	0	1	1	1	1.23812260315747	1	1	HETD	1	0
IIICF_T_B3	chr7	100908753	100908837	9	0.588235	-0.593225	3	HET	2	1	1	NA	NA	1.32049355316202	0.589270657294309	2	NEUT	1	1
IIICF_T_B3	chr7	100909487	100932693	14	1	-0.625108	1	DLOH	1	0	1	1	1	1.29129248513936	1	1	HETD	1	0
IIICF_T_B3	chr7	100936811	100939314	78	0.610434	-0.596581	3	HET	2	1	1	NA	NA	1.31738937592077	0.611733272091098	2	NEUT	1	1
IIICF_T_B3	chr7	100964292	116188115	7507	1	-0.699749	1	DLOH	1	0	1	1	1	1.22540193330761	1	1	HETD	1	0
IIICF_T_B3	chr7	116194131	116227311	4	0.563749	0.291905	3	HET	2	1	1	NA	NA	2.45198735004371	0.564151964339581	2	NEUT	1	1
IIICF_T_B3	chr7	116262507	138028651	13692	1	-0.714233	1	DLOH	1	0	1	1	1	1.21300617926636	1	1	HETD	1	0
IIICF_T_B3	chr7	138029095	138029603	37	0.591837	-0.751022	3	HET	2	1	1	NA	NA	1.1820751049428	0.593041159679242	2	NEUT	1	1
IIICF_T_B3	chr7	138030717	138305305	180	1	-0.709233	1	DLOH	1	0	1	1	1	1.21727124125599	1	1	HETD	1	0
IIICF_T_B3	chr7	138306967	138307039	2	0.626984	-0.576447	3	HET	2	1	1	NA	NA	1.33612134316633	0.628457040085468	2	NEUT	1	1
IIICF_T_B3	chr7	138307254	138603282	189	1	-0.670177	1	DLOH	1	0	1	1	1	1.25110009157684	1	1	HETD	1	0
IIICF_T_B3	chr7	138604893	138604929	3	0.551724	-0.775925	3	HET	2	1	1	NA	NA	1.16158063248178	0.55241416702302	2	NEUT	1	1
IIICF_T_B3	chr7	138604993	141276835	1123	1	-0.708189	1	DLOH	1	0	1	1	1	1.21816365314365	1	1	HETD	1	0
IIICF_T_B3	chr7	141279075	141279169	9	0.722222	-0.730499	3	HET	2	1	1	NA	NA	1.19923290034772	0.725094069736983	2	NEUT	1	1
IIICF_T_B3	chr7	141280078	141759859	338	1	-0.779648	1	DLOH	1	0	1	1	1	1.15854699139313	1	1	HETD	1	0
IIICF_T_B3	chr7	141759994	141760293	4	0.534194	-0.70256	3	HET	2	1	1	NA	NA	1.22298646976937	0.534627350915682	2	NEUT	1	1
IIICF_T_B3	chr7	141760294	142002224	368	1	-0.67457	1	DLOH	1	0	1	1	1	1.24724916811325	1	1	HETD	1	0
IIICF_T_B3	chr7	142002499	142009683	124	0.608777	-0.698568	3	HET	2	1	1	NA	NA	1.22641815939035	0.61015170644327	2	NEUT	1	1
IIICF_T_B3	chr7	142010686	142023231	23	1	-0.772928	1	DLOH	1	0	1	1	1	1.16402839524085	1	1	HETD	1	0
IIICF_T_B3	chr7	142024434	142110891	186	0.648649	-0.752718	3	HET	2	1	1	NA	NA	1.18066809049162	0.65060039698493	2	NEUT	1	1
IIICF_T_B3	chr7	142110961	142113633	21	0.88	-0.774812	1	DLOH	1	0	1	1	1	1.1624890680017	0.885066478251033	1	HETD	1	0
IIICF_T_B3	chr7	142116091	142144111	191	0.68	-0.694705	3	HET	2	1	1	NA	NA	1.22974800780311	0.682268651783879	2	NEUT	1	1
IIICF_T_B3	chr7	142144129	142163068	50	1	-0.79835	1	DLOH	1	0	1	1	1	1.14342577125777	1	1	HETD	1	0
IIICF_T_B3	chr7	142163380	142163918	25	0.703704	-0.713013	3	HET	2	1	1	NA	NA	1.21404549146073	0.706304614981733	2	NEUT	1	1
IIICF_T_B3	chr7	142164144	142165166	8	1	-0.713013	1	DLOH	1	0	1	1	1	1.21404549146073	1	1	HETD	1	0
IIICF_T_B3	chr7	142166133	142166655	18	0.584928	-0.713013	3	HET	2	1	1	NA	NA	1.21404549146073	0.586012244929744	2	NEUT	1	1
IIICF_T_B3	chr7	142166674	142167110	5	1	-0.713013	1	DLOH	1	0	1	1	1	1.21404549146073	1	1	HETD	1	0
IIICF_T_B3	chr7	142168092	142172596	94	0.619168	-0.857607	3	HET	2	1	1	NA	NA	1.0967886288292	0.620852023606161	2	NEUT	1	1
IIICF_T_B3	chr7	142172606	142179447	11	1	-0.857607	1	DLOH	1	0	1	1	1	1.0967886288292	1	1	HETD	1	0
IIICF_T_B3	chr7	142180704	142180737	2	0.635417	-0.717127	3	HET	2	1	1	NA	NA	1.21054430674882	0.637150819816323	2	NEUT	1	1
IIICF_T_B3	chr7	142180956	142190774	26	1	-0.717127	1	DLOH	1	0	1	1	1	1.21054430674882	1	1	HETD	1	0
IIICF_T_B3	chr7	142191446	142197861	32	0.766968	-0.667608	3	HET	2	1	1	NA	NA	1.25335752818297	0.770269381380791	2	NEUT	1	1
IIICF_T_B3	chr7	142197978	142205303	10	1	-0.69455	1	DLOH	1	0	1	1	1	1.22988180163524	1	1	HETD	1	0
IIICF_T_B3	chr7	142205512	142247748	59	0.666667	-0.741968	3	HET	2	1	1	NA	NA	1.18961442055433	0.668838475139775	2	NEUT	1	1
IIICF_T_B3	chr7	142251528	142457132	248	1	-0.703336	1	DLOH	1	0	1	1	1	1.22232048944131	1	1	HETD	1	0
IIICF_T_B3	chr7	142457673	142471805	193	0.676471	-0.721801	3	HET	2	1	1	NA	NA	1.20657863502115	0.678737883384745	2	NEUT	1	1
IIICF_T_B3	chr7	142472439	142474363	15	1	-0.444279	1	DLOH	1	0	1	1	1	1.46579498721977	1	1	HETD	1	0
IIICF_T_B3	chr7	142474374	142486372	139	0.75	-0.444279	3	HET	2	1	1	NA	NA	1.46579498721977	0.752643493458753	2	NEUT	1	1
IIICF_T_B3	chr7	142487346	142498687	20	1	-0.66584	1	DLOH	1	0	1	1	1	1.25491344535138	1	1	HETD	1	0
IIICF_T_B3	chr7	142498699	142499190	8	0.5894	-0.66584	3	HET	2	1	1	NA	NA	1.25491344535138	0.590504168135451	2	NEUT	1	1
IIICF_T_B3	chr7	142499264	151893695	4605	1	-0.714846	1	DLOH	1	0	1	1	1	1.21248429913488	1	1	HETD	1	0
IIICF_T_B3	chr7	151958111	151958151	2	0.566528	-0.689853	3	HET	2	1	1	NA	NA	1.23394301162109	0.567363643094199	2	NEUT	1	1
IIICF_T_B3	chr7	152000756	152070280	6	1	-0.60382	1	DLOH	1	0	1	1	1	1.31071810179721	1	1	HETD	1	0
IIICF_T_B3	chr7	152073850	152099243	48	0.665152	-0.43705	3	HET	2	1	1	NA	NA	1.47323602576947	0.666889492628096	2	NEUT	1	1
IIICF_T_B3	chr7	152099244	152099340	5	0.912351	-0.302044	1	DLOH	1	0	1	1	1	1.61927705951439	0.916297911172501	1	HETD	1	0
IIICF_T_B3	chr7	152099402	152099402	1	0.676923	-0.302044	3	HET	2	1	1	NA	NA	1.61927705951439	0.678616458644146	2	NEUT	1	1
IIICF_T_B3	chr7	152099408	152099420	2	0.932252	-0.302044	1	DLOH	1	0	1	1	1	1.61927705951439	0.936389398110192	1	HETD	1	0
IIICF_T_B3	chr7	152099546	152099586	2	0.538391	-0.302044	3	HET	2	1	1	NA	NA	1.61927705951439	0.53875846816868	2	NEUT	1	1
IIICF_T_B3	chr7	152099708	152099989	9	0.933333	-0.302044	1	DLOH	1	0	1	1	1	1.61927705951439	0.937480745147007	1	HETD	1	0
IIICF_T_B3	chr7	152100145	152101947	69	0.866667	0.159123	5	GAIN	3	1	2	1	1	2.23502365562212	0.869209735372991	3	GAIN	2	1
IIICF_T_B3	chr7	152102029	152102138	6	0.932614	0.159123	1	DLOH	1	0	1	1	1	2.23502365562212	0.93561405978354	1	HETD	1	0
IIICF_T_B3	chr7	152102184	152102184	1	0.558824	0.159123	3	HET	2	1	1	NA	NA	2.23502365562212	0.559231928353467	2	NEUT	1	1
IIICF_T_B3	chr7	152102192	152102338	8	0.92619	0.159123	1	DLOH	1	0	1	1	1	2.23502365562212	0.929145511100304	1	HETD	1	0
IIICF_T_B3	chr7	152102364	152102487	5	0.853933	0.159123	5	GAIN	3	1	2	1	1	2.23502365562212	0.856387428565344	3	GAIN	2	1
IIICF_T_B3	chr7	152102489	152102562	5	0.941558	0.159123	2	NLOH	2	0	2	1	1	2.23502365562212	0.944620083977634	2	NEUT	2	0
IIICF_T_B3	chr7	152102574	152104862	105	0.873563	0.159123	5	GAIN	3	1	2	1	1	2.23502365562212	0.87615355724715	3	GAIN	2	1
IIICF_T_B3	chr7	152104876	152105037	5	0.932	0.159123	1	DLOH	1	0	1	1	1	2.23502365562212	0.93499580186145	1	HETD	1	0
IIICF_T_B3	chr7	152105112	152105761	38	0.875484	0.159123	5	GAIN	3	1	2	1	1	2.23502365562212	0.878087878856816	3	GAIN	2	1
IIICF_T_B3	chr7	152105784	152105800	3	0.946058	0.159123	1	DLOH	1	0	1	1	1	2.23502365562212	0.949151290247024	1	HETD	1	0
IIICF_T_B3	chr7	152105887	152110513	169	0.80292	0.159123	5	GAIN	3	1	2	1	1	2.23502365562212	0.805020667360811	3	GAIN	2	1
IIICF_T_B3	chr7	152110548	152110686	4	0.923059	-0.06569	1	DLOH	1	0	1	1	1	1.91028655055188	0.926491526383444	1	HETD	1	0
IIICF_T_B3	chr7	152110708	152112018	64	0.828217	-0.06569	5	GAIN	3	1	2	1	1	1.91028655055188	0.830880017479819	3	GAIN	2	1
IIICF_T_B3	chr7	152112026	152112068	5	0.932203	-0.06569	1	DLOH	1	0	1	1	1	1.91028655055188	0.935709717031203	1	HETD	1	0
IIICF_T_B3	chr7	152112081	152113724	77	0.843478	-0.06569	5	GAIN	3	1	2	1	1	1.91028655055188	0.846264838944763	3	GAIN	2	1
IIICF_T_B3	chr7	152119548	153962027	1447	1	-0.792254	1	DLOH	1	0	1	1	1	1.14833308281751	1	1	HETD	1	0
IIICF_T_B3	chr7	153962148	153962177	2	0.519259	-0.771506	3	HET	2	1	1	NA	NA	1.16519157608592	0.519515181556829	2	NEUT	1	1
IIICF_T_B3	chr7	153962258	159078217	3435	1	-0.747135	1	DLOH	1	0	1	1	1	1.18530603593547	1	1	HETD	1	0
IIICF_T_B3	chr8	198546	2154058	2117	1	-0.789929	1	DLOH	1	0	1	1	1	1.15021018900531	1	1	HETD	1	0
IIICF_T_B3	chr8	2200022	2207134	35	0.588235	-0.818229	3	HET	2	1	1	NA	NA	1.12756637345727	0.589447858783849	2	NEUT	1	1
IIICF_T_B3	chr8	2207228	2208466	13	1	-0.818229	1	DLOH	1	0	1	1	1	1.12756637345727	1	1	HETD	1	0
IIICF_T_B3	chr8	2208546	2208612	2	0.566964	-0.818229	3	HET	2	1	1	NA	NA	1.12756637345727	0.56788447232506	2	NEUT	1	1
IIICF_T_B3	chr8	2208670	2208951	10	1	-0.818229	1	DLOH	1	0	1	1	1	1.12756637345727	1	1	HETD	1	0
IIICF_T_B3	chr8	2209152	2209676	6	0.580659	-0.818229	3	HET	2	1	1	NA	NA	1.12756637345727	0.581767720764396	2	NEUT	1	1
IIICF_T_B3	chr8	2209773	2209937	5	1	-0.818229	1	DLOH	1	0	1	1	1	1.12756637345727	1	1	HETD	1	0
IIICF_T_B3	chr8	2210068	2210202	5	0.5	-0.833662	3	HET	2	1	1	NA	NA	1.11540378072372	0.5	2	NEUT	1	1
IIICF_T_B3	chr8	2210265	2210345	5	1	-0.833662	1	DLOH	1	0	1	1	1	1.11540378072372	1	1	HETD	1	0
IIICF_T_B3	chr8	2210425	2217177	42	0.591415	-0.833662	3	HET	2	1	1	NA	NA	1.11540378072372	0.592685272262337	2	NEUT	1	1
IIICF_T_B3	chr8	2217243	2218195	10	1	-0.833662	1	DLOH	1	0	1	1	1	1.11540378072372	1	1	HETD	1	0
IIICF_T_B3	chr8	2218567	2219591	7	0.575758	-0.833662	3	HET	2	1	1	NA	NA	1.11540378072372	0.576810707827491	2	NEUT	1	1
IIICF_T_B3	chr8	2219747	2221176	5	1	-0.833662	1	DLOH	1	0	1	1	1	1.11540378072372	1	1	HETD	1	0
IIICF_T_B3	chr8	2221208	2222830	13	0.636364	-0.763578	3	HET	2	1	1	NA	NA	1.17169765206771	0.638167830126283	2	NEUT	1	1
IIICF_T_B3	chr8	2222894	2223617	8	1	-0.763578	1	DLOH	1	0	1	1	1	1.17169765206771	1	1	HETD	1	0
IIICF_T_B3	chr8	2223816	2224597	6	0.574176	-0.763578	3	HET	2	1	1	NA	NA	1.17169765206771	0.575157204008735	2	NEUT	1	1
IIICF_T_B3	chr8	2225101	2237692	84	1	-0.763578	1	DLOH	1	0	1	1	1	1.17169765206771	1	1	HETD	1	0
IIICF_T_B3	chr8	2237868	2239893	15	0.578947	-0.703132	3	HET	2	1	1	NA	NA	1.22249553203818	0.579947921030591	2	NEUT	1	1
IIICF_T_B3	chr8	2270392	2277125	22	1	-0.768122	1	DLOH	1	0	1	1	1	1.16796426698406	1	1	HETD	1	0
IIICF_T_B3	chr8	2278111	2279823	10	0.602165	-0.768122	3	HET	2	1	1	NA	NA	1.16796426698406	0.603520763841006	2	NEUT	1	1
IIICF_T_B3	chr8	2300158	10459954	11397	1	-0.79699	1	DLOH	1	0	1	1	1	1.14451878201377	1	1	HETD	1	0
IIICF_T_B3	chr8	10467576	10467589	3	0.529412	-0.659991	3	HET	2	1	1	NA	NA	1.26007443011135	0.529773776057831	2	NEUT	1	1
IIICF_T_B3	chr8	10481531	14344903	4370	1	-0.699696	1	DLOH	1	0	1	1	1	1.2254475208853	1	1	HETD	1	0
IIICF_T_B3	chr8	14345144	14346095	47	0.648649	-0.528857	3	HET	2	1	1	NA	NA	1.3814506078173	0.650316777435509	2	NEUT	1	1
IIICF_T_B3	chr8	14346133	17651467	3722	1	-0.700817	1	DLOH	1	0	1	1	1	1.22448365741691	1	1	HETD	1	0
IIICF_T_B3	chr8	17653772	17653818	8	0.722826	-0.673666	3	HET	2	1	1	NA	NA	1.24804066061862	0.72559325125509	2	NEUT	1	1
IIICF_T_B3	chr8	17685097	42753173	17673	1	-0.696046	1	DLOH	1	0	1	1	1	1.22859107531264	1	1	HETD	1	0
IIICF_T_B3	chr8	47872096	48428485	12	0.586771	0.241131	3	HET	2	1	1	NA	NA	2.36665733698291	0.587339264706784	2	NEUT	1	1
IIICF_T_B3	chr8	48506628	52715045	1778	1	-0.709085	1	DLOH	1	0	1	1	1	1.21739771247158	1	1	HETD	1	0
IIICF_T_B3	chr8	52731018	52731250	3	0.552632	-0.772736	3	HET	2	1	1	NA	NA	1.16418538225282	0.55333271141919	2	NEUT	1	1
IIICF_T_B3	chr8	52734305	137449255	47665	1	-0.717594	1	DLOH	1	0	1	1	1	1.21014750099387	1	1	HETD	1	0
IIICF_T_B3	chr8	137449951	137449959	2	0.519915	-0.782122	3	HET	2	1	1	NA	NA	1.15653540796908	0.520181890331332	2	NEUT	1	1
IIICF_T_B3	chr8	137461613	140603502	1944	1	-0.819231	1	DLOH	1	0	1	1	1	1.12677275172875	1	1	HETD	1	0
IIICF_T_B3	chr8	140603738	140606766	44	0.65	-0.602007	3	HET	2	1	1	NA	NA	1.31238577477731	0.651771500210559	2	NEUT	1	1
IIICF_T_B3	chr8	140606975	141149323	472	1	-0.736973	1	DLOH	1	0	1	1	1	1.19379408114184	1	1	HETD	1	0
IIICF_T_B3	chr8	141150169	141246327	93	1	0.249711	2	NLOH	2	0	2	1	1	2.38086671664468	1	2	NEUT	2	0
IIICF_T_B3	chr8	141259076	142849363	844	1	0.304939	4	ALOH	3	0	3	1	1	2.47438081383897	1	3	GAIN	3	0
IIICF_T_B3	chr8	142850077	143065475	86	1	0.241739	2	NLOH	2	0	2	1	1	2.36766146912136	1	2	NEUT	2	0
IIICF_T_B3	chr8	143065730	143066196	8	0.773577	0.226218	5	GAIN	3	1	2	1	1	2.34216004418352	0.775387399739679	3	GAIN	2	1
IIICF_T_B3	chr8	143067597	144339053	1179	1	0.243281	2	NLOH	2	0	2	1	1	2.3702100316098	1	2	NEUT	2	0
IIICF_T_B3	chr8	144341171	144936488	450	1	0.292374	4	ALOH	3	0	3	1	1	2.4527896258672	1	3	GAIN	3	0
IIICF_T_B3	chr8	144940222	144940300	3	0.731959	0.045914	3	HET	2	1	1	NA	NA	2.06517519079961	0.733699867799038	2	NEUT	1	1
IIICF_T_B3	chr8	144941181	144989462	49	1	0.137978	2	NLOH	2	0	2	1	1	2.20227919499871	1	2	NEUT	2	0
IIICF_T_B3	chr8	145031265	145062228	35	1	0.381508	4	ALOH	3	0	3	1	1	2.61009730489004	1	3	GAIN	3	0
IIICF_T_B3	chr8	145062420	145062443	4	0.545455	0.343365	5	GAIN	3	1	2	1	1	2.54158952988736	0.545732196481194	3	GAIN	2	1
IIICF_T_B3	chr8	145063412	146266138	182	1	0.308764	4	ALOH	3	0	3	1	1	2.48099096179272	1	3	GAIN	3	0
IIICF_T_B3	chr9	210128	4739005	4091	0.558824	0.244377	3	HET	2	1	1	NA	NA	2.3720231180727	0.559208367889525	2	NEUT	1	1
IIICF_T_B3	chr9	4739681	4789472	66	0.573214	0.449612	5	GAIN	3	1	2	1	1	2.73701350976357	0.573628599388677	3	GAIN	2	1
IIICF_T_B3	chr9	4790127	5021738	212	0.552632	0.249485	3	HET	2	1	1	NA	NA	2.38049135228692	0.552974684711127	2	NEUT	1	1
IIICF_T_B3	chr9	5040876	5497346	308	0.552178	0.370549	5	GAIN	3	1	2	1	1	2.59022830823108	0.552490220091445	3	GAIN	2	1
IIICF_T_B3	chr9	5502190	5867810	242	0.555556	0.33182	3	HET	2	1	1	NA	NA	2.52120838047367	0.55589753380041	2	NEUT	1	1
IIICF_T_B3	chr9	5893861	6009761	113	0.551724	0.399895	5	GAIN	3	1	2	1	1	2.643774413238	0.552027234891413	3	GAIN	2	1
IIICF_T_B3	chr9	6010632	16138088	8435	0.55814	0.19997	3	HET	2	1	1	NA	NA	2.29965328436819	0.558531853858962	2	NEUT	1	1
IIICF_T_B3	chr9	16148775	31287949	10806	1	-0.726762	1	DLOH	1	0	1	1	1	1.20238348890201	1	1	HETD	1	0
IIICF_T_B3	chr9	31300163	31300236	3	0.538462	-0.581262	3	HET	2	1	1	NA	NA	1.33161782381388	0.538909675912497	2	NEUT	1	1
IIICF_T_B3	chr9	31303309	31774127	579	1	-0.664586	1	DLOH	1	0	1	1	1	1.25601817648013	1	1	HETD	1	0
IIICF_T_B3	chr9	31774474	31774775	5	0.62963	-0.712429	3	HET	2	1	1	NA	NA	1.21454330941807	0.631284260800026	2	NEUT	1	1
IIICF_T_B3	chr9	31775169	33791164	1003	1	-0.671592	1	DLOH	1	0	1	1	1	1.24985841580494	1	1	HETD	1	0
IIICF_T_B3	chr9	33793811	33804167	141	0.617647	-0.615931	3	HET	2	1	1	NA	NA	1.2996314969595	0.619050046590195	2	NEUT	1	1
IIICF_T_B3	chr9	33804254	34672999	578	1	-0.607063	1	DLOH	1	0	1	1	1	1.30774027731662	1	1	HETD	1	0
IIICF_T_B3	chr9	34681543	34681795	2	0.571014	-0.660601	3	HET	2	1	1	NA	NA	1.25953520632187	0.571887866574886	2	NEUT	1	1
IIICF_T_B3	chr9	34713080	35883544	348	1	-0.613436	1	DLOH	1	0	1	1	1	1.30190785483693	1	1	HETD	1	0
IIICF_T_B3	chr9	35883887	35884106	4	0.522282	-0.52897	3	HET	2	1	1	NA	NA	1.38134119512043	0.522532014196422	2	NEUT	1	1
IIICF_T_B3	chr9	35884171	38769613	1214	1	-0.662296	1	DLOH	1	0	1	1	1	1.25803806776101	1	1	HETD	1	0
IIICF_T_B3	chr9	66840056	68412270	163	0.627119	-0.497188	3	HET	2	1	1	NA	NA	1.41245448561909	0.62851391411589	2	NEUT	1	1
IIICF_T_B3	chr9	68412272	68413159	37	0.803774	-0.050775	5	GAIN	3	1	2	1	1	1.93029915310586	0.806213144015428	3	GAIN	2	1
IIICF_T_B3	chr9	68413160	68413195	2	0.964055	-0.050775	1	DLOH	1	0	1	1	1	1.93029915310586	0.967781115388675	1	HETD	1	0
IIICF_T_B3	chr9	68413240	68419569	194	0.70555	-0.050775	5	GAIN	3	1	2	1	1	1.93029915310586	0.707200457420224	3	GAIN	2	1
IIICF_T_B3	chr9	68419572	68419716	9	0.541213	-0.050775	3	HET	2	1	1	NA	NA	1.93029915310586	0.541543918519386	2	NEUT	1	1
IIICF_T_B3	chr9	68419718	68419957	17	0.664145	-0.050775	5	GAIN	3	1	2	1	1	1.93029915310586	0.665462997242728	3	GAIN	2	1
IIICF_T_B3	chr9	71071933	130509584	37976	1	-0.712311	1	DLOH	1	0	1	1	1	1.21464392039762	1	1	HETD	1	0
IIICF_T_B3	chr9	130531142	130892573	205	1	-0.217575	2	NLOH	2	0	2	1	1	1.71784984717153	1	2	NEUT	2	0
IIICF_T_B3	chr9	130892943	130900516	229	0.589744	-0.419168	3	HET	2	1	1	NA	NA	1.49180352130338	0.590676406426732	2	NEUT	1	1
IIICF_T_B3	chr9	130902725	131991809	531	1	-0.196298	2	NLOH	2	0	2	1	1	1.74360287776144	1	2	NEUT	2	0
IIICF_T_B3	chr9	132048953	132158542	26	1	-0.601801	1	DLOH	1	0	1	1	1	1.31257539478949	1	1	HETD	1	0
IIICF_T_B3	chr9	132158790	132159059	9	0.611111	-0.601801	3	HET	2	1	1	NA	NA	1.31257539478949	0.612423031497145	2	NEUT	1	1
IIICF_T_B3	chr9	132162468	133823473	1125	1	-0.608254	1	DLOH	1	0	1	1	1	1.30664834317302	1	1	HETD	1	0
IIICF_T_B3	chr9	133830609	133830686	3	0.6875	-0.579546	3	HET	2	1	1	NA	NA	1.33322109284372	0.689679769440373	2	NEUT	1	1
IIICF_T_B3	chr9	133830917	136416721	1986	1	-0.621886	1	DLOH	1	0	1	1	1	1.29421423098405	1	1	HETD	1	0
IIICF_T_B3	chr9	136453801	136453819	4	0.648462	-0.705403	3	HET	2	1	1	NA	NA	1.22054829131046	0.650347262388562	2	NEUT	1	1
IIICF_T_B3	chr9	136454663	140221503	3351	1	-0.665258	1	DLOH	1	0	1	1	1	1.25542604804377	1	1	HETD	1	0
IIICF_T_B3	chr9	140222527	140222564	3	0.656863	-0.479706	3	HET	2	1	1	NA	NA	1.42986311913282	0.658563346828765	2	NEUT	1	1
IIICF_T_B3	chr9	140227646	140777370	121	1	-0.673868	1	DLOH	1	0	1	1	1	1.24786375753605	1	1	HETD	1	0
IIICF_T_B3	chr9	140777432	140785395	48	0.656854	-0.248988	3	HET	2	1	1	NA	NA	1.6805161180238	0.658300653025586	2	NEUT	1	1
IIICF_T_B3	chr9	140786108	141017352	71	1	-0.616291	1	DLOH	1	0	1	1	1	1.29930336939262	1	1	HETD	1	0
IIICF_T_B3	chr10	133947	32084425	26048	0.588235	-0.016309	3	HET	2	1	1	NA	NA	1.97734401210157	0.588926624103874	2	NEUT	1	1
IIICF_T_B3	chr10	32111198	32479621	145	0.555556	0.43903	5	GAIN	3	1	2	1	1	2.71689801183326	0.555872934193356	3	GAIN	2	1
IIICF_T_B3	chr10	32480978	33449942	303	0.545455	0.302193	3	HET	2	1	1	NA	NA	2.46964612788517	0.545740271507674	2	NEUT	1	1
IIICF_T_B3	chr10	33450458	33668132	246	0.558824	0.41019	5	GAIN	3	1	2	1	1	2.66281872675169	0.559166392634782	3	GAIN	2	1
IIICF_T_B3	chr10	33669176	35277228	801	0.555556	0.301606	3	HET	2	1	1	NA	NA	2.46863518407536	0.555904807262152	2	NEUT	1	1
IIICF_T_B3	chr10	35278849	35527543	319	0.55814	0.39068	5	GAIN	3	1	2	1	1	2.62684282960402	0.558483046033664	3	GAIN	2	1
IIICF_T_B3	chr10	35529047	38211391	1123	0.558824	0.222709	3	HET	2	1	1	NA	NA	2.33643258728506	0.559214222908532	2	NEUT	1	1
IIICF_T_B3	chr10	43255039	46148326	1965	1	-0.732081	1	DLOH	1	0	1	1	1	1.19790160509512	1	1	HETD	1	0
IIICF_T_B3	chr10	46970039	47026425	327	0.681818	-0.314771	3	HET	2	1	1	NA	NA	1.60491900321593	0.683573881569783	2	NEUT	1	1
IIICF_T_B3	chr10	47026551	47026639	3	1	-0.150875	2	NLOH	2	0	2	1	1	1.79986901701026	1	2	NEUT	2	0
IIICF_T_B3	chr10	47026854	47033349	24	0.651087	-0.287385	3	HET	2	1	1	NA	NA	1.63597244366469	0.652518405156264	2	NEUT	1	1
IIICF_T_B3	chr10	47033980	47034449	3	1	-0.287385	2	NLOH	2	0	2	1	1	1.63597244366469	1	2	NEUT	2	0
IIICF_T_B3	chr10	47035228	47631405	761	0.705128	-0.281743	3	HET	2	1	1	NA	NA	1.64244355939407	0.70706373523246	2	NEUT	1	1
IIICF_T_B3	chr10	47631419	47637056	19	1	-0.235022	2	NLOH	2	0	2	1	1	1.69701410959179	1	2	NEUT	2	0
IIICF_T_B3	chr10	47637116	47637182	3	0.5	-0.235022	3	HET	2	1	1	NA	NA	1.69701410959179	0.5	2	NEUT	1	1
IIICF_T_B3	chr10	47637430	47653602	17	1	-0.285423	2	NLOH	2	0	2	1	1	1.63821989837899	1	2	NEUT	2	0
IIICF_T_B3	chr10	47654197	48560898	473	0.575	0.039807	3	HET	2	1	1	NA	NA	2.0563862073168	0.575565285759085	2	NEUT	1	1
IIICF_T_B3	chr10	48566558	56440040	5506	1	-0.730242	1	DLOH	1	0	1	1	1	1.19944931058609	1	1	HETD	1	0
IIICF_T_B3	chr10	56444054	56454808	23	1	-0.0733	2	NLOH	2	0	2	1	1	1.90015506361884	1	2	NEUT	2	0
IIICF_T_B3	chr10	56455124	56455182	2	0.734492	-0.0733	3	HET	2	1	1	NA	NA	1.90015506361884	0.736404715824827	2	NEUT	1	1
IIICF_T_B3	chr10	56455565	56468676	20	1	-0.079977	2	NLOH	2	0	2	1	1	1.89130962476994	1	2	NEUT	2	0
IIICF_T_B3	chr10	56480003	58931196	1595	1	-0.729519	1	DLOH	1	0	1	1	1	1.20005832908711	1	1	HETD	1	0
IIICF_T_B3	chr10	58939730	58940956	18	0.538293	-0.6767	3	HET	2	1	1	NA	NA	1.24538621746667	0.538769570109813	2	NEUT	1	1
IIICF_T_B3	chr10	58953622	93792067	23517	1	-0.677543	1	DLOH	1	0	1	1	1	1.24464966819141	1	1	HETD	1	0
IIICF_T_B3	chr10	93792947	93793238	4	0.601852	-0.628231	3	HET	2	1	1	NA	NA	1.28846673433379	0.603077202331371	2	NEUT	1	1
IIICF_T_B3	chr10	93793409	126654117	19342	1	-0.692652	1	DLOH	1	0	1	1	1	1.23152129491676	1	1	HETD	1	0
IIICF_T_B3	chr10	126677178	126677873	19	0.575	-0.633619	3	HET	2	1	1	NA	NA	1.28360592487425	0.575905609592204	2	NEUT	1	1
IIICF_T_B3	chr10	126678922	127572773	556	1	-0.698917	1	DLOH	1	0	1	1	1	1.22611776550775	1	1	HETD	1	0
IIICF_T_B3	chr10	127575250	127594668	311	0.714286	-0.08277	3	HET	2	1	1	NA	NA	1.88762168986247	0.716045504179022	2	NEUT	1	1
IIICF_T_B3	chr10	127594979	127940182	549	1	-0.712095	1	DLOH	1	0	1	1	1	1.21482811096831	1	1	HETD	1	0
IIICF_T_B3	chr10	127940238	127940632	5	0.666667	-0.659751	3	HET	2	1	1	NA	NA	1.26028664623912	0.66871670682492	2	NEUT	1	1
IIICF_T_B3	chr10	127941244	134177278	5480	1	-0.775753	1	DLOH	1	0	1	1	1	1.16172097386229	1	1	HETD	1	0
IIICF_T_B3	chr10	134177919	134177921	2	0.722829	-0.408453	3	HET	2	1	1	NA	NA	1.50304004335584	0.725126802109532	2	NEUT	1	1
IIICF_T_B3	chr10	134179827	135424194	652	1	-0.714475	1	DLOH	1	0	1	1	1	1.21280012505605	1	1	HETD	1	0
IIICF_T_B3	chr11	190010	199813	70	0.607555	0.545339	5	GAIN	3	1	2	1	1	2.92584623936988	0.608124758180011	3	GAIN	2	1
IIICF_T_B3	chr11	202253	478401	217	0.655172	0.891505	8	BCNA	4	2	2	1	1	3.7234742743717	0.655817916626283	4	AMP	2	2
IIICF_T_B3	chr11	492034	529967	48	0.666667	0.794362	5	GAIN	3	1	2	1	1	3.48000176712737	0.667409303686324	3	GAIN	2	1
IIICF_T_B3	chr11	540158	978219	469	0.666667	0.888192	8	BCNA	4	2	2	1	1	3.71489795926388	0.667362367185984	4	AMP	2	2
IIICF_T_B3	chr11	979804	2612697	1000	0.672131	0.80887	5	GAIN	3	1	2	1	1	3.5153304906296	0.6728899346724	3	GAIN	2	1
IIICF_T_B3	chr11	2649524	3963675	964	0.666667	0.89223	8	BCNA	4	2	2	1	1	3.72535369932499	0.667360415538133	4	AMP	2	2
IIICF_T_B3	chr11	3972788	4509105	317	0.666667	0.788534	5	GAIN	3	1	2	1	1	3.46590960813689	0.667412321843965	3	GAIN	2	1
IIICF_T_B3	chr11	4510285	4538785	122	0.648091	0.853835	8	BCNA	4	2	2	1	1	3.62711003194167	0.648723818837791	4	AMP	2	2
IIICF_T_B3	chr11	4539168	5144391	447	0.666667	0.774444	5	GAIN	3	1	2	1	1	3.43207411914275	0.667419669683252	3	GAIN	2	1
IIICF_T_B3	chr11	5146740	6109700	1062	1	0.236409	2	NLOH	2	0	2	1	1	2.35887318661684	1	2	NEUT	2	0
IIICF_T_B3	chr11	6109994	6961167	730	1	0.307039	4	ALOH	3	0	3	1	1	2.47800774496302	1	3	GAIN	3	0
IIICF_T_B3	chr11	6963098	8559695	1267	1	0.248647	2	NLOH	2	0	2	1	1	2.37910002766896	1	2	NEUT	2	0
IIICF_T_B3	chr11	8560571	10969708	1678	1	0.335943	4	ALOH	3	0	3	1	1	2.52846826874493	1	3	GAIN	3	0
IIICF_T_B3	chr11	10970173	11549876	851	1	0.238311	2	NLOH	2	0	2	1	1	2.36200554273886	1	2	NEUT	2	0
IIICF_T_B3	chr11	11550499	13069827	942	1	0.333664	4	ALOH	3	0	3	1	1	2.52445278035634	1	3	GAIN	3	0
IIICF_T_B3	chr11	13073368	14108229	808	1	0.246164	2	NLOH	2	0	2	1	1	2.37498226456733	1	2	NEUT	2	0
IIICF_T_B3	chr11	14110461	14708104	274	1	0.27715	4	ALOH	3	0	3	1	1	2.42688002028394	1	3	GAIN	3	0
IIICF_T_B3	chr11	14758614	16338128	996	1	0.182473	2	NLOH	2	0	2	1	1	2.27174470252119	1	2	NEUT	2	0
IIICF_T_B3	chr11	16341235	16884769	312	1	-0.671207	1	DLOH	1	0	1	1	1	1.2501961363256	1	1	HETD	1	0
IIICF_T_B3	chr11	16909949	16910366	5	0.666667	-0.743564	3	HET	2	1	1	NA	NA	1.18828198512713	0.668840910041963	2	NEUT	1	1
IIICF_T_B3	chr11	16932646	17451142	190	1	-0.65747	1	DLOH	1	0	1	1	1	1.26230534688735	1	1	HETD	1	0
IIICF_T_B3	chr11	17457422	17457614	16	0.698006	-0.504913	3	HET	2	1	1	NA	NA	1.40482885288386	0.700190572164896	2	NEUT	1	1
IIICF_T_B3	chr11	17495180	19028494	1335	1	-0.669202	1	DLOH	1	0	1	1	1	1.25195637217665	1	1	HETD	1	0
IIICF_T_B3	chr11	19028563	19028576	3	0.535714	-0.692783	3	HET	2	1	1	NA	NA	1.23140806774545	0.536163518907144	2	NEUT	1	1
IIICF_T_B3	chr11	19029310	19849415	648	1	-0.692783	1	DLOH	1	0	1	1	1	1.23140806774545	1	1	HETD	1	0
IIICF_T_B3	chr11	19849631	19849691	5	0.567568	-0.568549	3	HET	2	1	1	NA	NA	1.34354104937387	0.56834747391763	2	NEUT	1	1
IIICF_T_B3	chr11	19852682	48340048	19041	1	-0.750219	1	DLOH	1	0	1	1	1	1.18274185701322	1	1	HETD	1	0
IIICF_T_B3	chr11	48340191	48388782	1159	0.564103	-0.783338	3	HET	2	1	1	NA	NA	1.15554795484715	0.56496280871963	2	NEUT	1	1
IIICF_T_B3	chr11	48389838	48804232	38	1	-0.728296	1	DLOH	1	0	1	1	1	1.20108921725833	1	1	HETD	1	0
IIICF_T_B3	chr11	48804996	48817861	10	0.902406	-0.25012	3	HET	2	1	1	NA	NA	1.67918587403102	0.906120301374188	2	NEUT	1	1
IIICF_T_B3	chr11	48830132	48833758	4	1	-0.740853	1	DLOH	1	0	1	1	1	1.19054616365698	1	1	HETD	1	0
IIICF_T_B3	chr11	48833916	48897170	41	0.757576	-0.58764	3	HET	2	1	1	NA	NA	1.32567550847689	0.760587477517684	2	NEUT	1	1
IIICF_T_B3	chr11	48930920	48938459	9	1	-0.711292	1	DLOH	1	0	1	1	1	1.2155130983441	1	1	HETD	1	0
IIICF_T_B3	chr11	48938738	48946422	13	0.736842	-0.465693	3	HET	2	1	1	NA	NA	1.4439704290966	0.739384212699629	2	NEUT	1	1
IIICF_T_B3	chr11	48949316	50415438	437	1	-0.794989	1	DLOH	1	0	1	1	1	1.14612882887152	1	1	HETD	1	0
IIICF_T_B3	chr11	50417293	104277769	30445	0.56	0.126948	3	HET	2	1	1	NA	NA	2.18538801404867	0.560425533893552	2	NEUT	1	1
IIICF_T_B3	chr11	104284059	104399563	159	0.645833	0.560497	5	GAIN	3	1	2	1	1	2.95691306725652	0.646597414148868	3	GAIN	2	1
IIICF_T_B3	chr11	104402430	134939292	21005	0.571429	-0.038957	3	HET	2	1	1	NA	NA	1.94630384419197	0.571997820700994	2	NEUT	1	1
IIICF_T_B3	chr12	190980	225916	25	0.658537	0.949935	8	BCNA	4	2	2	1	1	3.8780132444655	0.659170625739881	4	AMP	2	2
IIICF_T_B3	chr12	228948	323905	151	0.655172	0.815128	5	GAIN	3	1	2	1	1	3.53067948980174	0.655853187275226	3	GAIN	2	1
IIICF_T_B3	chr12	332662	679980	325	0.662338	0.879718	8	BCNA	4	2	2	1	1	3.69305084089493	0.663019312517691	4	AMP	2	2
IIICF_T_B3	chr12	681350	799297	159	0.658537	0.792745	5	GAIN	3	1	2	1	1	3.47608613793891	0.659243889563085	3	GAIN	2	1
IIICF_T_B3	chr12	804557	2144121	738	0.653061	0.922076	8	BCNA	4	2	2	1	1	3.80354928751185	0.653684716110007	4	AMP	2	2
IIICF_T_B3	chr12	2172930	2759141	248	0.666667	0.804176	5	GAIN	3	1	2	1	1	3.50386113550563	0.667404249006239	3	GAIN	2	1
IIICF_T_B3	chr12	2759709	2788879	50	0.655398	0.941508	8	BCNA	4	2	2	1	1	3.85533694110472	0.656022733146529	4	AMP	2	2
IIICF_T_B3	chr12	2791132	2928323	115	0.661972	0.827992	5	GAIN	3	1	2	1	1	3.56244090033218	0.662676699137731	3	GAIN	2	1
IIICF_T_B3	chr12	2930269	3449550	423	0.657143	0.89077	8	BCNA	4	2	2	1	1	3.72156989017241	0.657797455804905	4	AMP	2	2
IIICF_T_B3	chr12	3461462	5939941	1844	0.66129	0.818034	5	GAIN	3	1	2	1	1	3.53782970587829	0.661996613582627	3	GAIN	2	1
IIICF_T_B3	chr12	5940793	7837978	833	0.655172	0.931765	8	BCNA	4	2	2	1	1	3.82928396643044	0.65580006884066	4	AMP	2	2
IIICF_T_B3	chr12	7839646	7869276	43	0.673913	0.783329	5	GAIN	3	1	2	1	1	3.45337190353375	0.674693548977259	3	GAIN	2	1
IIICF_T_B3	chr12	7870686	8309235	422	0.661652	0.899465	8	BCNA	4	2	2	1	1	3.74416089605747	0.662321172434446	4	AMP	2	2
IIICF_T_B3	chr12	8609211	10382090	707	0.658537	0.830532	5	GAIN	3	1	2	1	1	3.56874574827446	0.659225535744661	3	GAIN	2	1
IIICF_T_B3	chr12	10414360	11139712	668	0.652174	0.873751	8	BCNA	4	2	2	1	1	3.67774391999105	0.652815313576392	4	AMP	2	2
IIICF_T_B3	chr12	11140444	11210226	174	0.722813	0.776096	5	GAIN	3	1	2	1	1	3.43602412463397	0.723818068785498	3	GAIN	2	1
IIICF_T_B3	chr12	11211904	11220791	60	0.640568	0.931127	8	BCNA	4	2	2	1	1	3.82758407190387	0.641137210877362	4	AMP	2	2
IIICF_T_B3	chr12	11221383	11221823	33	0.780488	0.924397	7	ASCNA	4	1	3	1	1	3.80969829716468	0.781629130111715	4	AMP	3	1
IIICF_T_B3	chr12	11221882	11225628	144	0.641509	0.924397	8	BCNA	4	2	2	1	1	3.80969829716468	0.642084711549081	4	AMP	2	2
IIICF_T_B3	chr12	11225658	11233856	143	0.74	1.088066	7	ASCNA	4	1	3	1	1	4.26922766231918	0.740871311388474	4	AMP	3	1
IIICF_T_B3	chr12	11235999	11236466	21	0.623656	1.088066	8	BCNA	4	2	2	1	1	4.26922766231918	0.624104928671054	4	AMP	2	2
IIICF_T_B3	chr12	11236467	11282534	204	0.737469	0.815956	7	ASCNA	4	1	3	1	1	3.53271531767145	0.738510860914049	4	AMP	3	1
IIICF_T_B3	chr12	11282556	11323851	118	0.652174	0.806939	5	GAIN	3	1	2	1	1	3.51060775209611	0.652845845809312	3	GAIN	2	1
IIICF_T_B3	chr12	11324355	11411923	113	0.651163	0.896186	8	BCNA	4	2	2	1	1	3.73562553249707	0.651790182065253	4	AMP	2	2
IIICF_T_B3	chr12	11421522	11559243	85	0.645161	0.803531	5	GAIN	3	1	2	1	1	3.50228805176653	0.645803405946518	3	GAIN	2	1
IIICF_T_B3	chr12	11586100	11609100	55	0.666667	0.921973	8	BCNA	4	2	2	1	1	3.80327663948192	0.667346208583813	4	AMP	2	2
IIICF_T_B3	chr12	11621384	12169221	311	0.647059	0.844187	5	GAIN	3	1	2	1	1	3.60283141239442	0.647691643618121	3	GAIN	2	1
IIICF_T_B3	chr12	12171246	13988870	1028	0.661154	0.901314	8	BCNA	4	2	2	1	1	3.74898247515916	0.661820252946755	4	AMP	2	2
IIICF_T_B3	chr12	13990434	15395799	701	0.666667	0.85086	5	GAIN	3	1	2	1	1	3.61960629986235	0.667380673788293	3	GAIN	2	1
IIICF_T_B3	chr12	15400293	16129119	433	0.657143	0.878856	8	BCNA	4	2	2	1	1	3.69083567048244	0.657802905570291	4	AMP	2	2
IIICF_T_B3	chr12	16130022	16329144	69	0.661538	0.833072	5	GAIN	3	1	2	1	1	3.57506170627046	0.662238329826393	3	GAIN	2	1
IIICF_T_B3	chr12	16330884	16359628	88	0.666667	0.987241	8	BCNA	4	2	2	1	1	3.98000684775863	0.667316048667242	4	AMP	2	2
IIICF_T_B3	chr12	16360084	18578173	1815	0.660714	0.833643	5	GAIN	3	1	2	1	1	3.57648308503776	0.661410480559233	3	GAIN	2	1
IIICF_T_B3	chr12	18584676	18819726	232	0.661414	0.887728	8	BCNA	4	2	2	1	1	3.71369838073076	0.662087668181193	4	AMP	2	2
IIICF_T_B3	chr12	18820035	18913959	105	0.656716	0.838125	5	GAIN	3	1	2	1	1	3.58765959711298	0.657393038821715	3	GAIN	2	1
IIICF_T_B3	chr12	18917328	19695269	248	0.650794	0.884166	8	BCNA	4	2	2	1	1	3.70450238512802	0.651424907436406	4	AMP	2	2
IIICF_T_B3	chr12	19743723	21038416	1037	0.666667	0.798289	5	GAIN	3	1	2	1	1	3.48952944367712	0.66740727692898	3	GAIN	2	1
IIICF_T_B3	chr12	21056715	21864377	751	0.666667	0.903708	8	BCNA	4	2	2	1	1	3.7552344206987	0.667354897971406	4	AMP	2	2
IIICF_T_B3	chr12	21869015	21989354	68	0.67029	0.830822	5	GAIN	3	1	2	1	1	3.56946629939894	0.671029430436483	3	GAIN	2	1
IIICF_T_B3	chr12	21991400	22255833	119	0.673913	0.926286	8	BCNA	4	2	2	1	1	3.81471011923878	0.674619613562536	4	AMP	2	2
IIICF_T_B3	chr12	22263468	24099662	1042	0.655738	0.832002	5	GAIN	3	1	2	1	1	3.57239969122913	0.656413687700494	3	GAIN	2	1
IIICF_T_B3	chr12	24112301	24149417	51	0.634615	0.940301	8	BCNA	4	2	2	1	1	3.85209984294969	0.635156635827682	4	AMP	2	2
IIICF_T_B3	chr12	24150441	24729385	431	0.551724	0.290391	3	HET	2	1	1	NA	NA	2.4493992665424	0.552051298476026	2	NEUT	1	1
IIICF_T_B3	chr12	24740304	24798946	53	0.59322	0.583565	5	GAIN	3	1	2	1	1	3.00482251519596	0.593700841272041	3	GAIN	2	1
IIICF_T_B3	chr12	24801854	26067853	999	0.555556	0.326509	3	HET	2	1	1	NA	NA	2.51188715437296	0.555898801179707	2	NEUT	1	1
IIICF_T_B3	chr12	26087753	28126939	1496	0.552632	0.366543	5	GAIN	3	1	2	1	1	2.58300289661106	0.552947817683545	3	GAIN	2	1
IIICF_T_B3	chr12	28139733	28417728	340	0.55	0.316905	3	HET	2	1	1	NA	NA	2.49511825656665	0.550310592049126	2	NEUT	1	1
IIICF_T_B3	chr12	28433113	28649875	249	0.555556	0.366933	5	GAIN	3	1	2	1	1	2.58370543790266	0.555889272464878	3	GAIN	2	1
IIICF_T_B3	chr12	28660206	31128988	2590	0.558824	0.274601	3	HET	2	1	1	NA	NA	2.4225685559237	0.559200348284373	2	NEUT	1	1
IIICF_T_B3	chr12	31130350	31500911	75	0.552239	0.400167	5	GAIN	3	1	2	1	1	2.6442758294167	0.5525451960353	3	GAIN	2	1
IIICF_T_B3	chr12	31502991	133819755	63562	0.571429	-0.055641	3	HET	2	1	1	NA	NA	1.92374731414336	0.572004490298992	2	NEUT	1	1
IIICF_T_B3	chr13	20140719	63621174	28963	0.558824	0.200938	3	HET	2	1	1	NA	NA	2.30120719536497	0.55922019618852	2	NEUT	1	1
IIICF_T_B3	chr13	63621190	63623381	50	0.729686	0.20523	5	GAIN	3	1	2	1	1	2.30810963086436	0.731228373500329	3	GAIN	2	1
IIICF_T_B3	chr13	63623532	63627433	55	0.588235	0.20523	3	HET	2	1	1	NA	NA	2.30810963086436	0.588827510321924	2	NEUT	1	1
IIICF_T_B3	chr13	63629235	63648786	984	0.751679	0.184242	5	GAIN	3	1	2	1	1	2.27455098946338	0.753393994636812	3	GAIN	2	1
IIICF_T_B3	chr13	63648864	115093704	34907	0.558824	0.130321	3	HET	2	1	1	NA	NA	2.19053967640138	0.559240212283037	2	NEUT	1	1
IIICF_T_B3	chr14	20211239	106687148	56361	0.566667	0.145485	3	HET	2	1	1	NA	NA	2.21384938382106	0.567133739229628	2	NEUT	1	1
IIICF_T_B3	chr14	106691545	106838083	198	0.63972	0.662934	5	GAIN	3	1	2	1	1	3.17563931340605	0.640401928546164	3	GAIN	2	1
IIICF_T_B3	chr14	106840081	106879928	140	0.650758	0.163108	3	HET	2	1	1	NA	NA	2.24124862429213	0.651800561768307	2	NEUT	1	1
IIICF_T_B3	chr14	106891046	106918544	111	1	-0.706377	1	DLOH	1	0	1	1	1	1.21971408588624	1	1	HETD	1	0
IIICF_T_B3	chr14	106918871	106941481	163	0.588235	-0.146322	3	HET	2	1	1	NA	NA	1.80560718598056	0.588992406589339	2	NEUT	1	1
IIICF_T_B3	chr14	106942427	106977108	71	1	-0.728639	1	DLOH	1	0	1	1	1	1.20080000835367	1	1	HETD	1	0
IIICF_T_B3	chr14	106977390	106977632	7	0.571429	-0.728639	3	HET	2	1	1	NA	NA	1.20080000835367	0.572350966946452	2	NEUT	1	1
IIICF_T_B3	chr14	106977800	106986643	33	1	-0.876957	1	DLOH	1	0	1	1	1	1.08196978108749	1	1	HETD	1	0
IIICF_T_B3	chr14	106987672	106987725	7	0.666667	-0.876957	3	HET	2	1	1	NA	NA	1.08196978108749	0.669054514129604	2	NEUT	1	1
IIICF_T_B3	chr14	106988115	107001565	66	1	-0.811238	1	DLOH	1	0	1	1	1	1.13311887404254	1	1	HETD	1	0
IIICF_T_B3	chr14	107009425	107010396	31	0.55814	-0.807767	3	HET	2	1	1	NA	NA	1.13588567738893	0.55893332632825	2	NEUT	1	1
IIICF_T_B3	chr14	107010826	107023267	97	1	-0.728352	1	DLOH	1	0	1	1	1	1.20104199478126	1	1	HETD	1	0
IIICF_T_B3	chr14	107023409	107038507	424	0.6	-0.496068	3	HET	2	1	1	NA	NA	1.41356347201037	0.601096468474833	2	NEUT	1	1
IIICF_T_B3	chr14	107038713	107045318	11	1	-0.787648	1	DLOH	1	0	1	1	1	1.15205471355441	1	1	HETD	1	0
IIICF_T_B3	chr14	107045817	107046058	19	0.583333	-0.787648	3	HET	2	1	1	NA	NA	1.15205471355441	0.584454128454439	2	NEUT	1	1
IIICF_T_B3	chr14	107046720	107107799	105	1	-0.826528	1	DLOH	1	0	1	1	1	1.12100984613984	1	1	HETD	1	0
IIICF_T_B3	chr14	107107806	107109681	88	0.580171	-0.658793	3	HET	2	1	1	NA	NA	1.26113409408029	0.581156297764712	2	NEUT	1	1
IIICF_T_B3	chr14	107109691	107109694	3	1	-0.658793	1	DLOH	1	0	1	1	1	1.26113409408029	1	1	HETD	1	0
IIICF_T_B3	chr14	107109710	107115875	195	0.588235	-0.496297	3	HET	2	1	1	NA	NA	1.4133366538755	0.589202624222205	2	NEUT	1	1
IIICF_T_B3	chr14	107116040	107233999	30	1	-0.705049	1	DLOH	1	0	1	1	1	1.22085162258597	1	1	HETD	1	0
IIICF_T_B3	chr14	107238230	107243015	118	0.588933	-0.565693	3	HET	2	1	1	NA	NA	1.34623410888024	0.589956891214211	2	NEUT	1	1
IIICF_T_B3	chr14	107243252	107254267	16	1	-0.565693	1	DLOH	1	0	1	1	1	1.34623410888024	1	1	HETD	1	0
IIICF_T_B3	chr14	107255998	107263370	85	0.589744	-0.438854	3	HET	2	1	1	NA	NA	1.47137561870163	0.590689351528872	2	NEUT	1	1
IIICF_T_B3	chr14	107265439	107268223	4	1	-0.438854	1	DLOH	1	0	1	1	1	1.47137561870163	1	1	HETD	1	0
IIICF_T_B3	chr15	21910347	21918142	50	0.804738	-0.24886	3	HET	2	1	1	NA	NA	1.68066660000039	0.807548324743243	2	NEUT	1	1
IIICF_T_B3	chr15	21918684	21918685	2	0.994737	-0.24886	2	NLOH	2	0	2	1	1	1.68066660000039	0.999299514791387	2	NEUT	2	0
IIICF_T_B3	chr15	21918843	21919650	11	0.806723	-0.24886	5	GAIN	3	1	2	1	1	1.68066660000039	0.809551630614566	3	GAIN	2	1
IIICF_T_B3	chr15	22330801	22331920	3	1	0.006943	2	NLOH	2	0	2	1	1	2.00972300967524	1	2	NEUT	2	0
IIICF_T_B3	chr15	22333041	22333353	3	0.710145	0.006943	3	HET	2	1	1	NA	NA	2.00972300967524	0.711765668980999	2	NEUT	1	1
IIICF_T_B3	chr15	22333819	22431914	32	1	-0.293234	2	NLOH	2	0	2	1	1	1.62929057155251	1	2	NEUT	2	0
IIICF_T_B3	chr15	22431980	22431980	1	0.573529	-0.181204	3	HET	2	1	1	NA	NA	1.76210385724887	0.574175753252246	2	NEUT	1	1
IIICF_T_B3	chr15	22432157	22472159	20	1	-0.181204	2	NLOH	2	0	2	1	1	1.76210385724887	1	2	NEUT	2	0
IIICF_T_B3	chr15	22473106	22473167	3	0.758621	-0.261348	3	HET	2	1	1	NA	NA	1.66604791198158	0.761026956459019	2	NEUT	1	1
IIICF_T_B3	chr15	22473652	22483564	25	1	-0.261348	2	NLOH	2	0	2	1	1	1.66604791198158	1	2	NEUT	2	0
IIICF_T_B3	chr15	22485308	22485308	1	0.654545	-0.186727	3	HET	2	1	1	NA	NA	1.75531175394446	0.655909621349321	2	NEUT	1	1
IIICF_T_B3	chr15	22485383	22486763	6	0.991228	-0.186727	2	NLOH	2	0	2	1	1	1.75531175394446	0.995565508273863	2	NEUT	2	0
IIICF_T_B3	chr15	22486924	22489988	91	0.643564	-0.186727	3	HET	2	1	1	NA	NA	1.75531175394446	0.64483165990096	2	NEUT	1	1
IIICF_T_B3	chr15	22500808	22503766	11	1	-0.143447	2	NLOH	2	0	2	1	1	1.80923990199456	1	2	NEUT	2	0
IIICF_T_B3	chr15	22503843	22505078	3	0.685714	-0.143447	3	HET	2	1	1	NA	NA	1.80923990199456	0.68730496252633	2	NEUT	1	1
IIICF_T_B3	chr15	22506137	22519950	34	1	-0.280146	2	NLOH	2	0	2	1	1	1.64427984540036	1	2	NEUT	2	0
IIICF_T_B3	chr15	22530101	22539446	39	0.688889	-0.194543	3	HET	2	1	1	NA	NA	1.74574408066305	0.690566017338791	2	NEUT	1	1
IIICF_T_B3	chr15	22767538	30965530	4551	1	-0.706063	1	DLOH	1	0	1	1	1	1.21998295712824	1	1	HETD	1	0
IIICF_T_B3	chr15	30966765	30966769	2	0.543103	-0.606235	3	HET	2	1	1	NA	NA	1.30849993669681	0.543613558200351	2	NEUT	1	1
IIICF_T_B3	chr15	30967896	34668125	2522	1	-0.55215	1	DLOH	1	0	1	1	1	1.35907728518208	1	1	HETD	1	0
IIICF_T_B3	chr15	34668312	34668483	8	0.625	-0.685466	3	HET	2	1	1	NA	NA	1.23774814402686	0.626565269751883	2	NEUT	1	1
IIICF_T_B3	chr15	34668709	36380920	1108	1	-0.577186	1	DLOH	1	0	1	1	1	1.33542917203414	1	1	HETD	1	0
IIICF_T_B3	chr15	36381000	36381060	8	0.760367	-0.534839	3	HET	2	1	1	NA	NA	1.37567027790346	0.763300479438205	2	NEUT	1	1
IIICF_T_B3	chr15	36381841	47402641	5573	1	-0.552626	1	DLOH	1	0	1	1	1	1.35862383486974	1	1	HETD	1	0
IIICF_T_B3	chr15	47402829	47403139	7	0.658537	-0.686429	3	HET	2	1	1	NA	NA	1.23691187958639	0.660523567557355	2	NEUT	1	1
IIICF_T_B3	chr15	47403733	63388274	10991	1	-0.533122	1	DLOH	1	0	1	1	1	1.37732694131666	1	1	HETD	1	0
IIICF_T_B3	chr15	63400345	63589972	163	1	-0.383731	2	NLOH	2	0	2	1	1	1.52928594219589	1	2	NEUT	2	0
IIICF_T_B3	chr15	63590993	67269993	1621	1	-0.447776	1	DLOH	1	0	1	1	1	1.46220877331451	1	1	HETD	1	0
IIICF_T_B3	chr15	67271339	67299931	65	1	-0.31713	2	NLOH	2	0	2	1	1	1.60227156691466	1	2	NEUT	2	0
IIICF_T_B3	chr15	67300133	76552432	4901	1	-0.494572	1	DLOH	1	0	1	1	1	1.41504610460469	1	1	HETD	1	0
IIICF_T_B3	chr15	76552790	76553588	19	0.617647	-0.627579	3	HET	2	1	1	NA	NA	1.28905617143439	0.619061557085042	2	NEUT	1	1
IIICF_T_B3	chr15	76553790	90859095	8004	1	-0.529208	1	DLOH	1	0	1	1	1	1.38111077871029	1	1	HETD	1	0
IIICF_T_B3	chr15	90861405	90889337	59	1	-0.372454	2	NLOH	2	0	2	1	1	1.5414082584613	1	2	NEUT	2	0
IIICF_T_B3	chr15	90889812	90890051	2	0.728399	-0.472405	3	HET	2	1	1	NA	NA	1.43719615711886	0.730862142934512	2	NEUT	1	1
IIICF_T_B3	chr15	90947108	102115207	9175	1	-0.607032	1	DLOH	1	0	1	1	1	1.30776871081487	1	1	HETD	1	0
IIICF_T_B3	chr16	94168	10789867	9787	0.5625	0.110987	3	HET	2	1	1	NA	NA	2.16117308469308	0.562948231042672	2	NEUT	1	1
IIICF_T_B3	chr16	10790270	10809263	47	0.583333	0.433294	5	GAIN	3	1	2	1	1	2.70605586257722	0.583810300316781	3	GAIN	2	1
IIICF_T_B3	chr16	10810647	33933157	13241	0.566667	0.144219	3	HET	2	1	1	NA	NA	2.21189393423186	0.567134151855668	2	NEUT	1	1
IIICF_T_B3	chr16	33933302	33946398	213	0.680851	0.158915	5	GAIN	3	1	2	1	1	2.23469921073681	0.682105334312018	3	GAIN	2	1
IIICF_T_B3	chr16	33946439	33964502	454	0.652268	0.095742	3	HET	2	1	1	NA	NA	2.1382932241932	0.653371704586348	2	NEUT	1	1
IIICF_T_B3	chr16	33964547	33968049	268	0.685545	0.128444	5	GAIN	3	1	2	1	1	2.18767140379886	0.686859554600049	3	GAIN	2	1
IIICF_T_B3	chr16	33968055	33968341	13	0.578804	0.128444	3	HET	2	1	1	NA	NA	2.18767140379886	0.579362312865894	2	NEUT	1	1
IIICF_T_B3	chr16	33968384	33971112	95	0.715074	0.128444	5	GAIN	3	1	2	1	1	2.18767140379886	0.716597762516106	3	GAIN	2	1
IIICF_T_B3	chr16	33971209	33971284	9	0.571237	0.034302	3	HET	2	1	1	NA	NA	2.04849542231047	0.571775991712469	2	NEUT	1	1
IIICF_T_B3	chr16	33971330	33972956	37	0.712446	0.034302	5	GAIN	3	1	2	1	1	2.04849542231047	0.714053403924185	3	GAIN	2	1
IIICF_T_B3	chr16	33972991	33973329	20	0.602546	0.034302	3	HET	2	1	1	NA	NA	2.04849542231047	0.60332188113125	2	NEUT	1	1
IIICF_T_B3	chr16	33973374	33978469	72	0.686958	0.034302	5	GAIN	3	1	2	1	1	2.04849542231047	0.688372557218577	3	GAIN	2	1
IIICF_T_B3	chr16	33978546	34189849	416	0.622432	0.111506	3	HET	2	1	1	NA	NA	2.16195626904478	0.623309727090027	2	NEUT	1	1
IIICF_T_B3	chr16	34189871	34196747	320	0.711424	0.126413	5	GAIN	3	1	2	1	1	2.18457200209112	0.712924028067468	3	GAIN	2	1
IIICF_T_B3	chr16	34196782	79009663	20258	0.56	0.159254	3	HET	2	1	1	NA	NA	2.23522801751527	0.560416045550277	2	NEUT	1	1
IIICF_T_B3	chr16	79010027	79135829	178	1	-0.881029	1	DLOH	1	0	1	1	1	1.07887654717828	1	1	HETD	1	0
IIICF_T_B3	chr16	79156561	82929923	4432	0.558824	0.194307	3	HET	2	1	1	NA	NA	2.29058344594746	0.559222033750489	2	NEUT	1	1
IIICF_T_B3	chr16	82932901	83036902	232	0.652174	0.722774	5	GAIN	3	1	2	1	1	3.31078452449786	0.652886395231079	3	GAIN	2	1
IIICF_T_B3	chr16	83038305	90149995	6357	0.56	0.223081	3	HET	2	1	1	NA	NA	2.33703911287636	0.560397920884344	2	NEUT	1	1
IIICF_T_B3	chr17	828	4808293	3913	0.558824	0.283599	3	HET	2	1	1	NA	NA	2.43782215307501	0.559197993450937	2	NEUT	1	1
IIICF_T_B3	chr17	4810686	4920874	91	0.55814	0.402582	5	GAIN	3	1	2	1	1	2.64873188970211	0.558480211109043	3	GAIN	2	1
IIICF_T_B3	chr17	4922128	7155861	1384	0.558824	0.274078	3	HET	2	1	1	NA	NA	2.42168487756821	0.559200485614724	2	NEUT	1	1
IIICF_T_B3	chr17	7163350	7557834	206	0.548387	0.399229	5	GAIN	3	1	2	1	1	2.64254708002158	0.548670803290631	3	GAIN	2	1
IIICF_T_B3	chr17	7579312	15918222	6935	0.55814	0.21063	3	HET	2	1	1	NA	NA	2.31682318408786	0.558528949843019	2	NEUT	1	1
IIICF_T_B3	chr17	15921071	16370068	471	0.5625	0.351537	5	GAIN	3	1	2	1	1	2.55611500074949	0.562878975462709	3	GAIN	2	1
IIICF_T_B3	chr17	16372769	17456643	476	0.55814	0.327303	3	HET	2	1	1	NA	NA	2.51327850672846	0.558498546818962	2	NEUT	1	1
IIICF_T_B3	chr17	17460674	18127914	582	0.5625	0.364548	5	GAIN	3	1	2	1	1	2.57941209672417	0.562875552578968	3	GAIN	2	1
IIICF_T_B3	chr17	18130132	18216100	77	0.555556	0.225877	3	HET	2	1	1	NA	NA	2.34160284616175	0.555923730113252	2	NEUT	1	1
IIICF_T_B3	chr17	18219835	19628463	389	0.558824	0.402777	5	GAIN	3	1	2	1	1	2.64909202138274	0.55916816679845	3	GAIN	2	1
IIICF_T_B3	chr17	19629804	21207649	876	0.555556	0.290226	3	HET	2	1	1	NA	NA	2.44911737397903	0.55590758702027	2	NEUT	1	1
IIICF_T_B3	chr17	21207844	21212645	145	0.67619	0.218202	5	GAIN	3	1	2	1	1	2.32909658326233	0.677362479399381	3	GAIN	2	1
IIICF_T_B3	chr17	21212662	21221076	196	0.553571	0.218202	3	HET	2	1	1	NA	NA	2.32909658326233	0.5539274952262	2	NEUT	1	1
IIICF_T_B3	chr17	21221199	21228841	259	0.66087	0.25681	5	GAIN	3	1	2	1	1	2.39268745839848	0.661912078779553	3	GAIN	2	1
IIICF_T_B3	chr17	21228940	21231629	47	0.555556	0.25681	3	HET	2	1	1	NA	NA	2.39268745839848	0.555915878962372	2	NEUT	1	1
IIICF_T_B3	chr17	21231700	28121532	1258	0.644536	0.242899	5	GAIN	3	1	2	1	1	2.36957842181868	0.64548140176497	3	GAIN	2	1
IIICF_T_B3	chr17	28128657	41359589	6053	0.558824	0.25476	3	HET	2	1	1	NA	NA	2.38926797135154	0.559205593664139	2	NEUT	1	1
IIICF_T_B3	chr17	41361342	41419656	119	0.590909	0.398399	5	GAIN	3	1	2	1	1	2.64101831343158	0.591442515364965	3	GAIN	2	1
IIICF_T_B3	chr17	41420035	41456413	94	0.566392	0.203556	3	HET	2	1	1	NA	NA	2.30541504510745	0.566838352623877	2	NEUT	1	1
IIICF_T_B3	chr17	41458020	41463768	23	0.820717	0.492172	5	GAIN	3	1	2	1	1	2.81942316397993	0.822480084717212	3	GAIN	2	1
IIICF_T_B3	chr17	41463818	41463846	6	0.878747	0.492172	7	ASCNA	4	1	3	1	1	2.81942316397993	0.880829094330484	4	AMP	3	1
IIICF_T_B3	chr17	41464322	48067953	3295	0.558824	0.308216	3	HET	2	1	1	NA	NA	2.48004286339552	0.559191626516967	2	NEUT	1	1
IIICF_T_B3	chr17	48070225	48104881	35	0.552632	0.567272	5	GAIN	3	1	2	1	1	2.97090455689302	0.5529065823623	3	GAIN	2	1
IIICF_T_B3	chr17	48114912	79338991	20935	0.558824	0.228767	3	HET	2	1	1	NA	NA	2.34632931461961	0.559212576963224	2	NEUT	1	1
IIICF_T_B3	chr17	79341367	79619408	200	0.558824	0.376149	5	GAIN	3	1	2	1	1	2.60036241919783	0.559174616326812	3	GAIN	2	1
IIICF_T_B3	chr17	79621888	80089982	316	0.55102	0.266033	3	HET	2	1	1	NA	NA	2.40813206210212	0.551348376158418	2	NEUT	1	1
IIICF_T_B3	chr17	80090960	80110396	69	0.560976	0.332302	5	GAIN	3	1	2	1	1	2.52205602833299	0.56135072758539	3	GAIN	2	1
IIICF_T_B3	chr17	80110750	81130897	944	0.560976	0.230507	3	HET	2	1	1	NA	NA	2.34917957809533	0.561378303840255	2	NEUT	1	1
IIICF_T_B3	chr18	131139	12099654	10343	0.636364	0.724974	5	GAIN	3	1	2	1	1	3.31586072324885	0.63700140419158	3	GAIN	2	1
IIICF_T_B3	chr18	12100480	12159853	56	0.61471	0.897672	8	BCNA	4	2	2	1	1	3.73949124426628	0.615185444932254	4	AMP	2	2
IIICF_T_B3	chr18	12230037	14093617	1031	0.638298	0.730956	5	GAIN	3	1	2	1	1	3.32970257292745	0.638941756936271	3	GAIN	2	1
IIICF_T_B3	chr18	19479520	33959715	7907	0.571429	0.035479	3	HET	2	1	1	NA	NA	2.05017998690982	0.571969000353174	2	NEUT	1	1
IIICF_T_B3	chr18	33960341	34035513	87	1	-0.748868	1	DLOH	1	0	1	1	1	1.18386446569427	1	1	HETD	1	0
IIICF_T_B3	chr18	34040101	78002055	32487	0.580645	-0.112764	3	HET	2	1	1	NA	NA	1.84846377867933	0.581321204357377	2	NEUT	1	1
IIICF_T_B3	chr19	263280	7860029	5570	1	-0.651955	1	DLOH	1	0	1	1	1	1.26719936743143	1	1	HETD	1	0
IIICF_T_B3	chr19	7861495	7862405	32	0.54932	-0.552625	3	HET	2	1	1	NA	NA	1.35862478733964	0.549882645691664	2	NEUT	1	1
IIICF_T_B3	chr19	7862982	8989074	688	1	-0.635158	1	DLOH	1	0	1	1	1	1.28222083874234	1	1	HETD	1	0
IIICF_T_B3	chr19	8993048	9003014	14	0.653182	-0.634071	3	HET	2	1	1	NA	NA	1.28319897568564	0.655032227769375	2	NEUT	1	1
IIICF_T_B3	chr19	9003645	9007748	6	1	-0.719472	1	DLOH	1	0	1	1	1	1.20855307729601	1	1	HETD	1	0
IIICF_T_B3	chr19	9008393	9019605	6	0.711538	-0.719472	3	HET	2	1	1	NA	NA	1.20855307729601	0.714250902145391	2	NEUT	1	1
IIICF_T_B3	chr19	9031460	20883071	7601	1	-0.662176	1	DLOH	1	0	1	1	1	1.25814400202509	1	1	HETD	1	0
IIICF_T_B3	chr19	20883303	20883942	9	0.586207	-0.730003	3	HET	2	1	1	NA	NA	1.19965059828558	0.587320779501186	2	NEUT	1	1
IIICF_T_B3	chr19	20884105	22473938	709	1	-0.741515	1	DLOH	1	0	1	1	1	1.18999288045513	1	1	HETD	1	0
IIICF_T_B3	chr19	22484415	22485448	55	0.555556	-0.695654	3	HET	2	1	1	NA	NA	1.22892915762786	0.556256673325606	2	NEUT	1	1
IIICF_T_B3	chr19	22496489	23481974	411	1	-0.746044	1	DLOH	1	0	1	1	1	1.18621445666282	1	1	HETD	1	0
IIICF_T_B3	chr19	23483127	23483180	4	0.5	-0.614635	3	HET	2	1	1	NA	NA	1.30081343438674	0.5	2	NEUT	1	1
IIICF_T_B3	chr19	23483308	23679783	252	1	-0.699169	1	DLOH	1	0	1	1	1	1.225900907363	1	1	HETD	1	0
IIICF_T_B3	chr19	28682204	29382942	621	0.56	0.158687	3	HET	2	1	1	NA	NA	2.23434362296338	0.560416210228804	2	NEUT	1	1
IIICF_T_B3	chr19	29388049	32514015	1711	1	-0.771644	1	DLOH	1	0	1	1	1	1.16507864331722	1	1	HETD	1	0
IIICF_T_B3	chr19	32574015	33444067	436	1	-0.315101	2	NLOH	2	0	2	1	1	1.60454839344418	1	2	NEUT	2	0
IIICF_T_B3	chr19	33444331	33444511	4	0.535	-0.167657	3	HET	2	1	1	NA	NA	1.77887428042942	0.535304953942193	2	NEUT	1	1
IIICF_T_B3	chr19	33444707	33672553	42	1	-0.273539	2	NLOH	2	0	2	1	1	1.65189844058154	1	2	NEUT	2	0
IIICF_T_B3	chr19	33702245	44179956	4805	1	-0.67439	1	DLOH	1	0	1	1	1	1.24740672663657	1	1	HETD	1	0
IIICF_T_B3	chr19	44183494	44184031	17	0.608696	-0.514721	3	HET	2	1	1	NA	NA	1.39520565996857	0.609903499046693	2	NEUT	1	1
IIICF_T_B3	chr19	44184856	44974535	536	1	-0.618721	1	DLOH	1	0	1	1	1	1.29709064866377	1	1	HETD	1	0
IIICF_T_B3	chr19	44974773	44975043	3	0.586207	-0.73078	3	HET	2	1	1	NA	NA	1.19899632470808	0.587321387273273	2	NEUT	1	1
IIICF_T_B3	chr19	44975085	47733876	1768	1	-0.639681	1	DLOH	1	0	1	1	1	1.27815872121762	1	1	HETD	1	0
IIICF_T_B3	chr19	47740491	47747476	8	0.583801	-0.191386	3	HET	2	1	1	NA	NA	1.74960236894428	0.584543371527109	2	NEUT	1	1
IIICF_T_B3	chr19	47761646	52964379	3607	1	-0.682592	1	DLOH	1	0	1	1	1	1.24024723287558	1	1	HETD	1	0
IIICF_T_B3	chr19	52965148	52965702	31	0.666667	-0.693632	3	HET	2	1	1	NA	NA	1.23067450113793	0.668766026296363	2	NEUT	1	1
IIICF_T_B3	chr19	52965934	53579631	710	1	-0.652981	1	DLOH	1	0	1	1	1	1.26628747620209	1	1	HETD	1	0
IIICF_T_B3	chr19	53599902	53602066	4	0.688421	-0.684147	3	HET	2	1	1	NA	NA	1.23889446337016	0.690778254404374	2	NEUT	1	1
IIICF_T_B3	chr19	53611114	55932587	1791	1	-0.669981	1	DLOH	1	0	1	1	1	1.25127217946347	1	1	HETD	1	0
IIICF_T_B3	chr19	55932803	55932946	6	0.527206	-0.492089	3	HET	2	1	1	NA	NA	1.41751031396441	0.52750347462775	2	NEUT	1	1
IIICF_T_B3	chr19	55935184	59084660	2417	1	-0.691758	1	DLOH	1	0	1	1	1	1.23229428009321	1	1	HETD	1	0
IIICF_T_B3	chr20	62731	168241	73	0.555556	0.370498	5	GAIN	3	1	2	1	1	2.59013619606999	0.555888445020118	3	GAIN	2	1
IIICF_T_B3	chr20	168728	4117341	3402	0.553191	0.263169	3	HET	2	1	1	NA	NA	2.40332550583404	0.553534033886051	2	NEUT	1	1
IIICF_T_B3	chr20	4119339	4147768	54	0.561678	0.449852	5	GAIN	3	1	2	1	1	2.73747144300709	0.562027214404118	3	GAIN	2	1
IIICF_T_B3	chr20	4153612	14720538	8118	0.557692	0.214135	3	HET	2	1	1	NA	NA	2.3224964055879	0.558077009998349	2	NEUT	1	1
IIICF_T_B3	chr20	14723569	14754742	32	1	-0.861838	1	DLOH	1	0	1	1	1	1.09353139431167	1	1	HETD	1	0
IIICF_T_B3	chr20	14757483	25128964	6518	0.558824	0.211798	3	HET	2	1	1	NA	NA	2.31871218736808	0.559217205126865	2	NEUT	1	1
IIICF_T_B3	chr20	25131568	31740042	686	0.555556	0.373165	5	GAIN	3	1	2	1	1	2.5949574901249	0.555887827354817	3	GAIN	2	1
IIICF_T_B3	chr20	31740804	43458799	6417	0.558824	0.261531	3	HET	2	1	1	NA	NA	2.40058079088285	0.559203795390874	2	NEUT	1	1
IIICF_T_B3	chr20	43463771	43668473	140	0.571429	0.352497	5	GAIN	3	1	2	1	1	2.55782677711178	0.571861827557717	3	GAIN	2	1
IIICF_T_B3	chr20	43714052	44259673	413	0.557692	0.277995	3	HET	2	1	1	NA	NA	2.4283109637356	0.558060233043722	2	NEUT	1	1
IIICF_T_B3	chr20	44260679	44447922	273	0.558824	0.3958	5	GAIN	3	1	2	1	1	2.63623693292172	0.559169845059832	3	GAIN	2	1
IIICF_T_B3	chr20	44450199	52429950	5577	0.558824	0.233816	3	HET	2	1	1	NA	NA	2.35460948702436	0.559211210501284	2	NEUT	1	1
IIICF_T_B3	chr20	52431818	52505281	140	0.683569	0.265431	5	GAIN	3	1	2	1	1	2.40712095326735	0.684750987523469	3	GAIN	2	1
IIICF_T_B3	chr20	52509113	62388673	7250	0.558824	0.195399	3	HET	2	1	1	NA	NA	2.29232961929204	0.559221730549798	2	NEUT	1	1
IIICF_T_B3	chr20	62391014	62398015	24	0.685348	0.712998	5	GAIN	3	1	2	1	1	3.28832113170623	0.686221625182719	3	GAIN	2	1
IIICF_T_B3	chr20	62401115	62498553	86	0.676357	0.946131	8	BCNA	4	2	2	1	1	3.86776061854558	0.677063715438731	4	AMP	2	2
IIICF_T_B3	chr20	62504021	62909908	173	0.555556	0.273289	3	HET	2	1	1	NA	NA	2.42035236271295	0.555911765504674	2	NEUT	1	1
IIICF_T_B3	chr21	15412436	45119857	23785	0.55814	0.217516	3	HET	2	1	1	NA	NA	2.32798199536871	0.558527085473834	2	NEUT	1	1
IIICF_T_B3	chr21	45120110	45209714	98	0.5667	0.430818	5	GAIN	3	1	2	1	1	2.70138904723034	0.567082692686618	3	GAIN	2	1
IIICF_T_B3	chr21	45210046	48099610	1755	0.555556	0.278902	3	HET	2	1	1	NA	NA	2.42984783238988	0.555910375228083	2	NEUT	1	1
IIICF_T_B3	chr22	17046530	17809449	353	0.560976	0.294604	3	HET	2	1	1	NA	NA	2.4566078551728	0.561360710959759	2	NEUT	1	1
IIICF_T_B3	chr22	17810053	18989466	607	0.5625	0.352536	5	GAIN	3	1	2	1	1	2.55789634210633	0.562878711540887	3	GAIN	2	1
IIICF_T_B3	chr22	18990128	19507152	551	0.555556	0.320185	3	HET	2	1	1	NA	NA	2.50083269614605	0.555900316467526	2	NEUT	1	1
IIICF_T_B3	chr22	19509519	22308780	1223	0.55814	0.356436	5	GAIN	3	1	2	1	1	2.56486234685587	0.558491335819195	3	GAIN	2	1
IIICF_T_B3	chr22	22322138	24099893	1827	0.560976	0.253242	3	HET	2	1	1	NA	NA	2.38673901217151	0.561371972898962	2	NEUT	1	1
IIICF_T_B3	chr22	24100265	24879289	368	0.558482	0.369842	5	GAIN	3	1	2	1	1	2.58895167108805	0.558832114209121	3	GAIN	2	1
IIICF_T_B3	chr22	24880058	27299487	1780	0.55814	0.269344	3	HET	2	1	1	NA	NA	2.41370070863305	0.558513338753447	2	NEUT	1	1
IIICF_T_B3	chr22	27315516	27368751	78	0.560976	0.418684	5	GAIN	3	1	2	1	1	2.67863408231194	0.561328823094411	3	GAIN	2	1
IIICF_T_B3	chr22	27373336	29847326	1502	0.55814	0.288023	3	HET	2	1	1	NA	NA	2.4453567683286	0.558508505743385	2	NEUT	1	1
IIICF_T_B3	chr22	29850587	30975513	369	0.5625	0.360784	5	GAIN	3	1	2	1	1	2.57265078140195	0.562876539587942	3	GAIN	2	1
IIICF_T_B3	chr22	30981508	31228584	222	0.558824	0.301625	3	HET	2	1	1	NA	NA	2.46866789983596	0.559193320441951	2	NEUT	1	1
IIICF_T_B3	chr22	31232074	31509037	96	0.571429	0.410203	5	GAIN	3	1	2	1	1	2.66284286095188	0.571844757885392	3	GAIN	2	1
IIICF_T_B3	chr22	31511391	33992928	1629	0.555556	0.247957	3	HET	2	1	1	NA	NA	2.37795503276757	0.555918108563007	2	NEUT	1	1
IIICF_T_B3	chr22	33998028	41069773	4285	1	-0.656303	1	DLOH	1	0	1	1	1	1.26333938473632	1	1	HETD	1	0
IIICF_T_B3	chr22	41070868	41079720	13	1	0.133331	2	NLOH	2	0	2	1	1	2.19514710127435	1	2	NEUT	2	0
IIICF_T_B3	chr22	41081164	51174142	8142	1	-0.68165	1	DLOH	1	0	1	1	1	1.24106743357777	1	1	HETD	1	0
IIICF_T_B3	chrX	2700027	2969539	191	0.558824	0.231001	3	HET	2	1	1	NA	NA	2.34998941755596	0.559211971755527	2	NEUT	1	1
IIICF_T_B3	chrX	2990619	2998812	25	0.568966	0.523162	5	GAIN	3	1	2	1	1	2.8809778369859	0.569337027913493	3	HLAMP	2	1
IIICF_T_B3	chrX	3000166	5456716	1359	0.55814	0.19599	3	HET	2	1	1	NA	NA	2.29327521503057	0.558532943685018	2	NEUT	1	1
IIICF_T_B3	chrX	5519140	9352740	2100	1	-0.809489	1	DLOH	1	0	1	1	1	1.1345122047966	1	1	HETD	1	0
IIICF_T_B3	chrX	9357010	9357078	7	0.538462	-0.799192	3	HET	2	1	1	NA	NA	1.14274958525748	0.538983665666795	2	NEUT	1	1
IIICF_T_B3	chrX	9366044	48992994	14236	1	-0.684017	1	DLOH	1	0	1	1	1	1.23900750079599	1	1	HETD	1	0
IIICF_T_B3	chrX	48996160	48998029	62	0.544156	-0.437799	3	HET	2	1	1	NA	NA	1.47246332377156	0.544620789921323	2	NEUT	1	1
IIICF_T_B3	chrX	49007206	51358463	362	1	-0.775268	1	DLOH	1	0	1	1	1	1.16211679403697	1	1	HETD	1	0
IIICF_T_B3	chrX	51511318	57606796	539	0.604651	0.091814	3	HET	2	1	1	NA	NA	2.13243710763598	0.60541163904519	2	NEUT	1	1
IIICF_T_B3	chrX	62776029	88459088	7092	1	-0.782277	1	DLOH	1	0	1	1	1	1.15640949388978	1	1	HETD	1	0
IIICF_T_B3	chrX	88459304	88459966	17	0.711111	-0.873312	3	HET	2	1	1	NA	NA	1.08474606592579	0.714127436885424	2	NEUT	1	1
IIICF_T_B3	chrX	88990017	118603550	7593	1	-0.800881	1	DLOH	1	0	1	1	1	1.14139438711357	1	1	HETD	1	0
IIICF_T_B3	chrX	118603844	118605163	24	0.638182	-0.721807	3	HET	2	1	1	NA	NA	1.20657355255256	0.63995704405453	2	NEUT	1	1
IIICF_T_B3	chrX	118605667	135939855	6316	1	-0.809522	1	DLOH	1	0	1	1	1	1.13448589989929	1	1	HETD	1	0
IIICF_T_B3	chrX	135956107	135956218	2	0.641869	-0.583261	3	HET	2	1	1	NA	NA	1.32975254928426	0.643522591150775	2	NEUT	1	1
IIICF_T_B3	chrX	135960992	140845890	1549	1	-0.878909	1	DLOH	1	0	1	1	1	1.08048588398367	1	1	HETD	1	0
IIICF_T_B3	chrX	140846085	140846091	2	0.588594	-0.878348	3	HET	2	1	1	NA	NA	1.08091214678858	0.589864355805738	2	NEUT	1	1
IIICF_T_B3	chrX	140846482	143825826	2136	1	-0.901768	1	DLOH	1	0	1	1	1	1.06325723258279	1	1	HETD	1	0
IIICF_T_B3	chrX	143826329	143826410	4	0.5894	-0.924685	3	HET	2	1	1	NA	NA	1.04625672573989	0.590724374223856	2	NEUT	1	1
IIICF_T_B3	chrX	143826932	154927581	3864	1	-0.830323	1	DLOH	1	0	1	1	1	1.11802419480931	1	1	HETD	1	0
