Sample	Chromosome	Start_Position.bp.	End_Position.bp.	Length.snp.	Median_Ratio	Median_logR	TITAN_state	TITAN_call	Copy_Number	MinorCN	MajorCN	Clonal_Cluster	Cellular_Prevalence	logR_Copy_Number	Corrected_Ratio	Corrected_Copy_Number	Corrected_Call	Corrected_MajorCN	Corrected_MinorCN
IIICF_c	chr1	820979	841003	22	0.666667	0.382456	5	GAIN	3	1	2	1	1	2.63543628703992	0.672566531613215	3	GAIN	2	1
IIICF_c	chr1	890809	2258473	804	0.579796	0.153939	3	HET	2	1	1	NA	NA	2.23571053954923	0.583125553390703	2	NEUT	1	1
IIICF_c	chr1	2262624	2269899	14	0.610345	0.470079	5	GAIN	3	1	2	1	1	2.80630335924273	0.614013077295416	3	GAIN	2	1
IIICF_c	chr1	2270009	16359052	8355	0.580645	0.082675	3	HET	2	1	1	NA	NA	2.12346153192367	0.584187855865984	2	NEUT	1	1
IIICF_c	chr1	16370215	16379416	50	0.583333	0.38432	5	GAIN	3	1	2	1	1	2.63896414777576	0.586278804780307	3	GAIN	2	1
IIICF_c	chr1	16393393	246375779	120380	0.576923	0.037313	3	HET	2	1	1	NA	NA	2.05484570775465	0.580415186520845	2	NEUT	1	1
IIICF_c	chr1	246377745	246479441	94	1	-1.149305	1	DLOH	1	0	1	1	1	0.850455546525153	1	1	HETD	1	0
IIICF_c	chr1	246480599	249214082	1524	0.583333	-0.109712	3	HET	2	1	1	NA	NA	1.84671499211524	0.587542568468751	2	NEUT	1	1
IIICF_c	chr2	38938	24236496	16833	0.583333	-0.046045	3	HET	2	1	1	NA	NA	1.93424562511455	0.587352072397342	2	NEUT	1	1
IIICF_c	chr2	24241950	24865210	247	0.657895	0.605145	5	GAIN	3	1	2	1	1	3.09087798678053	0.662660483299911	3	GAIN	2	1
IIICF_c	chr2	24871798	37973761	8261	0.583333	-0.008705	3	HET	2	1	1	NA	NA	1.98740745800687	0.587244564873251	2	NEUT	1	1
IIICF_c	chr2	37973816	37974697	24	0.944272	-0.03931	2	NLOH	2	0	2	1	1	1.94373297666215	0.965594237476389	2	NEUT	2	0
IIICF_c	chr2	37974748	162136029	68426	0.578947	0.033916	3	HET	2	1	1	NA	NA	2.04979361998912	0.582539906621812	2	NEUT	1	1
IIICF_c	chr2	162136086	162136182	4	0.839012	-0.446207	1	DLOH	1	0	1	1	1	1.44312289755864	0.860926531448921	1	HETD	1	0
IIICF_c	chr2	162136548	242999159	47906	0.571429	0.069407	3	HET	2	1	1	NA	NA	2.10316827182091	0.574597261241771	2	NEUT	1	1
IIICF_c	chr3	60197	73157929	46544	0.571429	0.050101	3	HET	2	1	1	NA	NA	2.07397132120588	0.574641863385525	2	NEUT	1	1
IIICF_c	chr3	73159908	73160128	12	0.92411	0.153158	2	NLOH	2	0	2	1	1	2.23445008279423	0.941816319296389	2	NEUT	2	0
IIICF_c	chr3	73160142	197819088	72886	0.583333	-0.108562	3	HET	2	1	1	NA	NA	1.84826202144623	0.587539044982461	2	NEUT	1	1
IIICF_c	chr4	40094	127299707	80644	0.571429	0.040399	3	HET	2	1	1	NA	NA	2.05944559337366	0.574664524425589	2	NEUT	1	1
IIICF_c	chr4	127310253	128468314	822	0.678571	0.594145	5	GAIN	3	1	2	1	1	3.06669226372985	0.684003017606746	3	GAIN	2	1
IIICF_c	chr4	128540620	132077808	1901	0.571429	-0.019073	3	HET	2	1	1	NA	NA	1.9725080461918	0.574807128942691	2	NEUT	1	1
IIICF_c	chr4	132089936	148553064	9969	0.666667	0.560631	5	GAIN	3	1	2	1	1	2.99413158372029	0.671859771010647	3	GAIN	2	1
IIICF_c	chr4	148648849	148811046	8	0.803509	1.042303	7	ASCNA	4	1	3	1	1	4.217863936374	0.81022173408985	4	AMP	3	1
IIICF_c	chr4	148916098	161339289	6342	0.575758	0.014879	3	HET	2	1	1	NA	NA	2.02170048237324	0.579253683639876	2	NEUT	1	1
IIICF_c	chr4	161373645	166779858	4365	0.666667	0.489527	5	GAIN	3	1	2	1	1	2.84565542504464	0.672130711295883	3	GAIN	2	1
IIICF_c	chr4	166780550	173619446	4414	0.571429	-0.01732	3	HET	2	1	1	NA	NA	1.97501969235756	0.574802832952814	2	NEUT	1	1
IIICF_c	chr4	173765727	190189043	8245	1	-1.039126	1	DLOH	1	0	1	1	1	0.925352970650574	1	1	HETD	1	0
IIICF_c	chr4	190191046	190198873	6	0.594494	-0.111333	3	HET	2	1	1	NA	NA	1.84453644650605	0.599273004377282	2	NEUT	1	1
IIICF_c	chr4	190200651	190200775	12	0.870336	-0.598231	1	DLOH	1	0	1	1	1	1.28946188464706	0.897128168014432	1	HETD	1	0
IIICF_c	chr4	190200847	190202037	36	0.775862	-0.598231	3	HET	2	1	1	NA	NA	1.28946188464706	0.795819392888613	2	NEUT	1	1
IIICF_c	chr4	190206038	190539992	58	1	-1.150382	1	DLOH	1	0	1	1	1	0.849751287313624	1	1	HETD	1	0
IIICF_c	chr4	190540038	190542040	47	0.830769	-0.279956	3	HET	2	1	1	NA	NA	1.63077797649589	0.849690275029754	2	NEUT	1	1
IIICF_c	chr4	190542041	190542367	15	0.88	-0.279956	2	NLOH	2	0	2	1	1	1.63077797649589	0.901737479967309	2	NEUT	2	0
IIICF_c	chr4	190542438	190542444	2	0.708967	-0.279956	3	HET	2	1	1	NA	NA	1.63077797649589	0.720920726253496	2	NEUT	1	1
IIICF_c	chr4	190542481	190543697	36	0.879976	-0.279956	2	NLOH	2	0	2	1	1	1.63077797649589	0.901712107073837	2	NEUT	2	0
IIICF_c	chr4	190543757	190548190	89	0.842105	-0.279956	3	HET	2	1	1	NA	NA	1.63077797649589	0.861674738379516	2	NEUT	1	1
IIICF_c	chr4	190548206	190549684	30	0.879954	-0.279956	2	NLOH	2	0	2	1	1	1.63077797649589	0.901688848588155	2	NEUT	2	0
IIICF_c	chr4	190549754	190550287	12	0.789609	-0.258852	3	HET	2	1	1	NA	NA	1.65618326738945	0.805921634191662	2	NEUT	1	1
IIICF_c	chr4	190550403	190552296	33	0.876712	-0.237749	2	NLOH	2	0	2	1	1	1.68196169235414	0.897605624740092	2	NEUT	2	0
IIICF_c	chr4	190552305	190553110	6	0.79251	-0.237749	3	HET	2	1	1	NA	NA	1.68196169235414	0.808733518689939	2	NEUT	1	1
IIICF_c	chr4	190553295	190553331	4	0.942727	-0.237749	2	NLOH	2	0	2	1	1	1.68196169235414	0.967282022936107	2	NEUT	2	0
IIICF_c	chr4	190553477	190553477	1	0.513889	-0.237749	3	HET	2	1	1	NA	NA	1.68196169235414	0.514659327342944	2	NEUT	1	1
IIICF_c	chr4	190553503	190554512	17	0.876289	-0.237749	2	NLOH	2	0	2	1	1	1.68196169235414	0.897159163838222	2	NEUT	2	0
IIICF_c	chr4	190554537	190554537	1	0.506173	-0.237749	3	HET	2	1	1	NA	NA	1.68196169235414	0.506515373870545	2	NEUT	1	1
IIICF_c	chr4	190554571	190555168	13	0.891304	-0.237749	2	NLOH	2	0	2	1	1	1.68196169235414	0.913006942659902	2	NEUT	2	0
IIICF_c	chr4	190555436	190556362	12	0.824254	-0.237749	3	HET	2	1	1	NA	NA	1.68196169235414	0.842238140129525	2	NEUT	1	1
IIICF_c	chr4	190556481	190557478	18	0.884596	-0.237749	2	NLOH	2	0	2	1	1	1.68196169235414	0.905926896017489	2	NEUT	2	0
IIICF_c	chr4	190557559	190557927	12	0.838098	-0.237749	3	HET	2	1	1	NA	NA	1.68196169235414	0.856849971631845	2	NEUT	1	1
IIICF_c	chr4	190557980	190559881	35	0.894737	-0.237749	2	NLOH	2	0	2	1	1	1.68196169235414	0.916630347567982	2	NEUT	2	0
IIICF_c	chr4	190559996	190560484	10	0.827258	-0.207485	3	HET	2	1	1	NA	NA	1.71959514839799	0.845011520936796	2	NEUT	1	1
IIICF_c	chr4	190560491	190561357	14	0.888752	-0.207485	2	NLOH	2	0	2	1	1	1.71959514839799	0.909841528051938	2	NEUT	2	0
IIICF_c	chr4	190561475	190566191	81	0.84	-0.207485	3	HET	2	1	1	NA	NA	1.71959514839799	0.858444765654347	2	NEUT	1	1
IIICF_c	chr4	190566259	190567786	9	0.918605	-0.207485	2	NLOH	2	0	2	1	1	1.71959514839799	0.9413140327257	2	NEUT	2	0
IIICF_c	chr4	190567862	190575243	101	0.835821	-0.265321	3	HET	2	1	1	NA	NA	1.6483562585624	0.854826408337625	2	NEUT	1	1
IIICF_c	chr4	190575320	190575720	8	0.904545	-0.265321	2	NLOH	2	0	2	1	1	1.6483562585624	0.927439765115774	2	NEUT	2	0
IIICF_c	chr4	190575738	190576413	13	0.827586	-0.265321	3	HET	2	1	1	NA	NA	1.6483562585624	0.846125357859363	2	NEUT	1	1
IIICF_c	chr4	190576417	190576550	7	0.919355	-0.265321	2	NLOH	2	0	2	1	1	1.6483562585624	0.943087920256401	2	NEUT	2	0
IIICF_c	chr4	190576671	190577815	28	0.85	-0.265321	3	HET	2	1	1	NA	NA	1.6483562585624	0.869807852749437	2	NEUT	1	1
IIICF_c	chr4	190577823	190578206	13	0.898551	-0.265321	2	NLOH	2	0	2	1	1	1.6483562585624	0.921106541488974	2	NEUT	2	0
IIICF_c	chr4	190578265	190580387	33	0.836066	-0.265321	3	HET	2	1	1	NA	NA	1.6483562585624	0.85508527383455	2	NEUT	1	1
IIICF_c	chr4	190580460	190580703	6	0.902564	-0.230141	2	NLOH	2	0	2	1	1	1.6913481289612	0.924767547259673	2	NEUT	2	0
IIICF_c	chr4	190580778	190581092	8	0.868567	-0.230141	3	HET	2	1	1	NA	NA	1.6913481289612	0.888895431759561	2	NEUT	1	1
IIICF_c	chr4	190581108	190581546	8	0.928416	-0.230141	2	NLOH	2	0	2	1	1	1.6913481289612	0.952045422657764	2	NEUT	2	0
IIICF_c	chr4	190581637	190584388	78	0.843223	-0.230141	3	HET	2	1	1	NA	NA	1.6913481289612	0.862153575265316	2	NEUT	1	1
IIICF_c	chr4	190584416	190584567	6	0.932304	-0.230141	2	NLOH	2	0	2	1	1	1.6913481289612	0.956147866551768	2	NEUT	2	0
IIICF_c	chr4	190584614	190586400	50	0.795349	-0.230141	3	HET	2	1	1	NA	NA	1.6913481289612	0.811639069354431	2	NEUT	1	1
IIICF_c	chr4	190586421	190586788	11	0.898305	-0.230141	2	NLOH	2	0	2	1	1	1.6913481289612	0.920273640741011	2	NEUT	2	0
IIICF_c	chr4	190586868	190587670	15	0.8	-0.230141	3	HET	2	1	1	NA	NA	1.6913481289612	0.816546596759526	2	NEUT	1	1
IIICF_c	chr4	190587714	190588082	11	0.880952	-0.230141	2	NLOH	2	0	2	1	1	1.6913481289612	0.901963530429117	2	NEUT	2	0
IIICF_c	chr4	190588085	190589307	22	0.855664	-0.230141	3	HET	2	1	1	NA	NA	1.6913481289612	0.875280762632934	2	NEUT	1	1
IIICF_c	chr4	190589404	190590430	26	0.888872	-0.230141	2	NLOH	2	0	2	1	1	1.6913481289612	0.910320360583569	2	NEUT	2	0
IIICF_c	chr4	190590525	190590841	13	0.809524	-0.238649	3	HET	2	1	1	NA	NA	1.68085458004563	0.826702475631981	2	NEUT	1	1
IIICF_c	chr4	190590850	190593200	49	0.873418	-0.238649	2	NLOH	2	0	2	1	1	1.68085458004563	0.894142570674789	2	NEUT	2	0
IIICF_c	chr4	190593264	190593493	6	0.859155	-0.238649	3	HET	2	1	1	NA	NA	1.68085458004563	0.879087979076273	2	NEUT	1	1
IIICF_c	chr4	190593517	190594110	17	0.886598	-0.238649	2	NLOH	2	0	2	1	1	1.68085458004563	0.908054056145477	2	NEUT	2	0
IIICF_c	chr4	190594125	190596377	41	0.838235	-0.238649	3	HET	2	1	1	NA	NA	1.68085458004563	0.857006926265437	2	NEUT	1	1
IIICF_c	chr4	190596570	190598977	38	0.87349	-0.238649	2	NLOH	2	0	2	1	1	1.68085458004563	0.894218566650046	2	NEUT	2	0
IIICF_c	chr4	190598999	190603276	106	0.835391	-0.31671	3	HET	2	1	1	NA	NA	1.58741057703889	0.855100816027588	2	NEUT	1	1
IIICF_c	chr4	190603496	190604391	23	0.9	-0.31671	2	NLOH	2	0	2	1	1	1.58741057703889	0.923506672543495	2	NEUT	2	0
IIICF_c	chr4	190604395	190611167	77	0.838235	-0.31671	3	HET	2	1	1	NA	NA	1.58741057703889	0.858111948469373	2	NEUT	1	1
IIICF_c	chr4	190611187	190612174	25	0.873418	-0.215154	2	NLOH	2	0	2	1	1	1.70998389676893	0.893789530751851	2	NEUT	2	0
IIICF_c	chr4	190612311	190614088	39	0.783784	-0.215154	3	HET	2	1	1	NA	NA	1.70998389676893	0.799265617069566	2	NEUT	1	1
IIICF_c	chr4	190614210	190614628	17	0.893617	-0.215154	2	NLOH	2	0	2	1	1	1.70998389676893	0.915090471605416	2	NEUT	2	0
IIICF_c	chr4	190614691	190622165	167	0.828125	-0.215154	3	HET	2	1	1	NA	NA	1.70998389676893	0.846025606098129	2	NEUT	1	1
IIICF_c	chr4	190622368	190625703	62	0.88673	-0.215889	2	NLOH	2	0	2	1	1	1.70906543070539	0.90783909474739	2	NEUT	2	0
IIICF_c	chr4	190625809	190627094	21	0.833333	-0.215889	3	HET	2	1	1	NA	NA	1.70906543070539	0.85152749714124	2	NEUT	1	1
IIICF_c	chr4	190627125	190628120	18	0.892361	-0.215889	2	NLOH	2	0	2	1	1	1.70906543070539	0.913777454694957	2	NEUT	2	0
IIICF_c	chr4	190628129	190632180	88	0.828571	-0.30816	3	HET	2	1	1	NA	NA	1.59740064977312	0.847759269461613	2	NEUT	1	1
IIICF_c	chr4	190632239	190632971	16	0.886586	-0.30816	2	NLOH	2	0	2	1	1	1.59740064977312	0.909162296563261	2	NEUT	2	0
IIICF_c	chr4	190633273	190634380	23	0.857143	-0.30816	3	HET	2	1	1	NA	NA	1.59740064977312	0.877999850179501	2	NEUT	1	1
IIICF_c	chr4	190634465	190634885	12	0.90379	-0.30816	2	NLOH	2	0	2	1	1	1.59740064977312	0.927370995662748	2	NEUT	2	0
IIICF_c	chr4	190634888	190635096	5	0.741935	-0.30816	3	HET	2	1	1	NA	NA	1.59740064977312	0.756063800083377	2	NEUT	1	1
IIICF_c	chr4	190635155	190636439	37	0.892308	-0.30816	2	NLOH	2	0	2	1	1	1.59740064977312	0.915218456540432	2	NEUT	2	0
IIICF_c	chr4	190636465	190636971	5	0.857143	-0.30816	3	HET	2	1	1	NA	NA	1.59740064977312	0.877999850179501	2	NEUT	1	1
IIICF_c	chr4	190637009	190637383	6	0.892916	-0.30816	2	NLOH	2	0	2	1	1	1.59740064977312	0.915861963227975	2	NEUT	2	0
IIICF_c	chr4	190637467	190639132	37	0.820896	-0.30816	3	HET	2	1	1	NA	NA	1.59740064977312	0.839636055930541	2	NEUT	1	1
IIICF_c	chr4	190639162	190639541	12	0.897069	-0.30816	2	NLOH	2	0	2	1	1	1.59740064977312	0.92025749492759	2	NEUT	2	0
IIICF_c	chr4	190639671	190639802	8	0.776155	-0.30816	3	HET	2	1	1	NA	NA	1.59740064977312	0.792282219240809	2	NEUT	1	1
IIICF_c	chr4	190639885	190641135	35	0.876543	-0.125235	2	NLOH	2	0	2	1	1	1.82595300525572	0.895780357614482	2	NEUT	2	0
IIICF_c	chr4	190641138	190642010	24	0.802141	-0.125235	3	HET	2	1	1	NA	NA	1.82595300525572	0.817577203745647	2	NEUT	1	1
IIICF_c	chr4	190642056	190642776	22	0.881966	-0.125235	2	NLOH	2	0	2	1	1	1.82595300525572	0.901480415454738	2	NEUT	2	0
IIICF_c	chr4	190642808	190642933	7	0.850746	-0.125235	3	HET	2	1	1	NA	NA	1.82595300525572	0.868665404248251	2	NEUT	1	1
IIICF_c	chr4	190642955	190643961	15	0.884615	-0.125235	2	NLOH	2	0	2	1	1	1.82595300525572	0.904264751287088	2	NEUT	2	0
IIICF_c	chr4	190644204	190645158	24	0.803927	-0.125235	3	HET	2	1	1	NA	NA	1.82595300525572	0.81945444942197	2	NEUT	1	1
IIICF_c	chr4	190645271	190645756	8	0.88648	-0.125235	2	NLOH	2	0	2	1	1	1.82595300525572	0.906225033026361	2	NEUT	2	0
IIICF_c	chr4	190645774	190646262	7	0.819277	-0.125235	3	HET	2	1	1	NA	NA	1.82595300525572	0.83558867178006	2	NEUT	1	1
IIICF_c	chr4	190646389	190646426	3	0.986486	-0.125235	2	NLOH	2	0	2	1	1	1.82595300525572	1	2	NEUT	2	0
IIICF_c	chr4	190646506	190649636	59	0.833333	-0.125235	3	HET	2	1	1	NA	NA	1.82595300525572	0.85036278444881	2	NEUT	1	1
IIICF_c	chr4	190649659	190650099	7	0.896104	-0.125235	2	NLOH	2	0	2	1	1	1.82595300525572	0.916340717454652	2	NEUT	2	0
IIICF_c	chr4	190650112	190650393	11	0.852273	-0.314012	3	HET	2	1	1	NA	NA	1.59055660874186	0.872933967916019	2	NEUT	1	1
IIICF_c	chr4	190650443	190650948	11	0.880952	-0.314012	2	NLOH	2	0	2	1	1	1.59055660874186	0.90329500400412	2	NEUT	2	0
IIICF_c	chr4	190651038	190652348	38	0.856203	-0.314012	3	HET	2	1	1	NA	NA	1.59055660874186	0.877094464161573	2	NEUT	1	1
IIICF_c	chr4	190652378	190652571	8	0.892684	-0.314012	2	NLOH	2	0	2	1	1	1.59055660874186	0.91571509101502	2	NEUT	2	0
IIICF_c	chr4	190652617	190653079	11	0.833333	-0.314012	3	HET	2	1	1	NA	NA	1.59055660874186	0.852883128503605	2	NEUT	1	1
IIICF_c	chr4	190653108	190653449	12	0.905869	-0.314012	2	NLOH	2	0	2	1	1	1.59055660874186	0.929673397121286	2	NEUT	2	0
IIICF_c	chr4	190653519	190659665	119	0.839286	-0.314012	3	HET	2	1	1	NA	NA	1.59055660874186	0.859185274597697	2	NEUT	1	1
IIICF_c	chr4	190659674	190660145	7	0.901639	-0.36712	2	NLOH	2	0	2	1	1	1.52969855032858	0.926132477991597	2	NEUT	2	0
IIICF_c	chr4	190660197	190663950	68	0.820856	-0.36712	3	HET	2	1	1	NA	NA	1.52969855032858	0.840423022561235	2	NEUT	1	1
IIICF_c	chr4	190663955	190665086	17	0.9	-0.36712	2	NLOH	2	0	2	1	1	1.52969855032858	0.924393525520776	2	NEUT	2	0
IIICF_c	chr4	190665171	190666415	40	0.816783	-0.36712	3	HET	2	1	1	NA	NA	1.52969855032858	0.83610163548762	2	NEUT	1	1
IIICF_c	chr4	190666472	190667098	19	0.9	-0.36712	2	NLOH	2	0	2	1	1	1.52969855032858	0.924393525520776	2	NEUT	2	0
IIICF_c	chr4	190667197	190667472	6	0.835584	-0.36712	3	HET	2	1	1	NA	NA	1.52969855032858	0.85604919217091	2	NEUT	1	1
IIICF_c	chr4	190667604	190668502	21	0.876712	-0.36712	1	DLOH	1	0	1	1	1	1.52969855032858	0.899685334464956	1	HETD	1	0
IIICF_c	chr4	190668537	190673310	116	0.84	-0.391347	3	HET	2	1	1	NA	NA	1.5026715224261	0.86110742704523	2	NEUT	1	1
IIICF_c	chr4	190673369	190673572	5	1	-0.391347	2	NLOH	2	0	2	1	1	1.5026715224261	1	2	NEUT	2	0
IIICF_c	chr4	190673614	190674084	12	0.789133	-0.391347	3	HET	2	1	1	NA	NA	1.5026715224261	0.80708256971726	2	NEUT	1	1
IIICF_c	chr4	190674120	190676069	46	0.873214	-0.391347	1	DLOH	1	0	1	1	1	1.5026715224261	0.896383374344878	1	HETD	1	0
IIICF_c	chr4	190676095	190676972	13	0.82	-0.391347	3	HET	2	1	1	NA	NA	1.5026715224261	0.839865813689628	2	NEUT	1	1
IIICF_c	chr4	190677051	190683743	116	0.865152	-0.391347	1	DLOH	1	0	1	1	1	1.5026715224261	0.887820880001235	1	HETD	1	0
IIICF_c	chr4	190683789	190684454	10	0.726923	-0.581275	3	HET	2	1	1	NA	NA	1.30580921243879	0.743134351563718	2	NEUT	1	1
IIICF_c	chr4	190688081	190925829	72	0.698485	-0.830552	1	DLOH	1	0	1	1	1	1.08379775601546	0.715569405859279	1	HETD	1	0
IIICF_c	chr5	138367	2756365	1077	1	-0.981427	1	DLOH	1	0	1	1	1	0.966917982270452	1	1	HETD	1	0
IIICF_c	chr5	2805032	180698428	104919	0.571429	0.06444	3	HET	2	1	1	NA	NA	2.0956191825345	0.574608674330177	2	NEUT	1	1
IIICF_c	chr6	205800	936652	861	0.621622	0.178336	3	HET	2	1	1	NA	NA	2.27543044248362	0.626608192172421	2	NEUT	1	1
IIICF_c	chr6	959830	9994389	4431	1	-0.887228	1	DLOH	1	0	1	1	1	1.03845272829181	1	1	HETD	1	0
IIICF_c	chr6	10011181	10069867	30	0.658333	0.759142	5	GAIN	3	1	2	1	1	3.44956717261679	0.662614808798014	3	GAIN	2	1
IIICF_c	chr6	10070452	10079330	45	0.723404	0.862503	7	ASCNA	4	1	3	1	1	3.71270645254468	0.729017332498464	4	AMP	3	1
IIICF_c	chr6	10080072	11479979	1202	0.666667	0.687732	5	GAIN	3	1	2	1	1	3.2784735545662	0.671409402045108	3	GAIN	2	1
IIICF_c	chr6	11480089	11489854	64	0.632863	-0.158117	3	HET	2	1	1	NA	NA	1.78270430042637	0.63981556692694	2	NEUT	1	1
IIICF_c	chr6	11490723	24496054	6408	1	-0.920824	1	DLOH	1	0	1	1	1	1.01240243308227	1	1	HETD	1	0
IIICF_c	chr6	24497385	161259549	81093	0.578947	0.04958	3	HET	2	1	1	NA	NA	2.07318880125725	0.582499361977906	2	NEUT	1	1
IIICF_c	chr6	161260969	161269959	65	0.5625	0.413215	5	GAIN	3	1	2	1	1	2.69423868854149	0.564664035520569	3	GAIN	2	1
IIICF_c	chr6	161270070	170898626	7505	0.578947	-0.011858	3	HET	2	1	1	NA	NA	1.98286508050794	0.582661179619685	2	NEUT	1	1
IIICF_c	chr7	497685	497685	1	0.916667	-1.324629	1	DLOH	1	0	1	1	1	0.7424617978157	0.969019259329629	1	HETD	1	0
IIICF_c	chr7	500194	539430	52	1	0.235526	2	NLOH	2	0	2	1	1	2.37121492924497	1	2	NEUT	2	0
IIICF_c	chr7	540158	548400	26	1	0.651222	4	ALOH	3	0	3	1	1	3.19421572127962	1	3	GAIN	3	0
IIICF_c	chr7	572104	1617072	922	1	0.104227	2	NLOH	2	0	2	1	1	2.15682547544853	1	2	NEUT	2	0
IIICF_c	chr7	1617430	1617457	3	0.592593	0.108616	3	HET	2	1	1	NA	NA	2.16368124196481	0.596585135846793	2	NEUT	1	1
IIICF_c	chr7	1626600	1859501	49	1	0.088351	2	NLOH	2	0	2	1	1	2.13220007137975	1	2	NEUT	2	0
IIICF_c	chr7	1880736	1889773	25	0.55	1.323932	11	UBCNA	5	2	3	1	1	5.14720427273578	0.550906189521761	5	HLAMP	3	2
IIICF_c	chr7	1890002	1899206	16	0.560799	1.018099	8	BCNA	4	2	2	1	1	4.14613938397437	0.562166958663017	4	AMP	2	2
IIICF_c	chr7	1906208	2119657	209	1	0.197983	2	NLOH	2	0	2	1	1	2.30790890492381	1	2	NEUT	2	0
IIICF_c	chr7	2120364	2122643	7	1	0.584288	4	ALOH	3	0	3	1	1	3.04517576271649	1	3	GAIN	3	0
IIICF_c	chr7	2131829	2136468	3	0.526316	0.817088	8	BCNA	4	2	2	1	1	3.59476265896638	0.526998920409139	4	AMP	2	2
IIICF_c	chr7	2137903	2139990	5	1	0.817088	6	ALOH	4	0	4	1	1	3.59476265896638	1	4	AMP	4	0
IIICF_c	chr7	2140312	2241077	62	1	0.14544	2	NLOH	2	0	2	1	1	2.22203061527401	1	2	NEUT	2	0
IIICF_c	chr7	2248959	2427599	107	0.552632	1.05822	8	BCNA	4	2	2	1	1	4.265691453987	0.553783014700571	4	AMP	2	2
IIICF_c	chr7	2435018	6488916	2349	0.666667	0.568362	5	GAIN	3	1	2	1	1	3.01072060554234	0.671831158926399	3	GAIN	2	1
IIICF_c	chr7	6491806	6499647	13	0.681818	0.093178	3	HET	2	1	1	NA	NA	2.13965862377659	0.689745072379495	2	NEUT	1	1
IIICF_c	chr7	6500717	22719409	14208	0.666667	0.616126	5	GAIN	3	1	2	1	1	3.11520656607738	0.67165794983277	3	GAIN	2	1
IIICF_c	chr7	22720089	22729751	17	0.6	0.885707	8	BCNA	4	2	2	1	1	3.77441617154911	0.60247155711841	4	AMP	2	2
IIICF_c	chr7	22731044	24198905	1182	0.666667	0.657722	5	GAIN	3	1	2	1	1	3.20906083859057	0.671511981280204	3	GAIN	2	1
IIICF_c	chr7	24200098	24208865	22	0.695707	0.867916	7	ASCNA	4	1	3	1	1	3.72701338413209	0.700605530801425	4	AMP	3	1
IIICF_c	chr7	24210749	29025284	3807	0.666667	0.650536	5	GAIN	3	1	2	1	1	3.19265288879802	0.671536881014801	3	GAIN	2	1
IIICF_c	chr7	29101642	62471910	17611	0.575758	0.043091	3	HET	2	1	1	NA	NA	2.06346623923692	0.579182928969798	2	NEUT	1	1
IIICF_c	chr7	62471921	62473074	28	0.843077	-0.602923	1	DLOH	1	0	1	1	1	1.28497214963092	0.867983822442818	1	HETD	1	0
IIICF_c	chr7	62473097	62474831	54	0.585784	-0.602923	3	HET	2	1	1	NA	NA	1.28497214963092	0.592011776436295	2	NEUT	1	1
IIICF_c	chr7	62475015	62475344	14	0.85	-0.602923	1	DLOH	1	0	1	1	1	1.28497214963092	0.875409420785964	1	HETD	1	0
IIICF_c	chr7	62475847	98082137	17907	0.588235	-0.119091	3	HET	2	1	1	NA	NA	1.83414389376303	0.592722742415383	2	NEUT	1	1
IIICF_c	chr7	98082617	98082819	13	0.944444	-0.319523	2	NLOH	2	0	2	1	1	1.5841367072753	0.970616476950465	2	NEUT	2	0
IIICF_c	chr7	98140894	152099586	29621	0.590909	-0.142452	3	HET	2	1	1	NA	NA	1.80318508534899	0.595612130287595	2	NEUT	1	1
IIICF_c	chr7	152099708	152099989	9	0.902439	-0.275757	2	NLOH	2	0	2	1	1	1.63580321979954	0.92538935662181	2	NEUT	2	0
IIICF_c	chr7	152100145	152101736	61	0.797872	-0.637305	3	HET	2	1	1	NA	NA	1.25251407867903	0.820057412142492	2	NEUT	1	1
IIICF_c	chr7	152101765	152102781	42	0.853571	-0.637305	1	DLOH	1	0	1	1	1	1.25251407867903	0.879904856007388	1	HETD	1	0
IIICF_c	chr7	152102795	152103265	27	0.712121	-0.637305	3	HET	2	1	1	NA	NA	1.25251407867903	0.72791970484328	2	NEUT	1	1
IIICF_c	chr7	152103290	152103665	18	0.910256	-0.637305	1	DLOH	1	0	1	1	1	1.25251407867903	0.94081173683975	1	HETD	1	0
IIICF_c	chr7	152103666	152104190	18	0.722222	-0.637305	3	HET	2	1	1	NA	NA	1.25251407867903	0.738773024121531	2	NEUT	1	1
IIICF_c	chr7	152104191	152104740	29	0.875	-0.637305	1	DLOH	1	0	1	1	1	1.25251407867903	0.902929881134965	1	HETD	1	0
IIICF_c	chr7	152104828	152105113	11	0.651163	-0.637305	3	HET	2	1	1	NA	NA	1.25251407867903	0.662421572325346	2	NEUT	1	1
IIICF_c	chr7	152105145	152105445	19	0.847059	-0.637305	1	DLOH	1	0	1	1	1	1.25251407867903	0.87290784431152	1	HETD	1	0
IIICF_c	chr7	152105519	152105541	2	0.630133	-0.637305	3	HET	2	1	1	NA	NA	1.25251407867903	0.639825264591297	2	NEUT	1	1
IIICF_c	chr7	152105561	152105720	11	0.86	-0.637305	1	DLOH	1	0	1	1	1	1.25251407867903	0.886812685889566	1	HETD	1	0
IIICF_c	chr7	152105732	152106204	16	0.819583	-0.637305	3	HET	2	1	1	NA	NA	1.25251407867903	0.843385440540681	2	NEUT	1	1
IIICF_c	chr7	152106215	152106316	7	0.891892	-0.637305	1	DLOH	1	0	1	1	1	1.25251407867903	0.92107999194065	1	HETD	1	0
IIICF_c	chr7	152106326	152109509	128	0.744231	-0.637305	3	HET	2	1	1	NA	NA	1.25251407867903	0.762421247465263	2	NEUT	1	1
IIICF_c	chr7	152109550	152109787	5	0.875969	-0.637305	1	DLOH	1	0	1	1	1	1.25251407867903	0.903971051947818	1	HETD	1	0
IIICF_c	chr7	152109839	159078217	4806	0.6	-0.187116	3	HET	2	1	1	NA	NA	1.74537225414917	0.605344811191112	2	NEUT	1	1
IIICF_c	chr8	198546	72248174	48033	0.625	-0.24754	3	HET	2	1	1	NA	NA	1.66995457327208	0.631982738711834	2	NEUT	1	1
IIICF_c	chr8	72250361	72287902	20	0.727273	0.631501	5	GAIN	3	1	2	1	1	3.14958277352094	0.734004552761299	3	GAIN	2	1
IIICF_c	chr8	72292587	74874096	1604	0.6	-0.107306	3	HET	2	1	1	NA	NA	1.84995305602456	0.605042660475223	2	NEUT	1	1
IIICF_c	chr8	74894641	74959742	28	0.84251	1.085161	7	ASCNA	4	1	3	1	1	4.34785614291241	0.849858835490353	4	AMP	3	1
IIICF_c	chr8	74960286	75002407	62	0.595455	-0.135101	3	HET	2	1	1	NA	NA	1.81287288636455	0.60036692542138	2	NEUT	1	1
IIICF_c	chr8	75009523	75059965	27	0.744186	0.445903	5	GAIN	3	1	2	1	1	2.75811825933096	0.752445016109811	3	GAIN	2	1
IIICF_c	chr8	75061120	75156489	153	0.583333	0.994782	8	BCNA	4	2	2	1	1	4.07817202645447	0.585239215125588	4	AMP	2	2
IIICF_c	chr8	75170181	75396980	70	0.736068	0.566032	5	GAIN	3	1	2	1	1	3.00571157724355	0.74339473109499	3	GAIN	2	1
IIICF_c	chr8	75400496	75628014	149	0.6	-0.091633	3	HET	2	1	1	NA	NA	1.8711789100255	0.60498545868952	2	NEUT	1	1
IIICF_c	chr8	75631410	79016032	1992	0.733333	0.509764	5	GAIN	3	1	2	1	1	2.88717110750447	0.7408721793995	3	GAIN	2	1
IIICF_c	chr8	79020700	79039602	13	0.636364	-0.114558	3	HET	2	1	1	NA	NA	1.84020947502673	0.643276782701984	2	NEUT	1	1
IIICF_c	chr8	79040148	79270792	79	0.73913	0.545212	5	GAIN	3	1	2	1	1	2.96131008269492	0.746663045912827	3	GAIN	2	1
IIICF_c	chr8	79326737	79739430	48	0.829167	1.159061	10	ASCNA	5	1	4	1	1	4.58127459980273	0.835869709562718	5	HLAMP	4	1
IIICF_c	chr8	79740128	80213447	267	0.6	-0.143257	3	HET	2	1	1	NA	NA	1.8021271805114	0.605176485465352	2	NEUT	1	1
IIICF_c	chr8	80222312	80480663	141	0.821429	1.172241	10	ASCNA	5	1	4	1	1	4.62417556296787	0.82791342062889	5	HLAMP	4	1
IIICF_c	chr8	80483555	80589219	71	0.857143	1.5152	13	ASCNA	6	1	5	1	1	5.89013185627353	0.862799366757473	6	HLAMP	5	1
IIICF_c	chr8	80600507	80609716	17	0.76	1.020858	7	ASCNA	4	1	3	1	1	4.15425459059211	0.765838491810823	4	AMP	3	1
IIICF_c	chr8	80610120	82153222	489	0.727273	0.528825	5	GAIN	3	1	2	1	1	2.92681043408368	0.734516920675263	3	GAIN	2	1
IIICF_c	chr8	82162989	82759820	272	1	0.043229	2	NLOH	2	0	2	1	1	2.06367255183482	1	2	NEUT	2	0
IIICF_c	chr8	82760263	89081440	1649	1	-0.959839	1	DLOH	1	0	1	1	1	0.982901818458853	1	1	HETD	1	0
IIICF_c	chr8	89205877	90094584	198	1	0.016383	2	NLOH	2	0	2	1	1	2.02390649229999	1	2	NEUT	2	0
IIICF_c	chr8	90115443	106749678	6529	1	-0.867411	1	DLOH	1	0	1	1	1	1.05410567277686	1	1	HETD	1	0
IIICF_c	chr8	106752312	106948376	100	1	0.170077	2	NLOH	2	0	2	1	1	2.26190898061745	1	2	NEUT	2	0
IIICF_c	chr8	106950426	107618251	574	1	0.889237	6	ALOH	4	0	4	1	1	3.78389129141216	1	4	AMP	4	0
IIICF_c	chr8	107621361	107649801	28	1	0.688552	4	ALOH	3	0	3	1	1	3.28039054280374	1	3	GAIN	3	0
IIICF_c	chr8	107651951	107688733	37	1	0.907904	6	ALOH	4	0	4	1	1	3.83438397314927	1	4	AMP	4	0
IIICF_c	chr8	107691821	107702267	12	1	0.661516	4	ALOH	3	0	3	1	1	3.21775678316475	1	3	GAIN	3	0
IIICF_c	chr8	107709845	107869975	143	1	0.861071	6	ALOH	4	0	4	1	1	3.70893054823895	1	4	AMP	4	0
IIICF_c	chr8	107870353	107879757	13	1	0.669574	4	ALOH	3	0	3	1	1	3.23630196272358	1	3	GAIN	3	0
IIICF_c	chr8	107883140	108579890	617	1	0.87438	6	ALOH	4	0	4	1	1	3.74416865565897	1	4	AMP	4	0
IIICF_c	chr8	108580718	108589678	24	1	1.197679	9	ALOH	5	0	5	1	1	4.70809282372557	1	5	HLAMP	5	0
IIICF_c	chr8	108590042	108708453	119	1	0.875194	6	ALOH	4	0	4	1	1	3.74633444266644	1	4	AMP	4	0
IIICF_c	chr8	108709993	108869898	163	1	1.245619	9	ALOH	5	0	5	1	1	4.87032059822349	1	5	HLAMP	5	0
IIICF_c	chr8	108871102	109109973	165	1	1.588212	12	ALOH	6	0	6	1	1	6.20073428491049	1	6	HLAMP	6	0
IIICF_c	chr8	109110367	109119837	23	1	1.31981	9	ALOH	5	0	5	1	1	5.13225275903441	1	5	HLAMP	5	0
IIICF_c	chr8	109130620	109142806	39	1	1.0569	6	ALOH	4	0	4	1	1	4.26170501212126	1	4	AMP	4	0
IIICF_c	chr8	109152042	109459332	419	1	1.239364	9	ALOH	5	0	5	1	1	4.84884678993051	1	5	HLAMP	5	0
IIICF_c	chr8	109460159	109479799	36	1	0.282706	2	NLOH	2	0	2	1	1	2.4531430859758	1	2	NEUT	2	0
IIICF_c	chr8	109480452	109489510	15	1	1.080375	6	ALOH	4	0	4	1	1	4.33314749519734	1	4	AMP	4	0
IIICF_c	chr8	109490742	109509609	32	1	1.129598	9	ALOH	5	0	5	1	1	4.4867779908828	1	5	HLAMP	5	0
IIICF_c	chr8	109520281	109529957	24	1	0.666471	4	ALOH	3	0	3	1	1	3.22914826020842	1	3	GAIN	3	0
IIICF_c	chr8	109530711	109549830	35	1	0.827454	6	ALOH	4	0	4	1	1	3.62135732744326	1	4	AMP	4	0
IIICF_c	chr8	109550093	109559106	17	1	0.691217	4	ALOH	3	0	3	1	1	3.28662828483045	1	3	GAIN	3	0
IIICF_c	chr8	109560026	109603416	52	1	0.850238	6	ALOH	4	0	4	1	1	3.68048713961882	1	4	AMP	4	0
IIICF_c	chr8	109609660	109867626	257	1	1.268584	9	ALOH	5	0	5	1	1	4.94996412819018	1	5	HLAMP	5	0
IIICF_c	chr8	109870451	109882653	13	1	1.601151	12	ALOH	6	0	6	1	1	6.25743693280826	1	6	HLAMP	6	0
IIICF_c	chr8	109907243	110029664	67	1	1.303366	9	ALOH	5	0	5	1	1	5.07302962916657	1	5	HLAMP	5	0
IIICF_c	chr8	110030691	110049119	26	1	0.857254	6	ALOH	4	0	4	1	1	3.69888415492095	1	4	AMP	4	0
IIICF_c	chr8	110050218	110059859	22	1	1.554606	12	ALOH	6	0	6	1	1	6.05581636463041	1	6	HLAMP	6	0
IIICF_c	chr8	110060710	110068319	21	1	1.748277	16	ALOH	7	0	7	1	1	6.93925885213603	1	7	HLAMP	7	0
IIICF_c	chr8	110070097	110209757	250	1	1.580641	12	ALOH	6	0	6	1	1	6.1677909278421	1	6	HLAMP	6	0
IIICF_c	chr8	110210233	110219906	21	1	0.941779	6	ALOH	4	0	4	1	1	3.92769834130991	1	4	AMP	4	0
IIICF_c	chr8	110230920	110308328	107	1	1.196318	9	ALOH	5	0	5	1	1	4.7035654661055	1	5	HLAMP	5	0
IIICF_c	chr8	110310096	110329169	27	1	0.820178	6	ALOH	4	0	4	1	1	3.60267028017375	1	4	AMP	4	0
IIICF_c	chr8	110330018	110458819	100	1	1.254242	9	ALOH	5	0	5	1	1	4.90007695876293	1	5	HLAMP	5	0
IIICF_c	chr8	110461518	111583782	234	1	0.864307	6	ALOH	4	0	4	1	1	3.71746858610387	1	4	AMP	4	0
IIICF_c	chr8	111613423	112011683	13	1	1.303037	9	ALOH	5	0	5	1	1	5.07185160866864	1	5	HLAMP	5	0
IIICF_c	chr8	112105825	112303441	9	1	1.540322	12	ALOH	6	0	6	1	1	5.99523502073483	1	6	HLAMP	6	0
IIICF_c	chr8	112405637	112487772	4	1	2.09672	20	ALOH	8	0	8	1	1	8.86045065238144	1	9	HLAMP	9	0
IIICF_c	chr8	112511904	112668862	54	1	1.143753	9	ALOH	5	0	5	1	1	4.53193646335792	1	5	HLAMP	5	0
IIICF_c	chr8	112670244	112699988	38	1	1.011374	6	ALOH	4	0	4	1	1	4.12642364713557	1	4	AMP	4	0
IIICF_c	chr8	112700558	112709476	16	1	1.208336	9	ALOH	5	0	5	1	1	4.74369130762833	1	5	HLAMP	5	0
IIICF_c	chr8	112710600	112749844	74	1	0.764219	4	ALOH	3	0	3	1	1	3.46205682271701	1	3	GAIN	3	0
IIICF_c	chr8	112750587	112767786	34	1	0.878344	6	ALOH	4	0	4	1	1	3.75472708305965	1	4	AMP	4	0
IIICF_c	chr8	112770530	113146748	413	1	0.756746	4	ALOH	3	0	3	1	1	3.44368815245944	1	3	GAIN	3	0
IIICF_c	chr8	113152014	113258018	87	1	0.807824	6	ALOH	4	0	4	1	1	3.57115640227513	1	4	AMP	4	0
IIICF_c	chr8	113261515	113319943	62	1	0.726096	4	ALOH	3	0	3	1	1	3.3693378373885	1	3	GAIN	3	0
IIICF_c	chr8	113321012	113719181	175	1	0.822359	6	ALOH	4	0	4	1	1	3.60826188365399	1	4	AMP	4	0
IIICF_c	chr8	113730231	113837583	47	1	0.743096	4	ALOH	3	0	3	1	1	3.41038102390749	1	3	GAIN	3	0
IIICF_c	chr8	113840053	114493419	307	1	-1.016538	1	DLOH	1	0	1	1	1	0.941427125916736	1	1	HETD	1	0
IIICF_c	chr8	114506596	114596308	8	1	-0.122403	2	NLOH	2	0	2	1	1	1.82972415946893	1	2	NEUT	2	0
IIICF_c	chr8	114602129	115866116	552	1	0.56961	4	ALOH	3	0	3	1	1	3.01340688170694	1	3	GAIN	3	0
IIICF_c	chr8	115982486	116325372	64	1	1.353396	9	ALOH	5	0	5	1	1	5.25533060661702	1	5	HLAMP	5	0
IIICF_c	chr8	116348423	117683724	159	1	0.617951	4	ALOH	3	0	3	1	1	3.11926785794339	1	3	GAIN	3	0
IIICF_c	chr8	117740494	118050335	40	1	1.111498	6	ALOH	4	0	4	1	1	4.42967561357844	1	4	AMP	4	0
IIICF_c	chr8	118065968	119174292	435	1	0.703003	4	ALOH	3	0	3	1	1	3.31435336887486	1	3	GAIN	3	0
IIICF_c	chr8	119271474	119368718	35	1	1.280851	9	ALOH	5	0	5	1	1	4.99302889338697	1	5	HLAMP	5	0
IIICF_c	chr8	119370717	119551323	70	1	1.077913	6	ALOH	4	0	4	1	1	4.32560010120996	1	4	AMP	4	0
IIICF_c	chr8	119583780	119889282	184	1	1.176174	9	ALOH	5	0	5	1	1	4.63705360879214	1	5	HLAMP	5	0
IIICF_c	chr8	119894714	119906692	11	1	0.979601	6	ALOH	4	0	4	1	1	4.03450728997624	1	4	AMP	4	0
IIICF_c	chr8	119910094	119999531	73	1	1.194361	9	ALOH	5	0	5	1	1	4.69706299980594	1	5	HLAMP	5	0
IIICF_c	chr8	120003727	120029337	69	1	1.122332	6	ALOH	4	0	4	1	1	4.46376890854655	1	4	AMP	4	0
IIICF_c	chr8	120030098	120058346	57	1	1.151593	9	ALOH	5	0	5	1	1	4.55713961206252	1	5	HLAMP	5	0
IIICF_c	chr8	120063542	120139895	84	1	1.096454	6	ALOH	4	0	4	1	1	4.38275654419676	1	4	AMP	4	0
IIICF_c	chr8	120141011	120509990	363	1	0.674199	4	ALOH	3	0	3	1	1	3.24699310526334	1	3	GAIN	3	0
IIICF_c	chr8	120510018	120519649	39	1	0.870909	6	ALOH	4	0	4	1	1	3.73494716575607	1	4	AMP	4	0
IIICF_c	chr8	120520651	122669805	1608	1	0.651946	4	ALOH	3	0	3	1	1	3.19586593086735	1	3	GAIN	3	0
IIICF_c	chr8	122671074	122679811	13	1	1.384953	9	ALOH	5	0	5	1	1	5.37361328991574	1	5	HLAMP	5	0
IIICF_c	chr8	122681022	123188273	551	1	1.739818	16	ALOH	7	0	7	1	1	6.89814535070736	1	7	HLAMP	7	0
IIICF_c	chr8	123192200	123469946	109	1	1.96467	20	ALOH	8	0	8	1	1	8.07730181208177	1	8	HLAMP	8	0
IIICF_c	chr8	123470525	123539096	44	1	0.902542	6	ALOH	4	0	4	1	1	3.81981326893915	1	4	AMP	4	0
IIICF_c	chr8	123540703	124099745	410	1	0.721098	4	ALOH	3	0	3	1	1	3.35736284965189	1	3	GAIN	3	0
IIICF_c	chr8	124101674	124118828	23	1	0.88964	6	ALOH	4	0	4	1	1	3.78497448709877	1	4	AMP	4	0
IIICF_c	chr8	124120097	124649389	330	1	0.75009	4	ALOH	3	0	3	1	1	3.42740759309136	1	3	GAIN	3	0
IIICF_c	chr8	124650217	124696867	45	1	0.827191	6	ALOH	4	0	4	1	1	3.6206802180412	1	4	AMP	4	0
IIICF_c	chr8	124708467	124729334	34	1	1.281394	9	ALOH	5	0	5	1	1	4.9949436357207	1	5	HLAMP	5	0
IIICF_c	chr8	124732424	124769884	62	1	1.10676	6	ALOH	4	0	4	1	1	4.41484597535887	1	4	AMP	4	0
IIICF_c	chr8	124770520	124829395	52	1	1.227714	9	ALOH	5	0	5	1	1	4.80909894820945	1	5	HLAMP	5	0
IIICF_c	chr8	124838414	124939773	116	1	1.483643	12	ALOH	6	0	6	1	1	5.76067369868018	1	6	HLAMP	6	0
IIICF_c	chr8	124940156	124952669	38	1	1.363258	9	ALOH	5	0	5	1	1	5.29201803081617	1	5	HLAMP	5	0
IIICF_c	chr8	124966599	125100450	26	1	1.467352	12	ALOH	6	0	6	1	1	5.69494224096243	1	6	HLAMP	6	0
IIICF_c	chr8	125122130	125378200	140	1	0.700954	4	ALOH	3	0	3	1	1	3.30951707384588	1	3	GAIN	3	0
IIICF_c	chr8	125381766	125407426	51	1	0.822146	6	ALOH	4	0	4	1	1	3.60771542604577	1	4	AMP	4	0
IIICF_c	chr8	125411242	125769955	321	1	0.706209	4	ALOH	3	0	3	1	1	3.32193434894823	1	3	GAIN	3	0
IIICF_c	chr8	125815214	126206569	76	1	0.093913	2	NLOH	2	0	2	1	1	2.14079651710688	1	2	NEUT	2	0
IIICF_c	chr8	126268729	126632890	142	1	1.071489	6	ALOH	4	0	4	1	1	4.3059675230543	1	4	AMP	4	0
IIICF_c	chr8	126669106	128228863	1355	1	0.604924	4	ALOH	3	0	3	1	1	3.0903902561696	1	3	GAIN	3	0
IIICF_c	chr8	128230928	128239299	14	1	0.864391	6	ALOH	4	0	4	1	1	3.71769047137191	1	4	AMP	4	0
IIICF_c	chr8	128240401	128296106	46	1	1.527652	12	ALOH	6	0	6	1	1	5.94199866516516	1	6	HLAMP	6	0
IIICF_c	chr8	128301414	129085013	640	1	1.77266	16	ALOH	7	0	7	1	1	7.0591260461693	1	7	HLAMP	7	0
IIICF_c	chr8	129093252	129179990	87	1	1.43241	12	ALOH	6	0	6	1	1	5.55643571000242	1	6	HLAMP	6	0
IIICF_c	chr8	129180309	129198885	32	1	1.269599	9	ALOH	5	0	5	1	1	4.95351352754921	1	5	HLAMP	5	0
IIICF_c	chr8	129202426	129409135	139	1	1.453641	12	ALOH	6	0	6	1	1	5.64019298432197	1	6	HLAMP	6	0
IIICF_c	chr8	129410424	129439949	41	1	1.114573	9	ALOH	5	0	5	1	1	4.43932626169618	1	5	HLAMP	5	0
IIICF_c	chr8	129440384	129447587	17	1	1.570327	12	ALOH	6	0	6	1	1	6.12318935231405	1	6	HLAMP	6	0
IIICF_c	chr8	129450156	129518639	41	1	1.330985	9	ALOH	5	0	5	1	1	5.1728865393049	1	5	HLAMP	5	0
IIICF_c	chr8	129521413	129541245	26	1	1.483282	12	ALOH	6	0	6	1	1	5.75920906802582	1	6	HLAMP	6	0
IIICF_c	chr8	129544688	129709614	143	1	1.392687	9	ALOH	5	0	5	1	1	5.4029989447433	1	5	HLAMP	5	0
IIICF_c	chr8	129710999	129747986	35	1	1.454086	12	ALOH	6	0	6	1	1	5.641961751792	1	6	HLAMP	6	0
IIICF_c	chr8	129780333	130098503	258	1	-0.863789	1	DLOH	1	0	1	1	1	1.05698991149394	1	1	HETD	1	0
IIICF_c	chr8	130100306	130537348	121	1	0.207022	2	NLOH	2	0	2	1	1	2.32300048213604	1	2	NEUT	2	0
IIICF_c	chr8	130541447	130577382	38	1	0.414193	4	ALOH	3	0	3	1	1	2.69612898701238	1	3	GAIN	3	0
IIICF_c	chr8	130580830	130769225	270	1	0.284473	2	NLOH	2	0	2	1	1	2.45626384136525	1	2	NEUT	2	0
IIICF_c	chr8	130772065	131569783	97	1	-0.909019	1	DLOH	1	0	1	1	1	1.02148696582219	1	1	HETD	1	0
IIICF_c	chr8	131570516	131609951	56	1	0.155175	2	NLOH	2	0	2	1	1	2.23770671625661	1	2	NEUT	2	0
IIICF_c	chr8	131610101	132359907	321	1	-0.865189	1	DLOH	1	0	1	1	1	1.0558742173864	1	1	HETD	1	0
IIICF_c	chr8	132362095	132479965	98	1	0.187131	2	NLOH	2	0	2	1	1	2.28991479171768	1	2	NEUT	2	0
IIICF_c	chr8	132482595	132499703	27	1	0.448909	4	ALOH	3	0	3	1	1	2.76406564206413	1	3	GAIN	3	0
IIICF_c	chr8	132500697	132718372	91	1	0.224576	2	NLOH	2	0	2	1	1	2.35258026295763	1	2	NEUT	2	0
IIICF_c	chr8	132722995	133069055	162	1	0.368523	4	ALOH	3	0	3	1	1	2.60921016160522	1	3	GAIN	3	0
IIICF_c	chr8	133070064	133411141	70	1	0.267616	2	NLOH	2	0	2	1	1	2.42664727964228	1	2	NEUT	2	0
IIICF_c	chr8	133415818	133479043	33	1	-0.916939	1	DLOH	1	0	1	1	1	1.01538393070217	1	1	HETD	1	0
IIICF_c	chr8	133480123	134388905	523	1	0.161652	2	NLOH	2	0	2	1	1	2.24819527182873	1	2	NEUT	2	0
IIICF_c	chr8	134390389	141588660	687	1	-1.597425	1	DLOH	1	0	1	1	1	0.598473879156532	1	1	HETD	1	0
IIICF_c	chr8	141590192	142407321	288	1	-0.398021	2	NLOH	2	0	2	1	1	1.4953055672223	1	2	NEUT	2	0
IIICF_c	chr8	142410460	142549335	67	1	-0.5816	1	DLOH	1	0	1	1	1	1.30549406960175	1	1	HETD	1	0
IIICF_c	chr8	142553385	142569912	43	1	-0.268186	2	NLOH	2	0	2	1	1	1.64490101951251	1	2	NEUT	2	0
IIICF_c	chr8	142570601	142689225	94	1	-0.491811	1	DLOH	1	0	1	1	1	1.39531612256665	1	1	HETD	1	0
IIICF_c	chr8	142701720	142847158	60	1	-0.416794	2	NLOH	2	0	2	1	1	1.47476799646052	1	2	NEUT	2	0
IIICF_c	chr8	142851772	142873994	10	1	-0.640673	1	DLOH	1	0	1	1	1	1.24937594433301	1	1	HETD	1	0
IIICF_c	chr8	142903123	143061954	54	1	-0.429808	2	NLOH	2	0	2	1	1	1.46068677972049	1	2	NEUT	2	0
IIICF_c	chr8	143065475	143229500	180	1	-0.542827	1	DLOH	1	0	1	1	1	1.34359657685474	1	1	HETD	1	0
IIICF_c	chr8	143230657	143318417	84	1	-0.36982	2	NLOH	2	0	2	1	1	1.52666397787189	1	2	NEUT	2	0
IIICF_c	chr8	143320276	143339399	34	1	-0.510735	1	DLOH	1	0	1	1	1	1.375917448308	1	1	HETD	1	0
IIICF_c	chr8	143340566	143459885	103	1	-0.46304	2	NLOH	2	0	2	1	1	1.42530063311985	1	2	NEUT	2	0
IIICF_c	chr8	143463038	143483603	23	1	-0.594677	1	DLOH	1	0	1	1	1	1.29287240931312	1	1	HETD	1	0
IIICF_c	chr8	143517489	143979466	211	1	-0.349989	2	NLOH	2	0	2	1	1	1.54908524692271	1	2	NEUT	2	0
IIICF_c	chr8	143980466	144269595	220	1	-0.519338	1	DLOH	1	0	1	1	1	1.36718243969407	1	1	HETD	1	0
IIICF_c	chr8	144274533	144308635	46	1	-0.419822	2	NLOH	2	0	2	1	1	1.47148033643055	1	2	NEUT	2	0
IIICF_c	chr8	144310903	144346754	39	1	-0.59335	1	DLOH	1	0	1	1	1	1.29414799390145	1	1	HETD	1	0
IIICF_c	chr8	144349756	144365953	25	1	-0.423767	2	NLOH	2	0	2	1	1	1.46720737913018	1	2	NEUT	2	0
IIICF_c	chr8	144370222	144399886	67	1	-0.541742	1	DLOH	1	0	1	1	1	1.34467761259966	1	1	HETD	1	0
IIICF_c	chr8	144400065	144610870	85	1	-0.394696	2	NLOH	2	0	2	1	1	1.4989710413194	1	2	NEUT	2	0
IIICF_c	chr8	144614515	144639604	34	1	-0.599869	1	DLOH	1	0	1	1	1	1.28789283708494	1	1	HETD	1	0
IIICF_c	chr8	144640506	144819345	62	1	-0.402179	2	NLOH	2	0	2	1	1	1.49073366703261	1	2	NEUT	2	0
IIICF_c	chr8	144822037	144858150	26	1	-0.565105	1	DLOH	1	0	1	1	1	1.32157875575905	1	1	HETD	1	0
IIICF_c	chr8	144860797	145968517	165	1	-0.409269	2	NLOH	2	0	2	1	1	1.48296823210366	1	2	NEUT	2	0
IIICF_c	chr8	145971417	146266138	33	1	-0.513354	1	DLOH	1	0	1	1	1	1.37325274407982	1	1	HETD	1	0
IIICF_c	chr9	211762	21661422	15852	0.625	-0.236713	3	HET	2	1	1	NA	NA	1.68323695701326	0.631927638082806	2	NEUT	1	1
IIICF_c	chr9	21662080	22052404	326	1	-0.766476	1	DLOH	1	0	1	1	1	1.13725525401404	1	1	HETD	1	0
IIICF_c	chr9	22125032	141017343	53011	0.615385	-0.176043	3	HET	2	1	1	NA	NA	1.75953866054594	0.621502457723061	2	NEUT	1	1
IIICF_c	chr10	133947	49627912	29835	0.619048	-0.182789	3	HET	2	1	1	NA	NA	1.75089512661099	0.625390820273174	2	NEUT	1	1
IIICF_c	chr10	49657827	49719545	32	1	-0.84997	1	DLOH	1	0	1	1	1	1.06806089111949	1	1	HETD	1	0
IIICF_c	chr10	49743563	135043135	55684	0.578947	0.033682	3	HET	2	1	1	NA	NA	2.04944604815369	0.582540515953856	2	NEUT	1	1
IIICF_c	chr10	135051562	135309487	82	0.652586	0.667195	5	GAIN	3	1	2	1	1	3.23081600469062	0.656991780927306	3	GAIN	2	1
IIICF_c	chr10	135333618	135424194	8	0.745798	0.044859	3	HET	2	1	1	NA	NA	2.06611092628598	0.756896010881013	2	NEUT	1	1
IIICF_c	chr11	190010	195360	63	0.653061	-0.505759	3	HET	2	1	1	NA	NA	1.38099363050162	0.663400351661172	2	NEUT	1	1
IIICF_c	chr11	198986	1017338	406	1	-0.836501	1	DLOH	1	0	1	1	1	1.07895400284044	1	1	HETD	1	0
IIICF_c	chr11	1017381	1017514	11	0.595238	-0.880319	3	HET	2	1	1	NA	NA	1.04388557537709	0.60374894543218	2	NEUT	1	1
IIICF_c	chr11	1017746	1524784	155	1	-0.830854	1	DLOH	1	0	1	1	1	1.08355138215427	1	1	HETD	1	0
IIICF_c	chr11	1550417	11049355	7004	0.571429	0.163792	3	HET	2	1	1	NA	NA	2.25167105137092	0.574388307273802	2	NEUT	1	1
IIICF_c	chr11	11050382	11298450	294	0.739565	1.109675	7	ASCNA	4	1	3	1	1	4.42396397453831	0.744616638016067	4	AMP	3	1
IIICF_c	chr11	11298990	11309469	31	0.738095	1.245933	10	ASCNA	5	1	4	1	1	4.87140103609681	0.742654495873796	5	HLAMP	4	1
IIICF_c	chr11	11311058	11369839	149	0.74359	1.107141	7	ASCNA	4	1	3	1	1	4.41603668120997	0.748735732658819	4	AMP	3	1
IIICF_c	chr11	11370393	11429355	50	0.75	1.233372	10	ASCNA	5	1	4	1	1	4.82836300642423	0.754830149029921	5	HLAMP	4	1
IIICF_c	chr11	11431533	11449449	28	0.724202	1.001952	7	ASCNA	4	1	3	1	1	4.09895521716961	0.729304543840261	4	AMP	3	1
IIICF_c	chr11	11450521	11508436	82	0.76087	1.185115	10	ASCNA	5	1	4	1	1	4.66646058737165	0.766085031931046	5	HLAMP	4	1
IIICF_c	chr11	11510084	11522582	22	0.741906	1.056222	7	ASCNA	4	1	3	1	1	4.25965884803533	0.74720375973149	4	AMP	3	1
IIICF_c	chr11	11525703	12329921	647	0.75	1.214298	10	ASCNA	5	1	4	1	1	4.76372168994039	0.754895691732125	5	HLAMP	4	1
IIICF_c	chr11	12330050	12367806	25	0.729167	1.04963	7	ASCNA	4	1	3	1	1	4.23981462533213	0.734209264769118	4	AMP	3	1
IIICF_c	chr11	12389978	12587217	149	0.740741	1.242184	10	ASCNA	5	1	4	1	1	4.85851650274364	0.745363392436096	5	HLAMP	4	1
IIICF_c	chr11	12590816	12626621	44	0.74037	1.081667	7	ASCNA	4	1	3	1	1	4.33711334700367	0.745540111711858	4	AMP	3	1
IIICF_c	chr11	12630100	13409843	446	0.74359	1.177548	10	ASCNA	5	1	4	1	1	4.64156085640569	0.748485711782316	5	HLAMP	4	1
IIICF_c	chr11	13431528	13499513	88	0.754717	1.11146	7	ASCNA	4	1	3	1	1	4.42955648215753	0.760081362564545	4	AMP	3	1
IIICF_c	chr11	13510474	13559585	62	0.745609	1.249624	10	ASCNA	5	1	4	1	1	4.88411898649017	0.750300140897618	5	HLAMP	4	1
IIICF_c	chr11	13560429	13929519	172	0.73913	1.083046	7	ASCNA	4	1	3	1	1	4.34135016942578	0.744268420985287	4	AMP	3	1
IIICF_c	chr11	13930230	14049169	80	0.738418	1.231648	10	ASCNA	5	1	4	1	1	4.8224852176665	0.743029992276361	5	HLAMP	4	1
IIICF_c	chr11	14051202	14068729	31	0.745455	1.127202	7	ASCNA	4	1	3	1	1	4.47917782069602	0.750567037313057	4	AMP	3	1
IIICF_c	chr11	14070459	19589884	3659	0.571429	0.139018	3	HET	2	1	1	NA	NA	2.21174713636604	0.574441725284446	2	NEUT	1	1
IIICF_c	chr11	19590788	19664650	17	0.6	0.443828	5	GAIN	3	1	2	1	1	2.75402008711532	0.603387297427596	3	GAIN	2	1
IIICF_c	chr11	19684114	20679571	776	0.578947	0.144252	3	HET	2	1	1	NA	NA	2.2201248313892	0.582264253591547	2	NEUT	1	1
IIICF_c	chr11	20680404	20687385	26	0.658216	0.404119	5	GAIN	3	1	2	1	1	2.67671899912627	0.663730016417949	3	GAIN	2	1
IIICF_c	chr11	20690111	20709440	27	0.558824	0.04768	3	HET	2	1	1	NA	NA	2.07033747490678	0.561474536843896	2	NEUT	1	1
IIICF_c	chr11	20730001	20749657	30	0.747093	1.125122	7	ASCNA	4	1	3	1	1	4.47259023737727	0.752246731236421	4	AMP	3	1
IIICF_c	chr11	20751766	28041347	6050	0.571429	0.028833	3	HET	2	1	1	NA	NA	2.04225626089254	0.57469175729845	2	NEUT	1	1
IIICF_c	chr11	28045419	28219701	64	1	-0.801266	1	DLOH	1	0	1	1	1	1.10793616484031	1	1	HETD	1	0
IIICF_c	chr11	28260444	134939292	62438	0.575758	0.034032	3	HET	2	1	1	NA	NA	2.04996594145843	0.579205484252316	2	NEUT	1	1
IIICF_c	chr12	190980	13127027	8062	0.578947	0.132234	3	HET	2	1	1	NA	NA	2.20093359514372	0.582293178679292	2	NEUT	1	1
IIICF_c	chr12	13131329	13158152	29	0.590909	0.425725	5	GAIN	3	1	2	1	1	2.7185151804658	0.594028575880974	3	GAIN	2	1
IIICF_c	chr12	13161702	26849662	9408	0.571429	0.096781	3	HET	2	1	1	NA	NA	2.14524217185461	0.574535123219073	2	NEUT	1	1
IIICF_c	chr12	26852838	26879513	47	0.583333	0.39722	5	GAIN	3	1	2	1	1	2.66350439056318	0.586251663558101	3	GAIN	2	1
IIICF_c	chr12	26880352	90179940	35293	0.571429	0.084333	3	HET	2	1	1	NA	NA	2.12601056790264	0.57456322078946	2	NEUT	1	1
IIICF_c	chr12	90180595	90299978	71	0.666667	0.761819	5	GAIN	3	1	2	1	1	3.45614723607085	0.671165604552416	3	GAIN	2	1
IIICF_c	chr12	90300147	96338815	4613	0.571429	0.07834	3	HET	2	1	1	NA	NA	2.116810659089	0.574576842482709	2	NEUT	1	1
IIICF_c	chr12	96351097	102787814	3413	0.612903	0.417074	5	GAIN	3	1	2	1	1	2.70170489614547	0.616801414448381	3	GAIN	2	1
IIICF_c	chr12	102790780	102855286	35	0.652174	-0.174538	3	HET	2	1	1	NA	NA	1.76147251162783	0.66023307174625	2	NEUT	1	1
IIICF_c	chr12	102867636	102969936	106	0.64	0.574621	5	GAIN	3	1	2	1	1	3.0242163107281	0.644318526810717	3	GAIN	2	1
IIICF_c	chr12	102970964	102992811	57	0.692308	0.849686	7	ASCNA	4	1	3	1	1	3.67904350481348	0.697184215197659	4	AMP	3	1
IIICF_c	chr12	103004418	103059439	60	0.647854	0.790823	5	GAIN	3	1	2	1	1	3.52822732670063	0.651763281595069	3	GAIN	2	1
IIICF_c	chr12	103060105	133819755	20252	0.583333	-0.00925	3	HET	2	1	1	NA	NA	1.98662159252265	0.587246112205584	2	NEUT	1	1
IIICF_c	chr13	20140719	20889059	424	0.590909	0.157332	3	HET	2	1	1	NA	NA	2.24119443441596	0.59469297084109	2	NEUT	1	1
IIICF_c	chr13	20890333	20899907	43	0.576923	0.509402	5	GAIN	3	1	2	1	1	2.8864233469589	0.579409088705802	3	GAIN	2	1
IIICF_c	chr13	20900080	24289783	2653	0.583333	0.161355	3	HET	2	1	1	NA	NA	2.24771329289721	0.58679156975004	2	NEUT	1	1
IIICF_c	chr13	24290267	24299438	23	0.5625	0.470459	5	GAIN	3	1	2	1	1	2.80706720009078	0.564577053311267	3	GAIN	2	1
IIICF_c	chr13	24300303	30489115	4743	0.583333	0.161412	3	HET	2	1	1	NA	NA	2.24780578621041	0.586791427435888	2	NEUT	1	1
IIICF_c	chr13	30490389	30509897	37	0.6	0.374596	5	GAIN	3	1	2	1	1	2.62061025378589	0.603559737714968	3	GAIN	2	1
IIICF_c	chr13	30510224	111089773	52095	0.583333	0.109064	3	HET	2	1	1	NA	NA	2.16438220695413	0.586924728474111	2	NEUT	1	1
IIICF_c	chr13	111090656	111108874	58	0.571429	0.35454	5	GAIN	3	1	2	1	1	2.58314333938328	0.574008565144117	3	GAIN	2	1
IIICF_c	chr13	111109960	115093704	2711	0.588235	0.182304	3	HET	2	1	1	NA	NA	2.2819543490983	0.591842068367169	2	NEUT	1	1
IIICF_c	chr14	20211239	52179451	19761	0.576923	-0.007498	3	HET	2	1	1	NA	NA	1.98914895486328	0.580530524949548	2	NEUT	1	1
IIICF_c	chr14	52182081	52209318	16	0.675439	0.581571	5	GAIN	3	1	2	1	1	3.03927071822638	0.680823894426745	3	GAIN	2	1
IIICF_c	chr14	52241063	107268223	35218	0.578947	-0.000377	3	HET	2	1	1	NA	NA	1.99945306109871	0.582630365823332	2	NEUT	1	1
IIICF_c	chr15	21910347	60287937	21697	0.576923	0.068025	3	HET	2	1	1	NA	NA	2.10106523031814	0.58033836492037	2	NEUT	1	1
IIICF_c	chr15	60291694	60374086	39	0.9375	-0.828111	1	DLOH	1	0	1	1	1	1.08579103634027	0.975088261639951	1	HETD	1	0
IIICF_c	chr15	60397836	70157011	5907	0.571429	0.152075	3	HET	2	1	1	NA	NA	2.23270335666158	0.574413447755073	2	NEUT	1	1
IIICF_c	chr15	70164871	82521705	4334	0.933333	-0.761756	1	DLOH	1	0	1	1	1	1.14128775574747	0.968752876403843	1	HETD	1	0
IIICF_c	chr15	82555242	101609737	12828	0.576923	0.07191	3	HET	2	1	1	NA	NA	2.1069823135351	0.580328773478467	2	NEUT	1	1
IIICF_c	chr15	101620389	101639310	59	0.578947	0.378133	5	GAIN	3	1	2	1	1	2.62727197384954	0.581750180311712	3	GAIN	2	1
IIICF_c	chr15	101639958	102113153	475	0.578947	0.202918	3	HET	2	1	1	NA	NA	2.31613669473297	0.582126741976091	2	NEUT	1	1
IIICF_c	chr16	94168	33969750	21862	0.6	-0.106608	3	HET	2	1	1	NA	NA	1.85089345547835	0.605040098407081	2	NEUT	1	1
IIICF_c	chr16	33969751	33969751	1	0.910256	-0.026109	2	NLOH	2	0	2	1	1	1.96245772597588	0.929757816558707	2	NEUT	2	0
IIICF_c	chr16	33969761	33973500	124	0.684397	-0.132546	3	HET	2	1	1	NA	NA	1.81625166920728	0.693868052861185	2	NEUT	1	1
IIICF_c	chr16	33974993	33975300	4	0.749082	-0.132546	5	GAIN	3	1	2	1	1	1.81625166920728	0.761875422825586	3	GAIN	2	1
IIICF_c	chr16	33975649	90149995	30245	0.578947	0.007216	3	HET	2	1	1	NA	NA	2.01049632574107	0.582610133812439	2	NEUT	1	1
IIICF_c	chr17	828	5035657	1996	1	-0.874302	1	DLOH	1	0	1	1	1	1.04863824643402	1	1	HETD	1	0
IIICF_c	chr17	5035948	5036329	9	0.548387	-0.704937	3	HET	2	1	1	NA	NA	1.19088032020594	0.552177364833604	2	NEUT	1	1
IIICF_c	chr17	5037724	16068396	4751	1	-0.896519	1	DLOH	1	0	1	1	1	1.03118770951107	1	1	HETD	1	0
IIICF_c	chr17	16068506	16069244	12	0.615213	-0.86096	3	HET	2	1	1	NA	NA	1.05924771753977	0.625359689817256	2	NEUT	1	1
IIICF_c	chr17	16069434	21200913	1426	1	-0.852272	1	DLOH	1	0	1	1	1	1.06620929346906	1	1	HETD	1	0
IIICF_c	chr17	21200961	21201579	22	0.5375	-0.83094	3	HET	2	1	1	NA	NA	1.08348123214422	0.540728719455356	2	NEUT	1	1
IIICF_c	chr17	21201719	21237842	961	0.642857	-0.972929	1	DLOH	1	0	1	1	1	0.973181404251442	0.656550931774685	1	HETD	1	0
IIICF_c	chr17	21237884	21239309	43	0.64	-0.854311	3	HET	2	1	1	NA	NA	1.06457170364122	0.652267993949695	2	NEUT	1	1
IIICF_c	chr17	21239344	21250324	430	0.666667	-1.058999	1	DLOH	1	0	1	1	1	0.911417495124676	0.683725965592798	1	HETD	1	0
IIICF_c	chr17	21250346	21250800	20	0.600446	-0.797177	3	HET	2	1	1	NA	NA	1.11134559515108	0.608877482639888	2	NEUT	1	1
IIICF_c	chr17	21250837	33297065	2203	1	-0.870401	1	DLOH	1	0	1	1	1	1.05173015271098	1	1	HETD	1	0
IIICF_c	chr17	33301215	36206306	1250	0.573214	0.049141	3	HET	2	1	1	NA	NA	2.0725296611784	0.576509443089917	2	NEUT	1	1
IIICF_c	chr17	36481794	41382262	1656	0.648649	0.63333	5	GAIN	3	1	2	1	1	3.15369658112284	0.653046061303072	3	GAIN	2	1
IIICF_c	chr17	41382301	41382468	9	0.838617	0.659748	7	ASCNA	4	1	3	1	1	3.21370163672094	0.848446323748009	4	AMP	3	1
IIICF_c	chr17	41382596	41409774	55	0.647059	0.615393	5	GAIN	3	1	2	1	1	3.11357681879501	0.651465080820515	3	GAIN	2	1
IIICF_c	chr17	41410460	41428666	41	0.621622	0.854382	8	BCNA	4	2	2	1	1	3.69134251830413	0.624695606257057	4	AMP	2	2
IIICF_c	chr17	41430179	49019596	3968	0.648649	0.646901	5	GAIN	3	1	2	1	1	3.18438408924996	0.653003687377473	3	GAIN	2	1
IIICF_c	chr17	49020237	49029224	22	0.636364	0.869218	8	BCNA	4	2	2	1	1	3.7304626758514	0.639774024260352	4	AMP	2	2
IIICF_c	chr17	49030180	70309343	12500	0.651163	0.595285	5	GAIN	3	1	2	1	1	3.06919022743049	0.655757541002148	3	GAIN	2	1
IIICF_c	chr17	70312798	70318932	10	0.680707	1.0251	7	ASCNA	4	1	3	1	1	4.16676214472385	0.684752728193855	4	AMP	3	1
IIICF_c	chr17	70320661	76183773	4500	0.65	0.601685	5	GAIN	3	1	2	1	1	3.08325058850481	0.654538401058649	3	GAIN	2	1
IIICF_c	chr17	76190440	76209754	31	0.666667	0.271308	3	HET	2	1	1	NA	NA	2.43310430009652	0.673057124619561	2	NEUT	1	1
IIICF_c	chr17	76210157	81130897	4182	0.657895	0.642988	5	GAIN	3	1	2	1	1	3.17550615697599	0.662533481772648	3	GAIN	2	1
IIICF_c	chr18	131139	68871313	41398	0.583333	-0.113365	3	HET	2	1	1	NA	NA	1.84180899192569	0.587553781435891	2	NEUT	1	1
IIICF_c	chr18	68881548	68919785	7	0.666667	0.647397	5	GAIN	3	1	2	1	1	3.18551114953331	0.671547799017854	3	GAIN	2	1
IIICF_c	chr18	68927920	71218390	2149	0.590909	-0.197027	3	HET	2	1	1	NA	NA	1.73278435502571	0.595803212233881	2	NEUT	1	1
IIICF_c	chr18	71220702	71235786	15	0.75	0.867726	7	ASCNA	4	1	3	1	1	3.72651029149687	0.756258325099705	4	AMP	3	1
IIICF_c	chr18	71240254	72279463	736	0.666667	0.533378	5	GAIN	3	1	2	1	1	2.93635661189286	0.671961942592134	3	GAIN	2	1
IIICF_c	chr18	72344052	72379611	12	0.604348	-0.140394	3	HET	2	1	1	NA	NA	1.80589232716032	0.60973829721808	2	NEUT	1	1
IIICF_c	chr18	72381544	72389613	7	0.710526	1.085481	7	ASCNA	4	1	3	1	1	4.34884132920746	0.715041986265343	4	AMP	3	1
IIICF_c	chr18	72390746	73836420	891	0.588235	-0.187153	3	HET	2	1	1	NA	NA	1.74532509968296	0.592951121569243	2	NEUT	1	1
IIICF_c	chr18	73842289	73987704	131	0.811321	1.3432	10	ASCNA	5	1	4	1	1	5.21766342914274	0.816887122903649	5	HLAMP	4	1
IIICF_c	chr18	73990228	74019798	40	0.615079	-0.160604	3	HET	2	1	1	NA	NA	1.77947314570025	0.621111885417429	2	NEUT	1	1
IIICF_c	chr18	74020752	75328409	1350	0.75	0.985895	7	ASCNA	4	1	3	1	1	4.05255482593351	0.75575481736665	4	AMP	3	1
IIICF_c	chr18	75330623	77941153	2108	0.590909	-0.178694	3	HET	2	1	1	NA	NA	1.7561371583424	0.595738129859679	2	NEUT	1	1
IIICF_c	chr19	263280	7861545	2475	1	-0.87867	1	DLOH	1	0	1	1	1	1.04518610623238	1	1	HETD	1	0
IIICF_c	chr19	7861547	7862405	27	0.540541	-0.611807	3	HET	2	1	1	NA	NA	1.27651101979516	0.543503718057818	2	NEUT	1	1
IIICF_c	chr19	7864648	23677586	4817	1	-0.915779	1	DLOH	1	0	1	1	1	1.01627571672593	1	1	HETD	1	0
IIICF_c	chr19	28682204	59043288	17394	0.578947	0.10306	3	HET	2	1	1	NA	NA	2.15500608932997	0.582364492464208	2	NEUT	1	1
IIICF_c	chr20	63244	8226894	6480	0.625	-0.19667	3	HET	2	1	1	NA	NA	1.73323627872914	0.631727793889903	2	NEUT	1	1
IIICF_c	chr20	8230606	8249992	12	0.72381	-0.903033	1	DLOH	1	0	1	1	1	1.02612197104415	0.744157025829508	1	HETD	1	0
IIICF_c	chr20	8250108	31718653	10862	0.625	-0.202256	3	HET	2	1	1	NA	NA	1.72617780076518	0.63175530437283	2	NEUT	1	1
IIICF_c	chr20	31720630	31739909	38	0.569048	0.437972	5	GAIN	3	1	2	1	1	2.74248609373359	0.571396697607499	3	GAIN	2	1
IIICF_c	chr20	31740804	33459354	863	0.578947	0.253628	3	HET	2	1	1	NA	NA	2.40233271091049	0.582012652412407	2	NEUT	1	1
IIICF_c	chr20	33460366	33489276	36	0.587221	0.424286	5	GAIN	3	1	2	1	1	2.71571197828501	0.590217110244948	3	GAIN	2	1
IIICF_c	chr20	33490921	33499984	8	0.563741	-0.094796	3	HET	2	1	1	NA	NA	1.86687668497247	0.566926104433278	2	NEUT	1	1
IIICF_c	chr20	33500245	33585437	78	0.591751	0.344	5	GAIN	3	1	2	1	1	2.56366120521487	0.595089647829383	3	GAIN	2	1
IIICF_c	chr20	33590096	33649593	83	0.575758	0.248137	3	HET	2	1	1	NA	NA	2.39285225832955	0.578711473318865	2	NEUT	1	1
IIICF_c	chr20	33650069	33659750	19	0.571429	0.45446	5	GAIN	3	1	2	1	1	2.7750809409305	0.57383015033124	3	GAIN	2	1
IIICF_c	chr20	33670753	33789043	150	0.571429	0.238754	3	HET	2	1	1	NA	NA	2.37673537410552	0.574232587893347	2	NEUT	1	1
IIICF_c	chr20	33790120	33939973	96	0.57634	0.345831	5	GAIN	3	1	2	1	1	2.56703541819306	0.579114218929004	3	GAIN	2	1
IIICF_c	chr20	33942261	36518403	871	0.575758	0.250922	3	HET	2	1	1	NA	NA	2.39765617358842	0.578705555775016	2	NEUT	1	1
IIICF_c	chr20	36520556	36529578	15	0.588235	0.509166	5	GAIN	3	1	2	1	1	2.88593595768159	0.591087164936663	3	GAIN	2	1
IIICF_c	chr20	36530549	36809169	125	0.586207	0.248208	3	HET	2	1	1	NA	NA	2.3929746128226	0.589567662319561	2	NEUT	1	1
IIICF_c	chr20	36811306	36979832	141	0.571429	0.395041	5	GAIN	3	1	2	1	1	2.65934376492591	0.573934650682855	3	GAIN	2	1
IIICF_c	chr20	36985885	39439483	1284	0.576923	0.240708	3	HET	2	1	1	NA	NA	2.38008306245634	0.579937980693838	2	NEUT	1	1
IIICF_c	chr20	39440254	39527943	101	0.588235	0.383728	5	GAIN	3	1	2	1	1	2.63784321734509	0.591355414926039	3	GAIN	2	1
IIICF_c	chr20	39537831	39718636	119	0.576923	0.235413	3	HET	2	1	1	NA	NA	2.37102190314644	0.579949502822903	2	NEUT	1	1
IIICF_c	chr20	39720830	39889730	62	0.596296	0.348107	5	GAIN	3	1	2	1	1	2.57123566282954	0.599789709576409	3	GAIN	2	1
IIICF_c	chr20	39891004	40013308	83	0.592593	0.283423	3	HET	2	1	1	NA	NA	2.45440894188104	0.596112262540032	2	NEUT	1	1
IIICF_c	chr20	40026676	40149695	119	0.578947	0.329356	5	GAIN	3	1	2	1	1	2.53682840679187	0.581850119915754	3	GAIN	2	1
IIICF_c	chr20	40150484	42616512	1245	0.578947	0.220986	3	HET	2	1	1	NA	NA	2.34650153747853	0.582085594606898	2	NEUT	1	1
IIICF_c	chr20	42622550	42699752	85	0.571429	0.409433	5	GAIN	3	1	2	1	1	2.68694080855045	0.573908915634661	3	GAIN	2	1
IIICF_c	chr20	42700241	43262827	359	0.580645	0.270952	3	HET	2	1	1	NA	NA	2.4324809637253	0.583737775753133	2	NEUT	1	1
IIICF_c	chr20	43271102	43489380	195	0.586207	0.399128	5	GAIN	3	1	2	1	1	2.66715272738209	0.589222192767335	3	GAIN	2	1
IIICF_c	chr20	43492275	43509597	46	0.585784	0.229566	3	HET	2	1	1	NA	NA	2.36105468620879	0.589173383279223	2	NEUT	1	1
IIICF_c	chr20	43510079	43835212	89	0.583333	0.37985	5	GAIN	3	1	2	1	1	2.6305117301042	0.586288270304485	3	GAIN	2	1
IIICF_c	chr20	43848927	44094144	79	0.588235	0.299944	3	HET	2	1	1	NA	NA	2.4837515283808	0.59154900514661	2	NEUT	1	1
IIICF_c	chr20	44113522	44119741	9	1	-0.335437	2	NLOH	2	0	2	1	1	1.56573515502535	1	2	NEUT	2	0
IIICF_c	chr20	44120066	45581103	803	1	-0.83672	1	DLOH	1	0	1	1	1	1.07877607108368	1	1	HETD	1	0
IIICF_c	chr20	45607859	51240383	3622	0.576923	0.092984	3	HET	2	1	1	NA	NA	2.13935837855116	0.580277232070223	2	NEUT	1	1
IIICF_c	chr20	51242002	62907521	5016	1	-0.872662	1	DLOH	1	0	1	1	1	1.0499370808724	1	1	HETD	1	0
IIICF_c	chr21	15412436	37670146	16222	0.608696	-0.241022	3	HET	2	1	1	NA	NA	1.67793880298942	0.614739073561318	2	NEUT	1	1
IIICF_c	chr21	37670391	48094214	5128	0.875	-0.770036	1	DLOH	1	0	1	1	1	1.13422250678635	0.905842774788955	1	HETD	1	0
IIICF_c	chr22	17046530	51174142	21430	0.583333	-0.013478	3	HET	2	1	1	NA	NA	1.98053508117889	0.587258137845551	2	NEUT	1	1
IIICF_c	chrX	2700027	76648652	19965	0.578947	-0.000572	3	HET	2	1	1	NA	NA	1.99917021774404	0.582630886947315	2	HLAMP	1	1
IIICF_c	chrX	76717074	76897579	17	1	-1.072994	1	DLOH	1	0	1	1	1	0.90171838499863	1	1	HETD	1	0
IIICF_c	chrX	76910489	154929412	26521	0.578947	-0.036286	3	HET	2	1	1	NA	NA	1.94800720521473	0.582727641596649	2	HLAMP	1	1
