Sample	Chromosome	Start_Position.bp.	End_Position.bp.	Length.snp.	Median_Ratio	Median_logR	TITAN_state	TITAN_call	Copy_Number	MinorCN	MajorCN	Clonal_Cluster	Cellular_Prevalence	logR_Copy_Number	Corrected_Ratio	Corrected_Copy_Number	Corrected_Call	Corrected_MajorCN	Corrected_MinorCN
JFCF_6_T_1_G	chr1	821038	7221121	5409	0.578947	-0.058102	3	HET	2	1	1	NA	NA	1.92025337942126	0.579780777864935	2	NEUT	1	1
JFCF_6_T_1_G	chr1	7245019	7534756	159	1	-0.974735	1	DLOH	1	0	1	1	1	1.00770562141737	1	1	HETD	1	0
JFCF_6_T_1_G	chr1	7536743	17779262	6776	0.578947	0.034674	3	HET	2	1	1	NA	NA	2.0491439922189	0.579728333458707	2	NEUT	1	1
JFCF_6_T_1_G	chr1	17780401	17789515	29	0.619048	0.380174	5	GAIN	3	1	2	1	1	2.6091121041393	0.61997334276171	3	GAIN	2	1
JFCF_6_T_1_G	chr1	17790459	26599542	5855	0.575758	0.018166	3	HET	2	1	1	NA	NA	2.02559961968204	0.576516487035671	2	NEUT	1	1
JFCF_6_T_1_G	chr1	26600483	26609093	11	0.533333	-1.14929	1	DLOH	1	0	1	1	1	0.890557150113288	0.534092077075087	1	HETD	1	0
JFCF_6_T_1_G	chr1	26610030	28559820	1199	0.571429	0.115008	3	HET	2	1	1	NA	NA	2.1676449779781	0.572097281877705	2	NEUT	1	1
JFCF_6_T_1_G	chr1	28560580	28569646	32	0.6	0.367996	5	GAIN	3	1	2	1	1	2.58701043140289	0.600783926035144	3	GAIN	2	1
JFCF_6_T_1_G	chr1	28570179	39369652	6863	0.578947	0.008936	3	HET	2	1	1	NA	NA	2.01255237586874	0.579742539426465	2	NEUT	1	1
JFCF_6_T_1_G	chr1	39370048	39379976	14	0.571429	0.483065	5	GAIN	3	1	2	1	1	2.80348554370684	0.571945713153501	3	GAIN	2	1
JFCF_6_T_1_G	chr1	39380307	111349441	44439	0.571429	0.010471	3	HET	2	1	1	NA	NA	2.01471642204657	0.572148008313145	2	NEUT	1	1
JFCF_6_T_1_G	chr1	111392743	111410064	2	1	-1.118887	1	DLOH	1	0	1	1	1	0.909955594249578	1	1	HETD	1	0
JFCF_6_T_1_G	chr1	111496703	215379943	47416	0.571429	0.013095	3	HET	2	1	1	NA	NA	2.01842107905871	0.572146688628558	2	NEUT	1	1
JFCF_6_T_1_G	chr1	215380352	215389609	9	0.631579	1.046181	8	BCNA	4	2	2	1	1	4.15171187472123	0.632221736026022	4	AMP	2	2
JFCF_6_T_1_G	chr1	215390579	227379283	7634	0.576923	0.009132	3	HET	2	1	1	NA	NA	2.01282856886126	0.577698037459422	2	NEUT	1	1
JFCF_6_T_1_G	chr1	227380472	227389940	43	0.583333	0.344089	5	GAIN	3	1	2	1	1	2.54416084821473	0.583997271652901	3	GAIN	2	1
JFCF_6_T_1_G	chr1	227400053	249209648	17522	0.571429	0.012114	3	HET	2	1	1	NA	NA	2.01703527947269	0.572147181714928	2	NEUT	1	1
JFCF_6_T_1_G	chr2	11594	55589434	44432	0.578947	-0.00399	3	HET	2	1	1	NA	NA	1.99442031658583	0.579749771988188	2	NEUT	1	1
JFCF_6_T_1_G	chr2	55590429	55619610	54	0.571429	0.361173	5	GAIN	3	1	2	1	1	2.57470877123805	0.57199162590638	3	GAIN	2	1
JFCF_6_T_1_G	chr2	55620220	90249092	18475	0.576923	-0.001702	3	HET	2	1	1	NA	NA	1.99761800698651	0.577703938865592	2	NEUT	1	1
JFCF_6_T_1_G	chr2	96360977	97289422	32	0.655172	0.642418	5	GAIN	3	1	2	1	1	3.13326237750787	0.656176361049482	3	GAIN	2	1
JFCF_6_T_1_G	chr2	97328890	97349315	4	0.827592	1.545165	13	ASCNA	6	1	5	1	1	5.87565399360311	0.828722707681141	6	HLAMP	5	1
JFCF_6_T_1_G	chr2	97371094	97663328	18	0.589474	-0.017903	3	HET	2	1	1	NA	NA	1.9750844196673	0.590392722723268	2	NEUT	1	1
JFCF_6_T_1_G	chr2	98281687	98591030	19	0.830189	1.465948	13	ASCNA	6	1	5	1	1	5.56064156140292	0.831393234229665	6	HLAMP	5	1
JFCF_6_T_1_G	chr2	98618567	99989338	653	0.571429	0.009032	3	HET	2	1	1	NA	NA	2.01268764938078	0.572148733067636	2	NEUT	1	1
JFCF_6_T_1_G	chr2	99990324	100089871	118	0.658537	0.688292	5	GAIN	3	1	2	1	1	3.23514820987889	0.65953082455354	3	GAIN	2	1
JFCF_6_T_1_G	chr2	100090098	100258343	56	0.742465	1.063144	7	ASCNA	4	1	3	1	1	4.20105507240292	0.743635479872365	4	AMP	3	1
JFCF_6_T_1_G	chr2	100261056	100859622	88	0.682143	0.594814	5	GAIN	3	1	2	1	1	3.03090428144249	0.683361746922953	3	GAIN	2	1
JFCF_6_T_1_G	chr2	100860595	100884893	28	0.758049	0.876332	7	ASCNA	4	1	3	1	1	3.68835256070329	0.759467871354725	4	AMP	3	1
JFCF_6_T_1_G	chr2	100891403	100929072	69	0.659574	0.5745	5	GAIN	3	1	2	1	1	2.9882428514315	0.660656977690805	3	GAIN	2	1
JFCF_6_T_1_G	chr2	100930662	100939937	26	0.609226	0.981362	8	BCNA	4	2	2	1	1	3.96841647580379	0.609784190002164	4	AMP	2	2
JFCF_6_T_1_G	chr2	100940067	101889306	578	0.666667	0.570398	5	GAIN	3	1	2	1	1	2.97970089796449	0.66780135819895	3	GAIN	2	1
JFCF_6_T_1_G	chr2	101892105	102009401	55	0.735849	1.074233	7	ASCNA	4	1	3	1	1	4.2336265773992	0.736978782278792	4	AMP	3	1
JFCF_6_T_1_G	chr2	102010609	103779791	1633	0.666667	0.539295	5	GAIN	3	1	2	1	1	2.9157166294436	0.667826251248867	3	GAIN	2	1
JFCF_6_T_1_G	chr2	103781331	109529701	4066	0.576923	-0.0411	3	HET	2	1	1	NA	NA	1.94325763664981	0.577725784721305	2	NEUT	1	1
JFCF_6_T_1_G	chr2	109532717	109809695	242	0.65625	0.526511	5	GAIN	3	1	2	1	1	2.88981512145071	0.657346536859374	3	GAIN	2	1
JFCF_6_T_1_G	chr2	109810489	109819450	23	0.642857	-0.187138	3	HET	2	1	1	NA	NA	1.75422572892157	0.644508540838873	2	NEUT	1	1
JFCF_6_T_1_G	chr2	109820307	112469991	860	0.658814	0.587583	5	GAIN	3	1	2	1	1	3.01564955665277	0.659882024415168	3	GAIN	2	1
JFCF_6_T_1_G	chr2	112640293	133037175	14552	0.578947	-0.025753	3	HET	2	1	1	NA	NA	1.96425671532191	0.579762099549025	2	NEUT	1	1
JFCF_6_T_1_G	chr2	133037200	133037222	4	0.96694	0.15155	2	NLOH	2	0	2	1	1	2.22377070482482	0.97119837930249	2	NEUT	2	0
JFCF_6_T_1_G	chr2	133037226	133079976	790	0.598507	0.215974	3	HET	2	1	1	NA	NA	2.32625061188455	0.599365783834142	2	NEUT	1	1
JFCF_6_T_1_G	chr2	133080121	133089934	179	0.585714	0.375963	5	GAIN	3	1	2	1	1	2.60144851111508	0.586382205115601	3	GAIN	2	1
JFCF_6_T_1_G	chr2	133090053	149079674	9843	0.571429	-0.034247	3	HET	2	1	1	NA	NA	1.9526068994047	0.572170878898678	2	NEUT	1	1
JFCF_6_T_1_G	chr2	149090114	149099348	8	0.672043	0.579152	5	GAIN	3	1	2	1	1	2.99795955382957	0.673206816487934	3	GAIN	2	1
JFCF_6_T_1_G	chr2	149100152	149102757	5	0.576923	-0.252141	3	HET	2	1	1	NA	NA	1.67604690425009	0.577853772006622	2	NEUT	1	1
JFCF_6_T_1_G	chr2	149103372	162101261	6135	1	-0.956478	1	DLOH	1	0	1	1	1	1.02079722577163	1	1	HETD	1	0
JFCF_6_T_1_G	chr2	162135135	162135255	2	0.730144	-0.42676	3	HET	2	1	1	NA	NA	1.48266810503596	0.733291958366235	2	NEUT	1	1
JFCF_6_T_1_G	chr2	162135266	162135266	1	0.942779	-0.42676	1	DLOH	1	0	1	1	1	1.48266810503596	0.948835424922844	1	HETD	1	0
JFCF_6_T_1_G	chr2	162135292	162135560	2	0.864065	-0.42676	21	ASCNA	8	1	7	1	1	1.48266810503596	0.869044758162729	1	HETD	1	0
JFCF_6_T_1_G	chr2	162135662	162135811	2	0.660585	-0.42676	3	HET	2	1	1	NA	NA	1.48266810503596	0.662781515634741	2	NEUT	1	1
JFCF_6_T_1_G	chr2	162135814	162135814	1	0.902402	-0.42676	21	ASCNA	8	1	7	1	1	1.48266810503596	0.907906139766796	1	HETD	1	0
JFCF_6_T_1_G	chr2	162136238	162136238	1	0.515106	-0.42676	3	HET	2	1	1	NA	NA	1.48266810503596	0.515312623066777	2	NEUT	1	1
JFCF_6_T_1_G	chr2	162136457	162136964	4	0.925257	-0.42676	1	DLOH	1	0	1	1	1	1.48266810503596	0.931073755296466	1	HETD	1	0
JFCF_6_T_1_G	chr2	162137158	162139126	15	0.769608	-0.42676	3	HET	2	1	1	NA	NA	1.48266810503596	0.77329575531495	2	NEUT	1	1
JFCF_6_T_1_G	chr2	162176035	173658312	5107	1	-0.929358	1	DLOH	1	0	1	1	1	1.04055265895868	1	1	HETD	1	0
JFCF_6_T_1_G	chr2	173661379	173668387	5	0.677419	0.067721	3	HET	2	1	1	NA	NA	2.09709421147853	0.679134755712878	2	NEUT	1	1
JFCF_6_T_1_G	chr2	173670974	174189325	273	0.638889	0.606026	5	GAIN	3	1	2	1	1	3.05470914469151	0.639811085630163	3	GAIN	2	1
JFCF_6_T_1_G	chr2	174191148	174389644	219	0.571429	0.079089	3	HET	2	1	1	NA	NA	2.11384438746118	0.572114290679236	2	NEUT	1	1
JFCF_6_T_1_G	chr2	174401638	175639567	949	0.647059	0.623717	5	GAIN	3	1	2	1	1	3.09264823797933	0.648023349258562	3	GAIN	2	1
JFCF_6_T_1_G	chr2	175640116	178367430	1634	0.571429	0.013268	3	HET	2	1	1	NA	NA	2.01866556349036	0.572146601707921	2	NEUT	1	1
JFCF_6_T_1_G	chr2	178368997	178388164	23	0.647059	0.758535	5	GAIN	3	1	2	1	1	3.39757295341231	0.6479368010292	3	GAIN	2	1
JFCF_6_T_1_G	chr2	178390429	178614390	385	0.578947	0.008202	3	HET	2	1	1	NA	NA	2.01151839460412	0.57974294835778	2	NEUT	1	1
JFCF_6_T_1_G	chr2	178620761	178709923	143	0.642857	0.55092	5	GAIN	3	1	2	1	1	2.93946998249328	0.643842611504513	3	GAIN	2	1
JFCF_6_T_1_G	chr2	178720296	178727980	11	0.578947	0.094249	3	HET	2	1	1	NA	NA	2.13638824581515	0.579696425936959	2	NEUT	1	1
JFCF_6_T_1_G	chr2	178730138	179215979	376	0.653673	0.62057	5	GAIN	3	1	2	1	1	3.08586530129631	0.654682936044927	3	GAIN	2	1
JFCF_6_T_1_G	chr2	179232560	179737610	177	0.576923	0.012318	3	HET	2	1	1	NA	NA	2.01732338038209	0.57769631059335	2	NEUT	1	1
JFCF_6_T_1_G	chr2	179743923	179861425	59	0.648649	0.498036	5	GAIN	3	1	2	1	1	2.8329406268386	0.649713137596648	3	GAIN	2	1
JFCF_6_T_1_G	chr2	179974120	180470401	309	0.576923	0.045332	3	HET	2	1	1	NA	NA	2.06448860329654	0.577678643570893	2	NEUT	1	1
JFCF_6_T_1_G	chr2	180480167	180942594	237	1	-0.988887	1	DLOH	1	0	1	1	1	0.997670974889325	1	1	HETD	1	0
JFCF_6_T_1_G	chr2	180951352	181609684	545	0.576923	0.00377	3	HET	2	1	1	NA	NA	2.00528622926002	0.577700952552359	2	NEUT	1	1
JFCF_6_T_1_G	chr2	181613257	181628139	22	0.745109	1.053726	7	ASCNA	4	1	3	1	1	4.17358769342652	0.746300030774144	4	AMP	3	1
JFCF_6_T_1_G	chr2	181650927	182069004	423	0.675	0.648182	5	GAIN	3	1	2	1	1	3.14588693010707	0.67612815353253	3	GAIN	2	1
JFCF_6_T_1_G	chr2	182071919	183134192	633	0.571429	0.100686	3	HET	2	1	1	NA	NA	2.14603234324943	0.572104012126746	2	NEUT	1	1
JFCF_6_T_1_G	chr2	183141348	183488214	299	0.666667	0.668977	5	GAIN	3	1	2	1	1	3.19185454256802	0.66772596058199	3	GAIN	2	1
JFCF_6_T_1_G	chr2	183490198	183498471	14	0.671171	0.890676	8	BCNA	4	2	2	1	1	3.72540956856034	0.672102814426978	4	AMP	2	2
JFCF_6_T_1_G	chr2	183500335	183508458	9	0.736842	0.151065	3	HET	2	1	1	NA	NA	2.2230164346841	0.739002674340411	2	NEUT	1	1
JFCF_6_T_1_G	chr2	183513094	183717101	156	1	-0.836243	1	DLOH	1	0	1	1	1	1.11127924161196	1	1	HETD	1	0
JFCF_6_T_1_G	chr2	183721101	183726929	13	1	-0.188201	2	NLOH	2	0	2	1	1	1.75291872706494	1	2	NEUT	2	0
JFCF_6_T_1_G	chr2	183728634	183729513	4	0.710726	-0.188201	3	HET	2	1	1	NA	NA	1.75291872706494	0.713163977036843	2	NEUT	1	1
JFCF_6_T_1_G	chr2	183751319	183959001	148	0.647059	0.72415	5	GAIN	3	1	2	1	1	3.31707539342584	0.647958103180229	3	GAIN	2	1
JFCF_6_T_1_G	chr2	183976393	186779537	2247	0.566667	0.035441	3	HET	2	1	1	NA	NA	2.05024448147527	0.567326444922728	2	NEUT	1	1
JFCF_6_T_1_G	chr2	186780160	186819477	57	0.666667	0.569882	5	GAIN	3	1	2	1	1	2.97862810473345	0.667801766753411	3	GAIN	2	1
JFCF_6_T_1_G	chr2	186822817	192875503	2419	0.571429	0.123238	3	HET	2	1	1	NA	NA	2.18016188710327	0.572093445087611	2	NEUT	1	1
JFCF_6_T_1_G	chr2	192895854	221435466	11703	1	-0.93497	1	DLOH	1	0	1	1	1	1.03643409618032	1	1	HETD	1	0
JFCF_6_T_1_G	chr2	221438588	221447582	14	0.585784	-0.104373	3	HET	2	1	1	NA	NA	1.85900287719357	0.586719835464175	2	NEUT	1	1
JFCF_6_T_1_G	chr2	221472894	222106210	369	1	-0.940781	1	DLOH	1	0	1	1	1	1.03218633990404	1	1	HETD	1	0
JFCF_6_T_1_G	chr2	222108426	222129525	38	0.578947	-0.213909	3	HET	2	1	1	NA	NA	1.72160119503204	0.579876985857032	2	NEUT	1	1
JFCF_6_T_1_G	chr2	222130020	222216743	38	1	-0.86827	1	DLOH	1	0	1	1	1	1.08643604445519	1	1	HETD	1	0
JFCF_6_T_1_G	chr2	222217194	222441813	202	0.576923	-0.024115	3	HET	2	1	1	NA	NA	1.96651118873352	0.577716291972708	2	NEUT	1	1
JFCF_6_T_1_G	chr2	222446765	223485788	563	1	-0.981533	1	DLOH	1	0	1	1	1	1.00287313138205	1	1	HETD	1	0
JFCF_6_T_1_G	chr2	223486423	223630023	89	0.6	0.139088	3	HET	2	1	1	NA	NA	2.20447007176877	0.600919960246382	2	NEUT	1	1
JFCF_6_T_1_G	chr2	223657420	223806018	21	1	-0.793261	1	DLOH	1	0	1	1	1	1.14549884483064	1	1	HETD	1	0
JFCF_6_T_1_G	chr2	223817419	223864874	18	0.584928	0.063935	3	HET	2	1	1	NA	NA	2.09154496499212	0.585751487401305	2	NEUT	1	1
JFCF_6_T_1_G	chr2	223902719	225101480	577	1	-0.921776	1	DLOH	1	0	1	1	1	1.04614248031782	1	1	HETD	1	0
JFCF_6_T_1_G	chr2	225126473	225358120	194	0.581989	-0.015945	3	HET	2	1	1	NA	NA	1.97779433154244	0.582829712935441	2	NEUT	1	1
JFCF_6_T_1_G	chr2	225360980	225366929	16	1	-0.54659	1	DLOH	1	0	1	1	1	1.36287724075554	1	1	HETD	1	0
JFCF_6_T_1_G	chr2	225367669	225608689	176	0.590909	0.068773	3	HET	2	1	1	NA	NA	2.0986387445879	0.591787501408492	2	NEUT	1	1
JFCF_6_T_1_G	chr2	225609668	230139184	2179	1	-0.900462	1	DLOH	1	0	1	1	1	1.06201448713539	1	1	HETD	1	0
JFCF_6_T_1_G	chr2	230142079	230867368	600	0.571429	0.018095	3	HET	2	1	1	NA	NA	2.0254989373533	0.572144180753427	2	NEUT	1	1
JFCF_6_T_1_G	chr2	230870530	231119914	423	0.740741	0.991137	7	ASCNA	4	1	3	1	1	3.99553370791134	0.741962936195208	4	AMP	3	1
JFCF_6_T_1_G	chr2	231121829	233409013	1352	0.571429	0.110431	3	HET	2	1	1	NA	NA	2.16071470846893	0.572099425322882	2	NEUT	1	1
JFCF_6_T_1_G	chr2	233415978	233419972	12	0.709684	0.607414	5	GAIN	3	1	2	1	1	3.0576689795509	0.711074746877358	3	GAIN	2	1
JFCF_6_T_1_G	chr2	233420052	233646728	128	0.741338	0.97572	7	ASCNA	4	1	3	1	1	3.95284819592623	0.742576194416409	4	AMP	3	1
JFCF_6_T_1_G	chr2	233709083	233962659	245	0.565217	-0.010637	3	HET	2	1	1	NA	NA	1.98515923822406	0.565883252322813	2	NEUT	1	1
JFCF_6_T_1_G	chr2	234082142	234139862	60	0.655102	0.540067	5	GAIN	3	1	2	1	1	2.91728813005218	0.656180229825841	3	GAIN	2	1
JFCF_6_T_1_G	chr2	234140182	242999159	8210	0.575758	0.025499	3	HET	2	1	1	NA	NA	2.03602498948119	0.576512603238627	2	NEUT	1	1
JFCF_6_T_1_G	chr3	65982	19599668	17615	0.666667	0.551472	5	GAIN	3	1	2	1	1	2.9406026506439	0.667816440623433	3	GAIN	2	1
JFCF_6_T_1_G	chr3	19603848	37248864	13165	0.571429	0.003475	3	HET	2	1	1	NA	NA	2.00487208697362	0.572151538792122	2	NEUT	1	1
JFCF_6_T_1_G	chr3	37270341	37299976	26	0.57107	0.423127	5	GAIN	3	1	2	1	1	2.688573368172	0.571606089981402	3	GAIN	2	1
JFCF_6_T_1_G	chr3	37302282	56999641	9897	0.571429	0.015498	3	HET	2	1	1	NA	NA	2.02181963619207	0.572145482237164	2	NEUT	1	1
JFCF_6_T_1_G	chr3	57000267	57009307	11	0.586207	0.503683	5	GAIN	3	1	2	1	1	2.84413059567466	0.586821704320601	3	GAIN	2	1
JFCF_6_T_1_G	chr3	57010367	98386803	26494	0.575758	-0.030634	3	HET	2	1	1	NA	NA	1.95755387297851	0.576542852499947	2	NEUT	1	1
JFCF_6_T_1_G	chr3	98390650	98408826	11	0.55	0.546836	5	GAIN	3	1	2	1	1	2.9311033306114	0.550345949050855	3	GAIN	2	1
JFCF_6_T_1_G	chr3	98416900	140060215	25203	0.571429	0.012471	3	HET	2	1	1	NA	NA	2.01753948280007	0.572147002234123	2	NEUT	1	1
JFCF_6_T_1_G	chr3	140061952	141839984	1207	0.666667	0.589166	5	GAIN	3	1	2	1	1	3.01898256490369	0.667786598431379	3	GAIN	2	1
JFCF_6_T_1_G	chr3	141840606	141849851	15	0.689655	0.932345	7	ASCNA	4	1	3	1	1	3.83517289355394	0.690657888422187	4	AMP	3	1
JFCF_6_T_1_G	chr3	141860090	150119561	4595	0.666667	0.621727	5	GAIN	3	1	2	1	1	3.08835733998133	0.667761448527788	3	GAIN	2	1
JFCF_6_T_1_G	chr3	150120413	150179597	68	0.666667	0.911686	8	BCNA	4	2	2	1	1	3.7803572638981	0.667561108124728	4	AMP	2	2
JFCF_6_T_1_G	chr3	150180008	152239406	1840	0.666667	0.707047	5	GAIN	3	1	2	1	1	3.27774497822782	0.66769821144765	3	GAIN	2	1
JFCF_6_T_1_G	chr3	152240087	152249928	37	0.666667	0.900594	8	BCNA	4	2	2	1	1	3.75124852907413	0.667568046176447	4	AMP	2	2
JFCF_6_T_1_G	chr3	152250507	152812999	429	0.666667	0.609607	5	GAIN	3	1	2	1	1	3.06235124105751	0.667770742803474	3	GAIN	2	1
JFCF_6_T_1_G	chr3	152820358	152829596	14	0.667411	0.984185	8	BCNA	4	2	2	1	1	3.97622901715071	0.668264858425689	4	AMP	2	2
JFCF_6_T_1_G	chr3	152830391	159679495	3989	0.666667	0.636568	5	GAIN	3	1	2	1	1	3.12050093355111	0.667750174854295	3	GAIN	2	1
JFCF_6_T_1_G	chr3	159682591	159689953	17	0.666667	0.91826	7	ASCNA	4	1	3	1	1	3.79771533538571	0.667557021459095	4	AMP	3	1
JFCF_6_T_1_G	chr3	159690416	188179909	19545	0.666667	0.591204	5	GAIN	3	1	2	1	1	3.02327896465431	0.667785007363377	3	GAIN	2	1
JFCF_6_T_1_G	chr3	188180024	188270944	51	0.721311	0.992854	7	ASCNA	4	1	3	1	1	4.00031590863447	0.72243297189793	4	AMP	3	1
JFCF_6_T_1_G	chr3	188280273	190019781	1322	0.659333	0.58883	5	GAIN	3	1	2	1	1	3.01827481075677	0.660403582702228	3	GAIN	2	1
JFCF_6_T_1_G	chr3	190020509	190029899	30	0.659091	0.881445	8	BCNA	4	2	2	1	1	3.70151950202951	0.65996264338351	4	AMP	2	2
JFCF_6_T_1_G	chr3	190030324	196735772	6391	0.666667	0.601727	5	GAIN	3	1	2	1	1	3.04555980768036	0.667776828194968	3	GAIN	2	1
JFCF_6_T_1_G	chr3	196745087	196747043	7	1	0.685968	4	ALOH	3	0	3	1	1	3.22990834617503	1	3	GAIN	3	0
JFCF_6_T_1_G	chr3	196749408	196787256	29	0.685714	0.662578	5	GAIN	3	1	2	1	1	3.17763883296923	0.686899259317198	3	GAIN	2	1
JFCF_6_T_1_G	chr3	196791133	196819909	21	0.675676	0.912728	7	ASCNA	4	1	3	1	1	3.7831033014797	0.676617754061963	4	AMP	3	1
JFCF_6_T_1_G	chr3	196826565	197111087	247	0.666667	0.76158	5	GAIN	3	1	2	1	1	3.40479440597009	0.667659731936501	3	GAIN	2	1
JFCF_6_T_1_G	chr3	197111342	197118105	43	0.590164	0.864214	8	BCNA	4	2	2	1	1	3.65733214730559	0.590663967800135	4	AMP	2	2
JFCF_6_T_1_G	chr3	197124062	197794027	251	0.647059	0.700579	5	GAIN	3	1	2	1	1	3.26299211628791	0.647973005590268	3	GAIN	2	1
JFCF_6_T_1_G	chr4	40094	68562	97	0.804878	-0.302918	3	HET	2	1	1	NA	NA	1.61738153225225	0.808700846631439	2	NEUT	1	1
JFCF_6_T_1_G	chr4	68603	3510269	1593	1	-0.951462	1	DLOH	1	0	1	1	1	1.02442317100796	1	1	HETD	1	0
JFCF_6_T_1_G	chr4	3580011	3613061	726	0.611111	-0.604105	3	HET	2	1	1	NA	NA	1.30882046890113	0.612832671323768	2	NEUT	1	1
JFCF_6_T_1_G	chr4	3613164	3613318	10	0.720779	-0.729565	1	DLOH	1	0	1	1	1	1.19812193652101	0.7245160594793	1	HETD	1	0
JFCF_6_T_1_G	chr4	3618694	3625781	152	0.661905	-0.638357	3	HET	2	1	1	NA	NA	1.27763702701835	0.664474958080556	2	NEUT	1	1
JFCF_6_T_1_G	chr4	3625851	3626428	13	0.809524	-0.638357	1	DLOH	1	0	1	1	1	1.27763702701835	0.814437150952263	1	HETD	1	0
JFCF_6_T_1_G	chr4	3626500	3635994	304	0.648529	-0.640746	3	HET	2	1	1	NA	NA	1.27548954719044	0.650890606966462	2	NEUT	1	1
JFCF_6_T_1_G	chr4	3636271	12618236	5046	1	-1.039715	1	DLOH	1	0	1	1	1	0.962431653593945	1	1	HETD	1	0
JFCF_6_T_1_G	chr4	12665375	16552038	3327	0.666667	0.489187	5	GAIN	3	1	2	1	1	2.81549350384954	0.667867517116947	3	GAIN	2	1
JFCF_6_T_1_G	chr4	16581810	104026547	53528	0.571429	0.002781	3	HET	2	1	1	NA	NA	2.00389813357949	0.572151889967213	2	NEUT	1	1
JFCF_6_T_1_G	chr4	104030589	104039926	11	0.590909	0.449866	5	GAIN	3	1	2	1	1	2.73924757920423	0.591582052376512	3	GAIN	2	1
JFCF_6_T_1_G	chr4	104041293	129028679	14415	0.571429	0.019591	3	HET	2	1	1	NA	NA	2.02762140461498	0.57214343211873	2	NEUT	1	1
JFCF_6_T_1_G	chr4	129031571	129038485	18	0.576923	0.405019	5	GAIN	3	1	2	1	1	2.65478565420746	0.577510624668602	3	GAIN	2	1
JFCF_6_T_1_G	chr4	129040152	151409932	12592	0.571429	0.009541	3	HET	2	1	1	NA	NA	2.01340503122069	0.572148476624732	2	NEUT	1	1
JFCF_6_T_1_G	chr4	151411626	151419684	11	0.592593	1.683442	15	BCNA	6	3	3	1	1	6.46872545469412	0.592883290420321	6	HLAMP	3	3
JFCF_6_T_1_G	chr4	151430475	161092040	5744	0.571429	0.016423	3	HET	2	1	1	NA	NA	2.02312937111683	0.572145018400386	2	NEUT	1	1
JFCF_6_T_1_G	chr4	161093130	161114166	18	1	-0.957092	1	DLOH	1	0	1	1	1	1.02035424541448	1	1	HETD	1	0
JFCF_6_T_1_G	chr4	161114334	161612381	441	0.578947	-0.068336	3	HET	2	1	1	NA	NA	1.90653658635515	0.57978677657407	2	NEUT	1	1
JFCF_6_T_1_G	chr4	161683542	169067538	4653	1	-0.97471	1	DLOH	1	0	1	1	1	1.0077234352094	1	1	HETD	1	0
JFCF_6_T_1_G	chr4	169072888	169079335	5	1	0.502434	4	ALOH	3	0	3	1	1	2.84165183139591	1	3	GAIN	3	0
JFCF_6_T_1_G	chr4	169080031	180833486	5924	1	-0.952253	1	DLOH	1	0	1	1	1	1.02385053861895	1	1	HETD	1	0
JFCF_6_T_1_G	chr4	180833585	187839499	6678	0.571429	0.005385	3	HET	2	1	1	NA	NA	2.00755498422647	0.572150573191003	2	NEUT	1	1
JFCF_6_T_1_G	chr4	187840840	187848793	27	0.555556	0.373183	5	GAIN	3	1	2	1	1	2.59640143736821	0.55598994270953	3	GAIN	2	1
JFCF_6_T_1_G	chr4	187851901	190937364	6182	0.619048	-0.23033	3	HET	2	1	1	NA	NA	1.70188721137188	0.620466615160818	2	NEUT	1	1
JFCF_6_T_1_G	chr5	31468	24127844	19429	0.571429	-0.044342	3	HET	2	1	1	NA	NA	1.93885016143873	0.572176142757544	2	NEUT	1	1
JFCF_6_T_1_G	chr5	24127979	29398196	2618	1	-0.925665	1	DLOH	1	0	1	1	1	1.04327164965991	1	1	HETD	1	0
JFCF_6_T_1_G	chr5	29401510	98525925	39152	0.571429	0.026067	3	HET	2	1	1	NA	NA	2.03683473186867	0.572140200488394	2	NEUT	1	1
JFCF_6_T_1_G	chr5	98531883	98569709	50	0.571429	0.420996	5	GAIN	3	1	2	1	1	2.68457508324562	0.571968600425081	3	GAIN	2	1
JFCF_6_T_1_G	chr5	98570327	117173622	11936	0.571429	-0.020852	3	HET	2	1	1	NA	NA	1.97100987842234	0.572163952103457	2	NEUT	1	1
JFCF_6_T_1_G	chr5	117177420	117238170	66	1	-0.997807	1	DLOH	1	0	1	1	1	0.991396528947187	1	1	HETD	1	0
JFCF_6_T_1_G	chr5	117270967	135089973	11706	0.571429	0.015481	3	HET	2	1	1	NA	NA	2.02179557324563	0.572145490764571	2	NEUT	1	1
JFCF_6_T_1_G	chr5	135090120	135149952	186	0.587221	0.382731	5	GAIN	3	1	2	1	1	2.61377651188883	0.587897746282342	3	GAIN	2	1
JFCF_6_T_1_G	chr5	135150207	139649201	2430	0.575379	0.009382	3	HET	2	1	1	NA	NA	2.01318091029954	0.576138347969703	2	NEUT	1	1
JFCF_6_T_1_G	chr5	139650265	139659928	12	0.60303	0.456564	5	GAIN	3	1	2	1	1	2.75208902496241	0.603789231973884	3	GAIN	2	1
JFCF_6_T_1_G	chr5	139660916	156226550	10330	0.571429	0.005748	3	HET	2	1	1	NA	NA	2.00806527696526	0.572150389823677	2	NEUT	1	1
JFCF_6_T_1_G	chr5	156267996	156344069	14	0.694981	0.363123	5	GAIN	3	1	2	1	1	2.57821862590726	0.696514719078266	3	GAIN	2	1
JFCF_6_T_1_G	chr5	156354477	158279381	1566	0.571429	-0.021272	3	HET	2	1	1	NA	NA	1.97043025479943	0.572164168297662	2	NEUT	1	1
JFCF_6_T_1_G	chr5	158282326	158287543	2	0.532563	-1.474727	1	DLOH	1	0	1	1	1	0.70661956191729	0.533497570398419	1	HETD	1	0
JFCF_6_T_1_G	chr5	158290225	161448464	2389	0.571429	-0.020265	3	HET	2	1	1	NA	NA	1.97182025421239	0.572163650053922	2	NEUT	1	1
JFCF_6_T_1_G	chr5	161471304	161508728	22	0.666667	0.538921	5	GAIN	3	1	2	1	1	2.91495560893394	0.66782655389978	3	GAIN	2	1
JFCF_6_T_1_G	chr5	161512960	161797756	160	0.571429	-0.077574	3	HET	2	1	1	NA	NA	1.89423803000152	0.572193739084074	2	NEUT	1	1
JFCF_6_T_1_G	chr5	161802879	161868856	10	0.660908	0.54059	5	GAIN	3	1	2	1	1	2.91835323856602	0.662026183416223	3	GAIN	2	1
JFCF_6_T_1_G	chr5	161915163	164335080	1681	0.571429	-0.013536	3	HET	2	1	1	NA	NA	1.98113348667873	0.572160196492221	2	NEUT	1	1
JFCF_6_T_1_G	chr5	164347515	165736504	891	1	-1.024767	1	DLOH	1	0	1	1	1	0.972666624370623	1	1	HETD	1	0
JFCF_6_T_1_G	chr5	165744369	180698630	10667	0.576923	-0.006819	3	HET	2	1	1	NA	NA	1.99047353421777	0.577706741915401	2	NEUT	1	1
JFCF_6_T_1_G	chr6	202777	4217796	3778	0.571429	0.00203	3	HET	2	1	1	NA	NA	2.00284471457647	0.57215227017943	2	NEUT	1	1
JFCF_6_T_1_G	chr6	4224968	4225072	7	1	0.062981	2	NLOH	2	0	2	1	1	2.09014895597655	1	2	NEUT	2	0
JFCF_6_T_1_G	chr6	4226465	33509023	18027	0.571429	0.007844	3	HET	2	1	1	NA	NA	2.01101427304547	0.572149331961587	2	NEUT	1	1
JFCF_6_T_1_G	chr6	33510585	33519708	26	0.581169	0.364527	5	GAIN	3	1	2	1	1	2.5807486603997	0.581806848814888	3	GAIN	2	1
JFCF_6_T_1_G	chr6	33522139	87828837	40062	0.583333	0.0057	3	HET	2	1	1	NA	NA	2.00799779287277	0.584174641329431	2	NEUT	1	1
JFCF_6_T_1_G	chr6	87830755	87839742	18	0.554412	0.608933	5	GAIN	3	1	2	1	1	3.06091142993262	0.55477250989908	3	GAIN	2	1
JFCF_6_T_1_G	chr6	87840118	170871490	56771	0.571429	-0.004774	3	HET	2	1	1	NA	NA	1.9933257705472	0.572155724089703	2	NEUT	1	1
JFCF_6_T_1_G	chr7	50134	2588630	2099	0.583333	0.02016	3	HET	2	1	1	NA	NA	2.02842925785258	0.584166163850968	2	NEUT	1	1
JFCF_6_T_1_G	chr7	2590383	2597328	16	0.571429	0.416017	5	GAIN	3	1	2	1	1	2.67525623089798	0.571970480041931	3	GAIN	2	1
JFCF_6_T_1_G	chr7	2603768	6389839	3514	0.576923	0.024447	3	HET	2	1	1	NA	NA	2.0345260971057	0.577689771948751	2	NEUT	1	1
JFCF_6_T_1_G	chr7	6390564	6410528	32	0.585784	0.39144	5	GAIN	3	1	2	1	1	2.62972539867825	0.586445559880494	3	GAIN	2	1
JFCF_6_T_1_G	chr7	6420677	7099830	82	0.58114	-0.039906	3	HET	2	1	1	NA	NA	1.94488336807325	0.58198608638974	2	NEUT	1	1
JFCF_6_T_1_G	chr7	7100414	7104895	29	0.625	0.350616	5	GAIN	3	1	2	1	1	2.55578910419428	0.625991878020685	3	GAIN	2	1
JFCF_6_T_1_G	chr7	7124967	99179970	64780	0.575758	-0.020419	3	HET	2	1	1	NA	NA	1.97160761945901	0.576537258020625	2	NEUT	1	1
JFCF_6_T_1_G	chr7	99181096	99198515	17	0.576923	0.801833	5	GAIN	3	1	2	1	1	3.50170394404471	0.57736850240831	3	GAIN	2	1
JFCF_6_T_1_G	chr7	99202373	159119220	38773	0.576923	-0.019396	3	HET	2	1	1	NA	NA	1.97302054724908	0.577713674756245	2	NEUT	1	1
JFCF_6_T_1_G	chr8	173223	2238674	1717	1	-1.045609	1	DLOH	1	0	1	1	1	0.958425062926084	1	1	HETD	1	0
JFCF_6_T_1_G	chr8	2238830	2271393	21	0.565217	-0.923596	3	HET	2	1	1	NA	NA	1.0447980065498	0.566482906850251	2	NEUT	1	1
JFCF_6_T_1_G	chr8	2271501	14343652	8306	1	-1.00586	1	DLOH	1	0	1	1	1	0.985765167443077	1	1	HETD	1	0
JFCF_6_T_1_G	chr8	14345144	14345314	14	0.543719	-0.781627	3	HET	2	1	1	NA	NA	1.15493778104438	0.544486688260043	2	NEUT	1	1
JFCF_6_T_1_G	chr8	14345667	42830879	15612	1	-0.954282	1	DLOH	1	0	1	1	1	1.02238310977838	1	1	HETD	1	0
JFCF_6_T_1_G	chr8	47839407	103839003	34464	0.571429	-0.018048	3	HET	2	1	1	NA	NA	1.97488388294297	0.572162510394506	2	NEUT	1	1
JFCF_6_T_1_G	chr8	103841203	103849111	15	0.565217	0.45297	5	GAIN	3	1	2	1	1	2.74519117454888	0.565698794115427	3	GAIN	2	1
JFCF_6_T_1_G	chr8	103850092	103971581	147	0.878049	2.314581	21	ASCNA	8	1	7	1	1	10.0298091809798	0.87881341410326	10	HLAMP	9	1
JFCF_6_T_1_G	chr8	103973064	103973119	4	0.631843	2.24236	23	UBCNA	8	3	5	1	1	9.5390890353573	0.632123300222295	10	HLAMP	6	4
JFCF_6_T_1_G	chr8	103986695	108059149	3234	0.9	2.366917	21	ASCNA	8	1	7	1	1	10.4010853552717	0.900779928155993	10	HLAMP	9	1
JFCF_6_T_1_G	chr8	108083500	108354035	253	0.865385	1.819991	17	ASCNA	7	1	6	1	1	7.11290496653043	0.866426782304319	7	HLAMP	6	1
JFCF_6_T_1_G	chr8	108366127	108589753	187	0.729167	0.889407	7	ASCNA	4	1	3	1	1	3.72211629426878	0.730415634727013	4	AMP	3	1
JFCF_6_T_1_G	chr8	108590042	108599838	18	0.692308	1.232954	11	UBCNA	5	2	3	1	1	4.72834344571736	0.693132824599895	5	HLAMP	3	2
JFCF_6_T_1_G	chr8	108600276	108698283	145	0.692308	0.777525	5	GAIN	3	1	2	1	1	3.44285908733001	0.693440795125172	3	GAIN	2	1
JFCF_6_T_1_G	chr8	108699035	108719320	28	0.709809	0.892101	7	ASCNA	4	1	3	1	1	3.72911114427538	0.710950016840668	4	AMP	3	1
JFCF_6_T_1_G	chr8	108730514	108749685	30	0.739936	0.720164	5	GAIN	3	1	2	1	1	3.30786739089457	0.741407026822412	3	GAIN	2	1
JFCF_6_T_1_G	chr8	108750355	108759918	35	0.741935	0.847692	7	ASCNA	4	1	3	1	1	3.61545572238793	0.743292090848316	4	AMP	3	1
JFCF_6_T_1_G	chr8	108760118	108976831	85	0.736842	0.736448	5	GAIN	3	1	2	1	1	3.34564569254861	0.73827766145675	3	GAIN	2	1
JFCF_6_T_1_G	chr8	108983450	109499182	159	0.825397	1.425178	10	ASCNA	5	1	4	1	1	5.40513451771735	0.826617900596578	5	HLAMP	4	1
JFCF_6_T_1_G	chr8	109501031	109529957	44	0.820714	1.567818	13	ASCNA	6	1	5	1	1	5.96896178179598	0.821803663461122	6	HLAMP	5	1
JFCF_6_T_1_G	chr8	109530711	109559106	54	0.828887	1.42659	10	ASCNA	5	1	4	1	1	5.41044709972774	0.830119783520641	5	HLAMP	4	1
JFCF_6_T_1_G	chr8	109560026	110049029	158	0.821429	1.459693	13	ASCNA	6	1	5	1	1	5.53649709666593	0.822606397877788	6	HLAMP	5	1
JFCF_6_T_1_G	chr8	110050218	110098020	98	0.820092	1.38586	10	ASCNA	5	1	4	1	1	5.25927145916358	0.821326305034532	5	HLAMP	4	1
JFCF_6_T_1_G	chr8	110101189	110188719	56	0.830479	1.480181	13	ASCNA	6	1	5	1	1	5.61597299078977	0.831672416740098	6	HLAMP	5	1
JFCF_6_T_1_G	chr8	110191643	110259536	41	0.828571	1.390468	10	ASCNA	5	1	4	1	1	5.27616142366751	0.829833944957576	5	HLAMP	4	1
JFCF_6_T_1_G	chr8	110262202	110587975	281	0.819444	1.50801	13	ASCNA	6	1	5	1	1	5.72574938833729	0.820575450784819	6	HLAMP	5	1
JFCF_6_T_1_G	chr8	110592108	110639209	49	0.823529	1.404574	10	ASCNA	5	1	4	1	1	5.32820156039732	0.824760418965491	5	HLAMP	4	1
JFCF_6_T_1_G	chr8	110640510	110888220	163	0.823529	1.47804	13	ASCNA	6	1	5	1	1	5.60761483593006	0.824699060470522	6	HLAMP	5	1
JFCF_6_T_1_G	chr8	110890222	110929696	30	0.851648	1.404585	10	ASCNA	5	1	4	1	1	5.32824234068873	0.852986435510154	5	HLAMP	4	1
JFCF_6_T_1_G	chr8	110930587	111601645	158	0.826923	1.481589	13	ASCNA	6	1	5	1	1	5.62147638415729	0.828102419633401	6	HLAMP	5	1
JFCF_6_T_1_G	chr8	111617805	111716480	98	0.828079	1.386294	10	ASCNA	5	1	4	1	1	5.26085992384645	0.829343721676594	5	HLAMP	4	1
JFCF_6_T_1_G	chr8	111722469	111838640	57	0.820896	1.51296	13	ASCNA	6	1	5	1	1	5.74549832804289	0.822028686877287	6	HLAMP	5	1
JFCF_6_T_1_G	chr8	111840003	111849533	15	0.827586	1.290919	10	ASCNA	5	1	4	1	1	4.92301964978847	0.828935481800482	5	HLAMP	4	1
JFCF_6_T_1_G	chr8	111850034	112379434	183	0.814815	1.496251	13	ASCNA	6	1	5	1	1	5.67910547182187	0.815939213382089	6	HLAMP	5	1
JFCF_6_T_1_G	chr8	112381048	112557211	146	0.81303	1.412334	10	ASCNA	5	1	4	1	1	5.35704760198067	0.814215041948133	5	HLAMP	4	1
JFCF_6_T_1_G	chr8	112562494	112678617	75	0.826923	1.505064	13	ASCNA	6	1	5	1	1	5.71402790097978	0.828083316283202	6	HLAMP	5	1
JFCF_6_T_1_G	chr8	112681044	112789614	135	0.831325	1.414842	10	ASCNA	5	1	4	1	1	5.36640374938219	0.832577114746302	5	HLAMP	4	1
JFCF_6_T_1_G	chr8	112793725	112938545	114	0.813393	1.461114	13	ASCNA	6	1	5	1	1	5.54197300833114	0.814539827645511	6	HLAMP	5	1
JFCF_6_T_1_G	chr8	112940720	113049842	66	0.808667	1.422542	10	ASCNA	5	1	4	1	1	5.39523059791661	0.80982725502331	5	HLAMP	4	1
JFCF_6_T_1_G	chr8	113053138	113188928	121	0.822581	1.466267	13	ASCNA	6	1	5	1	1	5.56187571751179	0.823757225991071	6	HLAMP	5	1
JFCF_6_T_1_G	chr8	113200080	113209735	22	0.788061	1.293064	10	ASCNA	5	1	4	1	1	4.93037481802836	0.789245889348623	5	HLAMP	4	1
JFCF_6_T_1_G	chr8	113225221	113438465	163	0.823529	1.459728	13	ASCNA	6	1	5	1	1	5.53663190656041	0.824714061344905	6	HLAMP	5	1
JFCF_6_T_1_G	chr8	113440023	113459518	31	0.819672	1.328031	10	ASCNA	5	1	4	1	1	5.05183115831102	0.820955302496177	5	HLAMP	4	1
JFCF_6_T_1_G	chr8	113460045	113628498	187	0.822785	1.497182	13	ASCNA	6	1	5	1	1	5.68278458653337	0.82393692822269	6	HLAMP	5	1
JFCF_6_T_1_G	chr8	113630565	113649721	44	0.836829	1.369129	10	ASCNA	5	1	4	1	1	5.19839791677477	0.838143054034577	5	HLAMP	4	1
JFCF_6_T_1_G	chr8	113650536	113698645	44	0.833333	1.53307	13	ASCNA	6	1	5	1	1	5.82643137004286	0.834493242964941	6	HLAMP	5	1
JFCF_6_T_1_G	chr8	113711876	113729601	21	0.815385	1.283268	10	ASCNA	5	1	4	1	1	4.89687339189338	0.81669115713321	5	HLAMP	4	1
JFCF_6_T_1_G	chr8	113730231	114388945	279	0.827586	1.489104	13	ASCNA	6	1	5	1	1	5.65094097436408	0.828761649409707	6	HLAMP	5	1
JFCF_6_T_1_G	chr8	114393484	114560506	98	0.822581	1.434651	10	ASCNA	5	1	4	1	1	5.44087599937546	0.823783384097486	5	HLAMP	4	1
JFCF_6_T_1_G	chr8	114564791	114679817	40	0.832251	1.54458	13	ASCNA	6	1	5	1	1	5.87326372938632	0.833398255272298	6	HLAMP	5	1
JFCF_6_T_1_G	chr8	114690253	114730084	83	0.82	1.396285	10	ASCNA	5	1	4	1	1	5.29755998415323	0.821225031802676	5	HLAMP	4	1
JFCF_6_T_1_G	chr8	114731825	114759340	68	0.809817	1.520442	13	ASCNA	6	1	5	1	1	5.77547806133628	0.810904904000667	6	HLAMP	5	1
JFCF_6_T_1_G	chr8	114760317	114806669	59	0.818182	1.392887	10	ASCNA	5	1	4	1	1	5.28504953876607	0.819402955436353	5	HLAMP	4	1
JFCF_6_T_1_G	chr8	114815131	115359522	371	0.822785	1.480327	13	ASCNA	6	1	5	1	1	5.6165434055962	0.823950513996059	6	HLAMP	5	1
JFCF_6_T_1_G	chr8	115360395	116079838	208	0.818182	1.395259	10	ASCNA	5	1	4	1	1	5.29377944545469	0.819400941973734	5	HLAMP	4	1
JFCF_6_T_1_G	chr8	116080357	116239516	84	0.786474	1.111778	7	ASCNA	4	1	3	1	1	4.3457842229509	0.787810873520287	4	AMP	3	1
JFCF_6_T_1_G	chr8	116240435	116566315	277	0.816327	1.402677	10	ASCNA	5	1	4	1	1	5.32117346222568	0.817532596876458	5	HLAMP	4	1
JFCF_6_T_1_G	chr8	116570630	116898903	132	0.816986	1.479934	13	ASCNA	6	1	5	1	1	5.61500810538859	0.818130887891188	6	HLAMP	5	1
JFCF_6_T_1_G	chr8	116900255	116919911	34	0.807692	1.381881	10	ASCNA	5	1	4	1	1	5.2447303449263	0.808881779025929	5	HLAMP	4	1
JFCF_6_T_1_G	chr8	116920157	117097100	82	0.8233	1.573224	13	ASCNA	6	1	5	1	1	5.99144649250207	0.82439432743575	6	HLAMP	5	1
JFCF_6_T_1_G	chr8	117100100	117238577	70	0.818182	1.383238	10	ASCNA	5	1	4	1	1	5.24968494748835	0.819411180423264	5	HLAMP	4	1
JFCF_6_T_1_G	chr8	117240278	117609465	113	0.835443	1.50454	13	ASCNA	6	1	5	1	1	5.71194552613975	0.836633989532479	6	HLAMP	5	1
JFCF_6_T_1_G	chr8	117610971	117635577	53	0.8125	1.383987	10	ASCNA	5	1	4	1	1	5.25242165110663	0.813706601072014	5	HLAMP	4	1
JFCF_6_T_1_G	chr8	117640939	120058346	1204	0.822785	1.595416	13	ASCNA	6	1	5	1	1	6.08463570615379	0.823860850759985	6	HLAMP	5	1
JFCF_6_T_1_G	chr8	120063542	121319783	454	0.795918	1.245051	10	ASCNA	5	1	4	1	1	4.76832806351363	0.797176573327503	5	HLAMP	4	1
JFCF_6_T_1_G	chr8	121320402	121387251	33	0.77193	1.118523	7	ASCNA	4	1	3	1	1	4.36624457860736	0.773193055200397	4	AMP	3	1
JFCF_6_T_1_G	chr8	121390722	121584903	242	0.788968	1.235657	10	ASCNA	5	1	4	1	1	4.73724869677139	0.790205077292523	5	HLAMP	4	1
JFCF_6_T_1_G	chr8	121585846	121929926	279	0.785714	1.126053	7	ASCNA	4	1	3	1	1	4.38919945189995	0.787034138427823	4	AMP	3	1
JFCF_6_T_1_G	chr8	121933503	122019618	134	0.784747	1.198378	10	ASCNA	5	1	4	1	1	4.61588964122201	0.785998056743677	5	HLAMP	4	1
JFCF_6_T_1_G	chr8	122021015	122209249	43	0.775862	1.081122	7	ASCNA	4	1	3	1	1	4.25398794428642	0.777177130632906	4	AMP	3	1
JFCF_6_T_1_G	chr8	122210890	122389531	204	0.787848	1.195654	10	ASCNA	5	1	4	1	1	4.60714419511211	0.789115081876861	5	HLAMP	4	1
JFCF_6_T_1_G	chr8	122390019	122410077	46	0.779706	1.077232	7	ASCNA	4	1	3	1	1	4.24247857673558	0.78104307384243	4	AMP	3	1
JFCF_6_T_1_G	chr8	122410505	123409894	738	0.785714	1.227079	10	ASCNA	5	1	4	1	1	4.7090452320023	0.786944472543448	5	HLAMP	4	1
JFCF_6_T_1_G	chr8	123410111	124048097	524	0.857143	1.772955	17	ASCNA	7	1	6	1	1	6.88409288364406	0.858195128267636	7	HLAMP	6	1
JFCF_6_T_1_G	chr8	124067202	124559664	160	0.855489	1.917143	21	ASCNA	8	1	7	1	1	7.60980107616362	0.856436384184825	8	HLAMP	7	1
JFCF_6_T_1_G	chr8	124560882	124859382	143	0.850467	1.804256	17	ASCNA	7	1	6	1	1	7.03552839047628	0.851477237950551	7	HLAMP	6	1
JFCF_6_T_1_G	chr8	124860177	125179856	185	0.830508	1.605321	13	ASCNA	6	1	5	1	1	6.12669396934433	0.831602029559806	6	HLAMP	5	1
JFCF_6_T_1_G	chr8	125192004	125296147	142	0.863086	1.804793	17	ASCNA	7	1	6	1	1	7.03815519266541	0.86413222220369	7	HLAMP	6	1
JFCF_6_T_1_G	chr8	125299161	125519644	172	0.853933	1.956342	21	ASCNA	8	1	7	1	1	7.81995766577239	0.854850888488614	8	HLAMP	7	1
JFCF_6_T_1_G	chr8	125521196	126299507	576	0.857143	1.795717	17	ASCNA	7	1	6	1	1	6.99388993086303	0.858178610910596	7	HLAMP	6	1
JFCF_6_T_1_G	chr8	126301986	126519671	213	0.857143	1.9266	21	ASCNA	8	1	7	1	1	7.6599812561644	0.858088556976929	8	HLAMP	7	1
JFCF_6_T_1_G	chr8	126522190	127093868	463	0.855263	1.851026	17	ASCNA	7	1	6	1	1	7.26801515241758	0.856254305287896	7	HLAMP	6	1
JFCF_6_T_1_G	chr8	127157288	129544108	2139	0.912281	2.59982	21	ASCNA	8	1	7	1	1	12.2268805864585	0.912964834359202	12	HLAMP	11	1
JFCF_6_T_1_G	chr8	129554636	129570291	3	0.586207	0.042644	3	HET	2	1	1	NA	NA	2.06060792078394	0.587055438632056	2	NEUT	1	1
JFCF_6_T_1_G	chr8	129596286	129929894	246	0.666667	0.569182	5	GAIN	3	1	2	1	1	2.97717337827206	0.667802321230767	3	GAIN	2	1
JFCF_6_T_1_G	chr8	129930444	129934796	7	0.617647	1.249936	11	UBCNA	5	2	3	1	1	4.78456988816	0.618145667681307	5	HLAMP	3	2
JFCF_6_T_1_G	chr8	129940142	130718020	274	0.887878	2.12047	21	ASCNA	8	1	7	1	1	8.76461713380523	0.888775502084967	9	HLAMP	8	1
JFCF_6_T_1_G	chr8	130718662	130719718	7	0.642857	1.793774	18	UBCNA	7	2	5	1	1	6.9844497102764	0.643271803678471	7	HLAMP	5	2
JFCF_6_T_1_G	chr8	130720121	132359241	1358	0.658537	0.648825	5	GAIN	3	1	2	1	1	3.14729838518739	0.659558564952484	3	GAIN	2	1
JFCF_6_T_1_G	chr8	132376504	132689443	201	0.841463	1.556467	13	ASCNA	6	1	5	1	1	5.92202383668163	0.842632356054195	6	HLAMP	5	1
JFCF_6_T_1_G	chr8	132690349	132700052	36	0.828536	1.751357	17	ASCNA	7	1	6	1	1	6.78150017778998	0.829518495241763	7	HLAMP	6	1
JFCF_6_T_1_G	chr8	132700563	133339191	407	0.831325	1.521702	13	ASCNA	6	1	5	1	1	5.78054208743683	0.832487408848093	6	HLAMP	5	1
JFCF_6_T_1_G	chr8	133340776	133359851	32	0.840596	1.255896	10	ASCNA	5	1	4	1	1	4.80446053678714	0.842033699695594	5	HLAMP	4	1
JFCF_6_T_1_G	chr8	133360318	134219818	788	0.834314	1.535968	13	ASCNA	6	1	5	1	1	5.83818770038906	0.835475314311792	6	HLAMP	5	1
JFCF_6_T_1_G	chr8	134220063	134248159	51	0.833333	1.729261	17	ASCNA	7	1	6	1	1	6.67811930470028	0.834345272422723	7	HLAMP	6	1
JFCF_6_T_1_G	chr8	134250430	136618654	1872	0.835719	1.556831	13	ASCNA	6	1	5	1	1	5.92352330227684	0.83686839442842	6	HLAMP	5	1
JFCF_6_T_1_G	chr8	136620442	136760726	78	0.874209	1.810491	17	ASCNA	7	1	6	1	1	7.06608797965509	0.875283010323578	7	HLAMP	6	1
JFCF_6_T_1_G	chr8	136846453	136998810	48	0.742396	0.711383	5	GAIN	3	1	2	1	1	3.28767205782834	0.743891237657937	3	GAIN	2	1
JFCF_6_T_1_G	chr8	137001191	137039851	106	0.76087	0.861274	7	ASCNA	4	1	3	1	1	3.64984534600588	0.762319515766679	4	AMP	3	1
JFCF_6_T_1_G	chr8	137040522	137059754	65	0.736842	0.697638	5	GAIN	3	1	2	1	1	3.25630583247189	0.738317050199781	3	GAIN	2	1
JFCF_6_T_1_G	chr8	137060062	137298650	291	0.756098	0.815044	7	ASCNA	4	1	3	1	1	3.53410346037865	0.757567603560931	4	AMP	3	1
JFCF_6_T_1_G	chr8	137300900	138519100	951	0.675	0.518744	5	GAIN	3	1	2	1	1	2.87419021367576	0.676234797695801	3	GAIN	2	1
JFCF_6_T_1_G	chr8	138520782	139198787	961	0.744186	0.859494	7	ASCNA	4	1	3	1	1	3.64531993008328	0.745544496046234	4	AMP	3	1
JFCF_6_T_1_G	chr8	139200103	139218869	28	0.75	0.720706	5	GAIN	3	1	2	1	1	3.30911796350574	0.751532149089827	3	GAIN	2	1
JFCF_6_T_1_G	chr8	139224007	139246017	20	0.752551	0.897795	7	ASCNA	4	1	3	1	1	3.74393840813612	0.753919023837734	4	AMP	3	1
JFCF_6_T_1_G	chr8	139253064	139409347	144	0.746795	0.738727	5	GAIN	3	1	2	1	1	3.35096698847179	0.748288617781769	3	GAIN	2	1
JFCF_6_T_1_G	chr8	139420911	139487160	72	0.752778	0.804722	7	ASCNA	4	1	3	1	1	3.50876379147544	0.754239027561375	4	AMP	3	1
JFCF_6_T_1_G	chr8	139499236	139611401	17	0.723404	0.667217	5	GAIN	3	1	2	1	1	3.18793832320214	0.724825197066159	3	GAIN	2	1
JFCF_6_T_1_G	chr8	139652911	139698881	15	0.787879	0.89361	7	ASCNA	4	1	3	1	1	3.73303490599431	0.789442944015641	4	AMP	3	1
JFCF_6_T_1_G	chr8	139699964	139709805	23	0.72093	0.695385	5	GAIN	3	1	2	1	1	3.25119291045777	0.722308114243334	3	GAIN	2	1
JFCF_6_T_1_G	chr8	139730965	139814518	85	0.761905	0.802626	7	ASCNA	4	1	3	1	1	3.5036403901514	0.763420994177627	4	AMP	3	1
JFCF_6_T_1_G	chr8	139859313	139938615	61	0.75	0.774635	5	GAIN	3	1	2	1	1	3.43592868650105	0.751475601660719	3	GAIN	2	1
JFCF_6_T_1_G	chr8	139953101	140177485	69	0.744186	0.896844	7	ASCNA	4	1	3	1	1	3.74145791694588	0.745509589045288	4	AMP	3	1
JFCF_6_T_1_G	chr8	140180328	140228616	47	0.76087	0.728347	5	GAIN	3	1	2	1	1	3.32679835980674	0.762460270224638	3	GAIN	2	1
JFCF_6_T_1_G	chr8	140230329	140757294	370	0.76087	0.846296	7	ASCNA	4	1	3	1	1	3.61193936414352	0.76233472790421	4	AMP	3	1
JFCF_6_T_1_G	chr8	140775985	140848982	64	0.848729	1.626766	13	ASCNA	6	1	5	1	1	6.21874839985367	0.849866256286306	6	HLAMP	5	1
JFCF_6_T_1_G	chr8	140850496	141459969	248	0.849658	1.764767	17	ASCNA	7	1	6	1	1	6.8450181780118	0.850693957959051	7	HLAMP	6	1
JFCF_6_T_1_G	chr8	141460395	141524248	37	0.860759	2.029224	21	ASCNA	8	1	7	1	1	8.22620544396981	0.861648387232985	8	HLAMP	7	1
JFCF_6_T_1_G	chr8	141533371	142173356	267	0.855263	1.887191	17	ASCNA	7	1	6	1	1	7.45302491380157	0.856229697674626	7	HLAMP	6	1
JFCF_6_T_1_G	chr8	142183625	142584729	476	0.75	0.993072	7	ASCNA	4	1	3	1	1	4.00092349108411	0.751267222951704	4	AMP	3	1
JFCF_6_T_1_G	chr8	142590178	143702431	598	0.666667	0.538943	5	GAIN	3	1	2	1	1	2.91500036938532	0.667826536094583	3	GAIN	2	1
JFCF_6_T_1_G	chr8	143730365	143786835	17	0.76	1.090428	7	ASCNA	4	1	3	1	1	4.28164791548733	0.761231503538597	4	AMP	3	1
JFCF_6_T_1_G	chr8	143792266	144009765	334	0.666667	0.524926	5	GAIN	3	1	2	1	1	2.886619734884	0.667837936408138	3	GAIN	2	1
JFCF_6_T_1_G	chr8	144010690	144064882	107	0.75	0.897187	7	ASCNA	4	1	3	1	1	3.7423523745738	0.751354779445774	4	AMP	3	1
JFCF_6_T_1_G	chr8	144093177	144649650	315	0.653846	0.652393	5	GAIN	3	1	2	1	1	3.15514197474691	0.654834873117437	3	GAIN	2	1
JFCF_6_T_1_G	chr8	144676119	144989462	43	0.575758	0.057501	3	HET	2	1	1	NA	NA	2.08214780903233	0.576495887600642	2	NEUT	1	1
JFCF_6_T_1_G	chr8	145033967	145171045	43	1	-0.870075	1	DLOH	1	0	1	1	1	1.08505226359423	1	1	HETD	1	0
JFCF_6_T_1_G	chr8	145223775	145286483	23	0.586207	0.119915	3	HET	2	1	1	NA	NA	2.17509937948833	0.587010779074189	2	NEUT	1	1
JFCF_6_T_1_G	chr8	145501921	146288858	99	1	-0.933276	1	DLOH	1	0	1	1	1	1.03767560974	1	1	HETD	1	0
JFCF_6_T_1_G	chr9	212189	19159241	17233	0.571429	-0.024087	3	HET	2	1	1	NA	NA	1.96654974899643	0.572165618972808	2	NEUT	1	1
JFCF_6_T_1_G	chr9	19160057	19179513	41	0.583333	0.433062	5	GAIN	3	1	2	1	1	2.70729204274149	0.583957245151689	3	GAIN	2	1
JFCF_6_T_1_G	chr9	19180428	140995939	61296	0.571429	0.008568	3	HET	2	1	1	NA	NA	2.01203391078578	0.572148966919204	2	NEUT	1	1
JFCF_6_T_1_G	chr10	132135	2565747	1135	1	-1.048958	1	DLOH	1	0	1	1	1	0.95615578036067	1	1	HETD	1	0
JFCF_6_T_1_G	chr10	2577211	26930858	21096	0.576923	-0.010998	3	HET	2	1	1	NA	NA	1.9846574876362	0.577709038674169	2	NEUT	1	1
JFCF_6_T_1_G	chr10	26930896	26931024	16	0.9375	-0.020519	2	NLOH	2	0	2	1	1	1.97146955709799	0.942000505017136	2	NEUT	2	0
JFCF_6_T_1_G	chr10	26931449	49879717	11967	0.583333	-0.017891	3	HET	2	1	1	NA	NA	1.97510101671305	0.584188659491635	2	NEUT	1	1
JFCF_6_T_1_G	chr10	49880385	49889274	16	0.550505	0.44303	5	GAIN	3	1	2	1	1	2.72620288872418	0.550880707158412	3	GAIN	2	1
JFCF_6_T_1_G	chr10	49890693	58940674	6328	0.571429	-0.02937	3	HET	2	1	1	NA	NA	1.95928748801365	0.572168349311902	2	NEUT	1	1
JFCF_6_T_1_G	chr10	58940702	58940769	13	0.962963	-0.066279	2	NLOH	2	0	2	1	1	1.90928580848423	0.967880547992912	2	NEUT	2	0
JFCF_6_T_1_G	chr10	58940802	69449238	9031	0.571429	-0.003277	3	HET	2	1	1	NA	NA	1.99541625577264	0.572154962741805	2	NEUT	1	1
JFCF_6_T_1_G	chr10	69482437	69485653	5	0.588235	0.64473	5	GAIN	3	1	2	1	1	3.13832015865873	0.588805186475123	3	GAIN	2	1
JFCF_6_T_1_G	chr10	69517922	75410052	3923	0.576923	0.035735	3	HET	2	1	1	NA	NA	2.05066646691436	0.577683736846012	2	NEUT	1	1
JFCF_6_T_1_G	chr10	75490217	75498667	10	0.57107	0.447845	5	GAIN	3	1	2	1	1	2.73538459975997	0.571596915756953	3	GAIN	2	1
JFCF_6_T_1_G	chr10	75503692	135429761	40961	0.576923	-0.0219	3	HET	2	1	1	NA	NA	1.969563894201	0.577715062417906	2	NEUT	1	1
JFCF_6_T_1_G	chr11	190010	58428763	41912	0.571429	-0.023066	3	HET	2	1	1	NA	NA	1.9679563327484	0.572165092479277	2	NEUT	1	1
JFCF_6_T_1_G	chr11	58430268	58439080	20	0.540659	0.455765	5	GAIN	3	1	2	1	1	2.75055404376058	0.540958784917024	3	GAIN	2	1
JFCF_6_T_1_G	chr11	58440166	86008468	14799	0.576923	0.007095	3	HET	2	1	1	NA	NA	2.0099599651835	0.577699143588571	2	NEUT	1	1
JFCF_6_T_1_G	chr11	86010681	86017797	14	0.608796	0.507275	5	GAIN	3	1	2	1	1	2.85127124754397	0.609569833740422	3	GAIN	2	1
JFCF_6_T_1_G	chr11	86030460	129539589	28741	0.571429	0.001412	3	HET	2	1	1	NA	NA	2.00197826432926	0.572152583208616	2	NEUT	1	1
JFCF_6_T_1_G	chr11	129540016	129549483	24	0.596875	0.455335	5	GAIN	3	1	2	1	1	2.74972831055268	0.597589488426685	3	GAIN	2	1
JFCF_6_T_1_G	chr11	129551393	134939568	4265	0.576923	-0.072885	3	HET	2	1	1	NA	NA	1.90047065743261	0.577743858524788	2	NEUT	1	1
JFCF_6_T_1_G	chr12	271999	59919033	38403	0.576923	0.011261	3	HET	2	1	1	NA	NA	2.01583106344144	0.57769688307411	2	NEUT	1	1
JFCF_6_T_1_G	chr12	59920382	59928903	24	0.65625	0.548392	5	GAIN	3	1	2	1	1	2.93428822424478	0.65732991736165	3	GAIN	2	1
JFCF_6_T_1_G	chr12	59930050	96910160	24288	0.571429	0.017433	3	HET	2	1	1	NA	NA	2.02456041943417	0.5721445122871	2	NEUT	1	1
JFCF_6_T_1_G	chr12	96911680	96914325	8	0.673333	-0.931244	1	DLOH	1	0	1	1	1	1.03916676407251	0.67671574509997	1	HETD	1	0
JFCF_6_T_1_G	chr12	96914613	133812415	27438	0.576923	-0.036276	3	HET	2	1	1	NA	NA	1.94983418976334	0.577723077026268	2	NEUT	1	1
JFCF_6_T_1_G	chr13	20140719	28817997	6828	0.576923	-0.031754	3	HET	2	1	1	NA	NA	1.95601902706294	0.577720547221514	2	NEUT	1	1
JFCF_6_T_1_G	chr13	28820795	28833372	4	1	-0.74289	1	DLOH	1	0	1	1	1	1.18692035666831	1	1	HETD	1	0
JFCF_6_T_1_G	chr13	28847135	34049756	3888	0.675338	0.569584	5	GAIN	3	1	2	1	1	2.97800872061382	0.676532052304969	3	GAIN	2	1
JFCF_6_T_1_G	chr13	34050569	34639852	528	0.571429	0.052765	3	HET	2	1	1	NA	NA	2.07525738967301	0.572127032862473	2	NEUT	1	1
JFCF_6_T_1_G	chr13	34640522	36677615	1066	0.676471	0.556016	5	GAIN	3	1	2	1	1	2.94994312935798	0.677684201591169	3	GAIN	2	1
JFCF_6_T_1_G	chr13	36680799	37849502	939	0.75	0.926492	7	ASCNA	4	1	3	1	1	3.81956304290334	0.751327393217225	4	AMP	3	1
JFCF_6_T_1_G	chr13	37860664	38049733	411	0.681818	0.506422	5	GAIN	3	1	2	1	1	2.84957393149316	0.683111987899497	3	GAIN	2	1
JFCF_6_T_1_G	chr13	38050414	38779558	731	0.755556	1.014618	7	ASCNA	4	1	3	1	1	4.06142904295462	0.756832087574269	4	AMP	3	1
JFCF_6_T_1_G	chr13	38780058	38788573	20	0.730983	1.359515	10	ASCNA	5	1	4	1	1	5.16373669668052	0.731890171079605	5	HLAMP	4	1
JFCF_6_T_1_G	chr13	38790743	40631920	827	0.896825	2.229797	21	ASCNA	8	1	7	1	1	9.45620736175735	0.897676050450273	9	HLAMP	8	1
JFCF_6_T_1_G	chr13	40642718	40777855	137	0.675	0.501618	5	GAIN	3	1	2	1	1	2.84003355712954	0.676249648422016	3	GAIN	2	1
JFCF_6_T_1_G	chr13	40782829	41989945	752	0.75	0.994323	7	ASCNA	4	1	3	1	1	4.00441189814077	0.751266119021939	4	AMP	3	1
JFCF_6_T_1_G	chr13	42021301	42021570	11	0.877193	1.497713	13	ASCNA	6	1	5	1	1	5.68488404949309	0.878538597840132	6	HLAMP	5	1
JFCF_6_T_1_G	chr13	42037935	42280399	307	0.756757	1.027447	7	ASCNA	4	1	3	1	1	4.09788703316759	0.758027678198681	4	AMP	3	1
JFCF_6_T_1_G	chr13	42282567	42309732	32	0.792536	1.36409	10	ASCNA	5	1	4	1	1	5.18020207675068	0.793681264727101	5	HLAMP	4	1
JFCF_6_T_1_G	chr13	42310633	42579631	130	0.752551	1.076163	7	ASCNA	4	1	3	1	1	4.23932115177549	0.753759164422078	4	AMP	3	1
JFCF_6_T_1_G	chr13	42580343	42628255	45	0.75	1.169652	10	ASCNA	5	1	4	1	1	4.52449022127059	0.751120581950223	5	HLAMP	4	1
JFCF_6_T_1_G	chr13	42630015	43999079	791	0.75	1.011494	7	ASCNA	4	1	3	1	1	4.05260010566174	0.751251063994405	4	AMP	3	1
JFCF_6_T_1_G	chr13	44000631	45732549	831	0.808824	1.341025	10	ASCNA	5	1	4	1	1	5.09772076837101	0.810052593657187	5	HLAMP	4	1
JFCF_6_T_1_G	chr13	45760173	48379274	1743	0.755556	0.951178	7	ASCNA	4	1	3	1	1	3.88583207045918	0.756889752730822	4	AMP	3	1
JFCF_6_T_1_G	chr13	48381088	51969696	2214	0.803425	1.338438	10	ASCNA	5	1	4	1	1	5.08855153696052	0.804634289971192	5	HLAMP	4	1
JFCF_6_T_1_G	chr13	51970505	52029928	34	0.804113	1.514152	13	ASCNA	6	1	5	1	1	5.75026416414498	0.805185557186299	6	HLAMP	5	1
JFCF_6_T_1_G	chr13	52030810	53411519	654	0.803922	1.305422	10	ASCNA	5	1	4	1	1	4.97296384444454	0.805161424580138	5	HLAMP	4	1
JFCF_6_T_1_G	chr13	53465777	53558303	94	0.810167	1.080214	7	ASCNA	4	1	3	1	1	4.25129866183476	0.81164660994415	4	AMP	3	1
JFCF_6_T_1_G	chr13	53561045	53635820	95	0.811321	1.206415	10	ASCNA	5	1	4	1	1	4.64178900060623	0.81268117970255	5	HLAMP	4	1
JFCF_6_T_1_G	chr13	53639129	53740748	113	0.816327	1.11381	7	ASCNA	4	1	3	1	1	4.35193804865431	0.81780109959274	4	AMP	3	1
JFCF_6_T_1_G	chr13	53741244	53789147	63	0.789474	1.206234	10	ASCNA	5	1	4	1	1	4.64120413576732	0.790738888254367	5	HLAMP	4	1
JFCF_6_T_1_G	chr13	53790479	53939545	146	0.8054	1.102358	7	ASCNA	4	1	3	1	1	4.31736910726973	0.806834574547149	4	AMP	3	1
JFCF_6_T_1_G	chr13	53941218	53957213	15	0.777778	1.276286	10	ASCNA	5	1	4	1	1	4.87313405345444	0.778934013101938	5	HLAMP	4	1
JFCF_6_T_1_G	chr13	53960215	54049003	75	0.8	1.107893	7	ASCNA	4	1	3	1	1	4.33404276548887	0.801403787369046	4	AMP	3	1
JFCF_6_T_1_G	chr13	54052820	55285508	680	0.807692	1.207305	10	ASCNA	5	1	4	1	1	4.64466592304149	0.80903549170951	5	HLAMP	4	1
JFCF_6_T_1_G	chr13	55290350	55942261	244	0.830639	1.481454	13	ASCNA	6	1	5	1	1	5.62094848221692	0.831831937640344	6	HLAMP	5	1
JFCF_6_T_1_G	chr13	55964758	56214417	14	0.816986	1.191382	10	ASCNA	5	1	4	1	1	4.59346208125957	0.818385501002743	5	HLAMP	4	1
JFCF_6_T_1_G	chr13	56223009	56378077	60	0.842928	1.527569	13	ASCNA	6	1	5	1	1	5.80418029187418	0.844126216568154	6	HLAMP	5	1
JFCF_6_T_1_G	chr13	56401476	56528252	32	0.789084	1.339523	10	ASCNA	5	1	4	1	1	5.09239515410121	0.790235264802358	5	HLAMP	4	1
JFCF_6_T_1_G	chr13	56530522	56679456	99	0.833333	1.492866	13	ASCNA	6	1	5	1	1	5.66574866052557	0.834526147880862	6	HLAMP	5	1
JFCF_6_T_1_G	chr13	56700250	56998180	215	0.755556	0.915353	7	ASCNA	4	1	3	1	1	3.79002990061494	0.756923466556042	4	AMP	3	1
JFCF_6_T_1_G	chr13	57002684	58552575	750	0.666667	0.495007	5	GAIN	3	1	2	1	1	2.82695645167928	0.667862649173166	3	GAIN	2	1
JFCF_6_T_1_G	chr13	58555086	59239123	439	0.756757	0.926185	7	ASCNA	4	1	3	1	1	3.81874602583429	0.758120561671417	4	AMP	3	1
JFCF_6_T_1_G	chr13	59288249	62959980	2233	0.666667	0.515315	5	GAIN	3	1	2	1	1	2.86731880064068	0.667845818394128	3	GAIN	2	1
JFCF_6_T_1_G	chr13	62962349	94861188	24949	0.576923	-0.03054	3	HET	2	1	1	NA	NA	1.95768274461044	0.577719869433802	2	NEUT	1	1
JFCF_6_T_1_G	chr13	94876859	115093704	17177	0.657143	0.521403	5	GAIN	3	1	2	1	1	2.87952986871772	0.658249742838059	3	GAIN	2	1
JFCF_6_T_1_G	chr14	20210007	20538585	445	0.657143	0.613972	5	GAIN	3	1	2	1	1	3.07169213590496	0.65818050601238	3	GAIN	2	1
JFCF_6_T_1_G	chr14	20540085	22546361	2079	0.576923	0.007482	3	HET	2	1	1	NA	NA	2.01050464602829	0.577698933317709	2	NEUT	1	1
JFCF_6_T_1_G	chr14	22551557	24159955	1099	0.666667	0.611534	5	GAIN	3	1	2	1	1	3.06647144639934	0.667769259780698	3	GAIN	2	1
JFCF_6_T_1_G	chr14	24161094	24657226	336	0.574176	-0.037594	3	HET	2	1	1	NA	NA	1.94803517817276	0.574948217932729	2	NEUT	1	1
JFCF_6_T_1_G	chr14	24660107	24834971	24	0.61204	0.326357	5	GAIN	3	1	2	1	1	2.51283450416155	0.612944237432341	3	GAIN	2	1
JFCF_6_T_1_G	chr14	24860581	26928966	1703	0.583333	0.161217	3	HET	2	1	1	NA	NA	2.2388578036225	0.584087855412949	2	NEUT	1	1
JFCF_6_T_1_G	chr14	26930215	26987618	44	0.6	0.359707	5	GAIN	3	1	2	1	1	2.57207320266955	0.600788478659262	3	GAIN	2	1
JFCF_6_T_1_G	chr14	26990356	27019244	25	0.576923	0.22375	3	HET	2	1	1	NA	NA	2.33893235388139	0.577589978477455	2	NEUT	1	1
JFCF_6_T_1_G	chr14	27021515	27089482	51	0.571429	0.346599	5	GAIN	3	1	2	1	1	2.54862634476308	0.571997383772324	3	GAIN	2	1
JFCF_6_T_1_G	chr14	27111436	27169903	50	0.641429	0.118895	3	HET	2	1	1	NA	NA	2.17354777243067	0.642748600734669	2	NEUT	1	1
JFCF_6_T_1_G	chr14	27170462	27179913	17	0.594595	0.409644	5	GAIN	3	1	2	1	1	2.66337515653408	0.595315292852315	3	GAIN	2	1
JFCF_6_T_1_G	chr14	27180070	27208456	70	0.6	0.223066	3	HET	2	1	1	NA	NA	2.33781408640526	0.600867487642477	2	NEUT	1	1
JFCF_6_T_1_G	chr14	27211091	27287980	65	0.594595	0.371701	5	GAIN	3	1	2	1	1	2.59371484661706	0.595334638010241	3	GAIN	2	1
JFCF_6_T_1_G	chr14	27290857	27368550	74	0.571429	0.263495	3	HET	2	1	1	NA	NA	2.40483016573606	0.572031370128553	2	NEUT	1	1
JFCF_6_T_1_G	chr14	27370402	27399160	21	0.586207	0.39857	5	GAIN	3	1	2	1	1	2.64285451222124	0.586868519337303	3	GAIN	2	1
JFCF_6_T_1_G	chr14	27401787	27528291	144	0.588235	0.251431	3	HET	2	1	1	NA	NA	2.3846356353383	0.588985398795755	2	NEUT	1	1
JFCF_6_T_1_G	chr14	27531070	27569254	88	0.6	0.337844	5	GAIN	3	1	2	1	1	2.53308413262511	0.600800614872694	3	GAIN	2	1
JFCF_6_T_1_G	chr14	27570011	29129175	986	0.590909	0.211919	3	HET	2	1	1	NA	NA	2.31966445010378	0.591703794735486	2	NEUT	1	1
JFCF_6_T_1_G	chr14	29130446	29209843	45	0.571429	0.331945	5	GAIN	3	1	2	1	1	2.52266505994541	0.572003233131097	3	GAIN	2	1
JFCF_6_T_1_G	chr14	29211332	29561599	55	0.571429	0.195103	3	HET	2	1	1	NA	NA	2.29254847967893	0.572060872289255	2	NEUT	1	1
JFCF_6_T_1_G	chr14	29608237	29799313	62	0.701852	1.100986	7	ASCNA	4	1	3	1	1	4.31324597256106	0.702801078421827	4	AMP	3	1
JFCF_6_T_1_G	chr14	29811602	29900215	49	0.679245	1.238039	11	UBCNA	5	2	3	1	1	4.74511022962124	0.680011079802424	5	HLAMP	3	2
JFCF_6_T_1_G	chr14	29901878	30989820	626	0.69468	1.077969	7	ASCNA	4	1	3	1	1	4.24465676114574	0.69561014793938	4	AMP	3	1
JFCF_6_T_1_G	chr14	30991507	31099738	87	0.681818	1.192395	11	UBCNA	5	2	3	1	1	4.59670279539316	0.682620165019189	5	HLAMP	3	2
JFCF_6_T_1_G	chr14	31100094	31113667	25	0.734694	1.126831	7	ASCNA	4	1	3	1	1	4.39157798670903	0.735777813747538	4	AMP	3	1
JFCF_6_T_1_G	chr14	31115848	31199109	58	0.701852	1.203575	11	UBCNA	5	2	3	1	1	4.6326205673301	0.702735648600418	5	HLAMP	3	2
JFCF_6_T_1_G	chr14	31214671	31268416	40	0.666667	1.055363	8	BCNA	4	2	2	1	1	4.1783491004464	0.667475943451773	4	AMP	2	2
JFCF_6_T_1_G	chr14	31270269	32039657	480	0.68545	1.21564	11	UBCNA	5	2	3	1	1	4.67169510167615	0.686255055117267	5	HLAMP	3	2
JFCF_6_T_1_G	chr14	32040901	32287508	136	0.686343	1.12042	7	ASCNA	4	1	3	1	1	4.37201621471741	0.68720737975617	4	AMP	3	1
JFCF_6_T_1_G	chr14	32291088	32326725	78	0.663333	1.197705	11	UBCNA	5	2	3	1	1	4.6137274277217	0.664050951775018	5	HLAMP	3	2
JFCF_6_T_1_G	chr14	32327284	32499525	280	0.681818	1.124811	7	ASCNA	4	1	3	1	1	4.38540501374891	0.682658814970228	4	AMP	3	1
JFCF_6_T_1_G	chr14	32503366	32699397	107	0.675	1.20822	11	UBCNA	5	2	3	1	1	4.64762550874263	0.675763625091235	5	HLAMP	3	2
JFCF_6_T_1_G	chr14	32711304	32909977	130	0.688194	1.112979	7	ASCNA	4	1	3	1	1	4.34942035288438	0.689071501078213	4	AMP	3	1
JFCF_6_T_1_G	chr14	32911790	32928828	30	0.658117	1.193073	11	UBCNA	5	2	3	1	1	4.59887307399099	0.658814269085151	5	HLAMP	3	2
JFCF_6_T_1_G	chr14	32929449	32958462	58	0.7	1.155326	7	ASCNA	4	1	3	1	1	4.4795838597124	0.700905452333912	4	AMP	3	1
JFCF_6_T_1_G	chr14	32966908	33024109	46	0.683363	1.202983	11	UBCNA	5	2	3	1	1	4.63071167311928	0.684166040101004	5	HLAMP	3	2
JFCF_6_T_1_G	chr14	33033313	33389337	375	0.685185	1.049542	7	ASCNA	4	1	3	1	1	4.16144256013648	0.686087474977809	4	AMP	3	1
JFCF_6_T_1_G	chr14	33390086	33429322	54	0.685185	1.202728	11	UBCNA	5	2	3	1	1	4.62988967117291	0.685996163558712	5	HLAMP	3	2
JFCF_6_T_1_G	chr14	33430193	33445339	13	0.790698	1.705924	13	ASCNA	6	1	5	1	1	6.57063780862939	0.791595238258002	6	HLAMP	5	1
JFCF_6_T_1_G	chr14	33489131	33579984	77	0.742857	1.305291	10	ASCNA	5	1	4	1	1	4.97251046707722	0.743847485650034	5	HLAMP	4	1
JFCF_6_T_1_G	chr14	33591105	34480400	726	0.685994	1.07371	7	ASCNA	4	1	3	1	1	4.23208474770272	0.686885287563426	4	AMP	3	1
JFCF_6_T_1_G	chr14	34480514	34499356	38	0.636222	1.181145	11	UBCNA	5	2	3	1	1	4.56084000567871	0.636827725256966	5	HLAMP	3	2
JFCF_6_T_1_G	chr14	34504047	34789053	176	0.675676	1.049029	7	ASCNA	4	1	3	1	1	4.15995586864523	0.676532440071359	4	AMP	3	1
JFCF_6_T_1_G	chr14	34790249	35599923	581	0.685185	1.302077	11	UBCNA	5	2	3	1	1	4.96140003291895	0.685941963308178	5	HLAMP	3	2
JFCF_6_T_1_G	chr14	35602273	35619816	10	0.622024	0.986601	8	BCNA	4	2	2	1	1	3.98292735286448	0.622645321153956	4	AMP	2	2
JFCF_6_T_1_G	chr14	35620359	36344816	540	0.68254	1.234728	11	UBCNA	5	2	3	1	1	4.73418614955323	0.68332196260316	5	HLAMP	3	2
JFCF_6_T_1_G	chr14	36367330	36638734	197	0.688889	1.099959	7	ASCNA	4	1	3	1	1	4.31016219699096	0.689777763727849	4	AMP	3	1
JFCF_6_T_1_G	chr14	36662864	38615858	695	0.6	0.674662	5	GAIN	3	1	2	1	1	3.20453706532046	0.600632860469087	3	GAIN	2	1
JFCF_6_T_1_G	chr14	38621642	38639422	30	0.601541	0.97914	8	BCNA	4	2	2	1	1	3.96227792109538	0.602060720406799	4	AMP	2	2
JFCF_6_T_1_G	chr14	38640272	38648479	39	0.606061	0.721918	5	GAIN	3	1	2	1	1	3.31191614744645	0.606710455879791	3	GAIN	2	1
JFCF_6_T_1_G	chr14	38650283	38788605	103	0.676056	1.197181	11	UBCNA	5	2	3	1	1	4.61204461948366	0.676830159768591	5	HLAMP	3	2
JFCF_6_T_1_G	chr14	38790057	38819934	63	0.716981	1.104499	7	ASCNA	4	1	3	1	1	4.32381107971207	0.717998719894799	4	AMP	3	1
JFCF_6_T_1_G	chr14	38820324	38829990	28	0.6874	1.308448	11	UBCNA	5	2	3	1	1	4.98344798222228	0.688162628313903	5	HLAMP	3	2
JFCF_6_T_1_G	chr14	38830251	39479884	209	0.685185	1.125532	7	ASCNA	4	1	3	1	1	4.38760734539789	0.686040955760502	4	AMP	3	1
JFCF_6_T_1_G	chr14	39503527	39834418	225	0.7	1.229256	11	UBCNA	5	2	3	1	1	4.71618708334903	0.700860027303635	5	HLAMP	3	2
JFCF_6_T_1_G	chr14	39875747	40939566	708	0.682927	1.059945	7	ASCNA	4	1	3	1	1	4.19170514703677	0.683812034813116	4	AMP	3	1
JFCF_6_T_1_G	chr14	40941729	41039761	108	0.746349	1.357378	10	ASCNA	5	1	4	1	1	5.15606352730506	0.747317959917367	5	HLAMP	4	1
JFCF_6_T_1_G	chr14	41040590	41388129	367	0.696429	1.068241	7	ASCNA	4	1	3	1	1	4.21599530459388	0.697373884566095	4	AMP	3	1
JFCF_6_T_1_G	chr14	41401326	41449148	30	0.671642	1.191283	11	UBCNA	5	2	3	1	1	4.59314548987592	0.672399855893528	5	HLAMP	3	2
JFCF_6_T_1_G	chr14	41452298	41519996	266	0.683772	1.001558	7	ASCNA	4	1	3	1	1	4.02464610072714	0.684698029692545	4	AMP	3	1
JFCF_6_T_1_G	chr14	41520057	41528631	29	0.693878	1.257666	11	UBCNA	5	2	3	1	1	4.81038350158527	0.694695376406542	5	HLAMP	3	2
JFCF_6_T_1_G	chr14	41530128	41599648	190	0.678983	1.081502	7	ASCNA	4	1	3	1	1	4.25511391740801	0.679836048767339	4	AMP	3	1
JFCF_6_T_1_G	chr14	41690094	41698111	20	0.696154	1.246448	11	UBCNA	5	2	3	1	1	4.77296724613227	0.696987454666796	5	HLAMP	3	2
JFCF_6_T_1_G	chr14	41699404	42052115	270	0.685714	0.991659	7	ASCNA	4	1	3	1	1	3.99698698397309	0.686656291293058	4	AMP	3	1
JFCF_6_T_1_G	chr14	42065024	46273348	2913	0.594595	0.692068	5	GAIN	3	1	2	1	1	3.24367988031268	0.59518643015312	3	GAIN	2	1
JFCF_6_T_1_G	chr14	46280913	46309903	23	0.6	1.062036	8	BCNA	4	2	2	1	1	4.19781430163293	0.600483114469732	4	AMP	2	2
JFCF_6_T_1_G	chr14	46314375	49445992	1497	0.595238	0.681182	5	GAIN	3	1	2	1	1	3.2191440273717	0.595837988776992	3	GAIN	2	1
JFCF_6_T_1_G	chr14	49454507	49922849	358	0.683569	1.031474	7	ASCNA	4	1	3	1	1	4.10939814675458	0.684474929473832	4	AMP	3	1
JFCF_6_T_1_G	chr14	49932705	50439504	221	0.684211	1.263108	11	UBCNA	5	2	3	1	1	4.82863969242654	0.68498468473488	5	HLAMP	3	2
JFCF_6_T_1_G	chr14	50440263	50449704	17	0.673913	1.05995	7	ASCNA	4	1	3	1	1	4.19171974469107	0.674754420476095	4	AMP	3	1
JFCF_6_T_1_G	chr14	50454176	50816510	245	0.686275	1.257478	11	UBCNA	5	2	3	1	1	4.80975405073836	0.687060425452718	5	HLAMP	3	2
JFCF_6_T_1_G	chr14	50821428	50849032	33	0.702703	1.131679	7	ASCNA	4	1	3	1	1	4.40642843357304	0.703635924983094	4	AMP	3	1
JFCF_6_T_1_G	chr14	50849460	51570704	592	0.686275	1.241287	11	UBCNA	5	2	3	1	1	4.75585083940951	0.687069327530515	5	HLAMP	3	2
JFCF_6_T_1_G	chr14	51572381	51697655	110	0.697322	1.147341	7	ASCNA	4	1	3	1	1	4.45474689774647	0.698220308983121	4	AMP	3	1
JFCF_6_T_1_G	chr14	51699378	51818863	100	0.678908	1.211805	11	UBCNA	5	2	3	1	1	4.65923936397733	0.679686731973198	5	HLAMP	3	2
JFCF_6_T_1_G	chr14	51820202	51849583	28	0.729167	1.105684	7	ASCNA	4	1	3	1	1	4.32738069268217	0.73024099001684	4	AMP	3	1
JFCF_6_T_1_G	chr14	51850335	52259151	295	0.678571	1.211705	11	UBCNA	5	2	3	1	1	4.65891501563595	0.679348319227262	5	HLAMP	3	2
JFCF_6_T_1_G	chr14	52270381	52285373	36	0.720398	1.14515	7	ASCNA	4	1	3	1	1	4.44795589703254	0.721402894443448	4	AMP	3	1
JFCF_6_T_1_G	chr14	52286274	52409291	176	0.664216	1.132757	8	BCNA	4	2	2	1	1	4.40973736242793	0.664971224400394	4	AMP	2	2
JFCF_6_T_1_G	chr14	52410563	52479975	49	0.666667	1.188184	11	UBCNA	5	2	3	1	1	4.58324619618546	0.667404479070367	5	HLAMP	3	2
JFCF_6_T_1_G	chr14	52480597	52529863	99	0.666667	0.99731	8	BCNA	4	2	2	1	1	4.01275337627651	0.667509326409594	4	AMP	2	2
JFCF_6_T_1_G	chr14	52531257	52563772	82	0.660866	1.240121	11	UBCNA	5	2	3	1	1	4.75199228382459	0.661552533611328	5	HLAMP	3	2
JFCF_6_T_1_G	chr14	52570225	52649921	112	0.672727	1.084105	8	BCNA	4	2	2	1	1	4.26283481227529	0.673548741072082	4	AMP	2	2
JFCF_6_T_1_G	chr14	52650303	53992930	905	0.666667	1.236301	11	UBCNA	5	2	3	1	1	4.73937286888421	0.667380184684458	5	HLAMP	3	2
JFCF_6_T_1_G	chr14	53996110	54027999	31	0.673469	1.063462	8	BCNA	4	2	2	1	1	4.20198564508082	0.674306221897011	4	AMP	2	2
JFCF_6_T_1_G	chr14	54030396	56239358	1296	0.666667	1.235527	11	UBCNA	5	2	3	1	1	4.73682001927484	0.66738056904638	5	HLAMP	3	2
JFCF_6_T_1_G	chr14	56239852	58499570	1760	0.666667	1.041429	8	BCNA	4	2	2	1	1	4.13799262624636	0.667483832809848	4	AMP	2	2
JFCF_6_T_1_G	chr14	58521457	59017335	254	0.666667	1.217706	11	UBCNA	5	2	3	1	1	4.67841902111104	0.667389476573555	5	HLAMP	3	2
JFCF_6_T_1_G	chr14	59021231	59079971	32	0.654942	1.104587	8	BCNA	4	2	2	1	1	4.32407606412335	0.655668689860693	4	AMP	2	2
JFCF_6_T_1_G	chr14	59081086	59163823	81	0.66	1.20928	11	UBCNA	5	2	3	1	1	4.65105644746289	0.660697656492721	5	HLAMP	3	2
JFCF_6_T_1_G	chr14	59166218	59329655	101	0.666667	1.136034	8	BCNA	4	2	2	1	1	4.41981133319149	0.667431749417841	4	AMP	2	2
JFCF_6_T_1_G	chr14	59330827	59389682	105	0.666667	1.208736	11	UBCNA	5	2	3	1	1	4.64929534893439	0.667394002242351	5	HLAMP	3	2
JFCF_6_T_1_G	chr14	59391958	59449819	66	0.676161	1.090359	8	BCNA	4	2	2	1	1	4.28144217142038	0.676995435846236	4	AMP	2	2
JFCF_6_T_1_G	chr14	59450351	59859080	466	0.666667	1.1981	11	UBCNA	5	2	3	1	1	4.61499636092173	0.667399405375798	5	HLAMP	3	2
JFCF_6_T_1_G	chr14	59890049	59899934	31	0.657534	1.051523	8	BCNA	4	2	2	1	1	4.16718853051119	0.658300662850235	4	AMP	2	2
JFCF_6_T_1_G	chr14	59900020	59959584	72	0.664103	1.19674	11	UBCNA	5	2	3	1	1	4.61062883651307	0.664824821188689	5	HLAMP	3	2
JFCF_6_T_1_G	chr14	59960522	59969688	24	0.693093	1.471065	14	UBCNA	6	2	4	1	1	5.58047131094289	0.693794728181636	6	HLAMP	4	2
JFCF_6_T_1_G	chr14	59970176	60068670	144	0.68313	1.106213	7	ASCNA	4	1	3	1	1	4.3289751629508	0.683987921732523	4	AMP	3	1
JFCF_6_T_1_G	chr14	60068854	60385490	143	0.666667	1.080118	8	BCNA	4	2	2	1	1	4.25101443133522	0.667462115659714	4	AMP	2	2
JFCF_6_T_1_G	chr14	60391422	60619356	284	0.659976	1.194454	11	UBCNA	5	2	3	1	1	4.60329681196815	0.660680789009953	5	HLAMP	3	2
JFCF_6_T_1_G	chr14	60620050	60697721	44	0.689291	1.07543	7	ASCNA	4	1	3	1	1	4.23715749646999	0.690197000894431	4	AMP	3	1
JFCF_6_T_1_G	chr14	60699368	60767906	60	0.663978	1.232875	11	UBCNA	5	2	3	1	1	4.72808342472174	0.664681353612364	5	HLAMP	3	2
JFCF_6_T_1_G	chr14	60772828	61008596	59	0.681818	1.069476	7	ASCNA	4	1	3	1	1	4.21962326483864	0.682691849145918	4	AMP	3	1
JFCF_6_T_1_G	chr14	61012559	62529503	406	0.672727	1.2299	11	UBCNA	5	2	3	1	1	4.71830185173728	0.673469416775954	5	HLAMP	3	2
JFCF_6_T_1_G	chr14	62530200	62917833	399	0.655738	1.091006	8	BCNA	4	2	2	1	1	4.28337178128858	0.656475364270856	4	AMP	2	2
JFCF_6_T_1_G	chr14	62921831	62959830	69	0.644444	1.211274	11	UBCNA	5	2	3	1	1	4.65751733151998	0.645072953147667	5	HLAMP	3	2
JFCF_6_T_1_G	chr14	62960295	63279839	355	0.671875	1.077174	8	BCNA	4	2	2	1	1	4.24230720646323	0.672696644333508	4	AMP	2	2
JFCF_6_T_1_G	chr14	63281788	63318664	44	0.629101	0.358433	5	GAIN	3	1	2	1	1	2.56978498485933	0.630119840234368	3	GAIN	2	1
JFCF_6_T_1_G	chr14	63320446	63479876	117	0.62069	0.218469	3	HET	2	1	1	NA	NA	2.33031221861643	0.621740341301142	2	NEUT	1	1
JFCF_6_T_1_G	chr14	63480444	63489885	30	0.596296	0.382523	5	GAIN	3	1	2	1	1	2.6133967751482	0.597043267620906	3	GAIN	2	1
JFCF_6_T_1_G	chr14	63490454	63528514	65	0.588235	0.290304	3	HET	2	1	1	NA	NA	2.45031629670979	0.588965284376542	2	NEUT	1	1
JFCF_6_T_1_G	chr14	63530902	63569297	50	0.606061	0.364303	5	GAIN	3	1	2	1	1	2.58034484307842	0.606894587580786	3	GAIN	2	1
JFCF_6_T_1_G	chr14	63570368	63820672	79	0.64	0.225241	3	HET	2	1	1	NA	NA	2.34137181904772	0.641212637283585	2	NEUT	1	1
JFCF_6_T_1_G	chr14	63821806	64568895	456	0.62069	0.370402	5	GAIN	3	1	2	1	1	2.59136226945838	0.621634531452285	3	GAIN	2	1
JFCF_6_T_1_G	chr14	64570643	64604595	38	1	-0.434193	1	DLOH	1	0	1	1	1	1.47494458365479	1	1	HETD	1	0
JFCF_6_T_1_G	chr14	64609604	65458471	381	1	-0.290876	2	NLOH	2	0	2	1	1	1.63110810322471	1	2	NEUT	2	0
JFCF_6_T_1_G	chr14	65461373	65841322	225	1	-0.398053	1	DLOH	1	0	1	1	1	1.51287355613545	1	1	HETD	1	0
JFCF_6_T_1_G	chr14	65850968	65968955	95	1	-0.210822	2	NLOH	2	0	2	1	1	1.72533236820099	1	2	NEUT	2	0
JFCF_6_T_1_G	chr14	65973956	67979977	574	1	-0.466832	1	DLOH	1	0	1	1	1	1.44149694913134	1	1	HETD	1	0
JFCF_6_T_1_G	chr14	67980031	67989097	34	1	-0.290644	2	NLOH	2	0	2	1	1	1.63137368457996	1	2	NEUT	2	0
JFCF_6_T_1_G	chr14	67990648	68069583	108	1	-0.389327	1	DLOH	1	0	1	1	1	1.52217478756783	1	1	HETD	1	0
JFCF_6_T_1_G	chr14	68070038	68679715	349	1	-0.319391	2	NLOH	2	0	2	1	1	1.59878871079854	1	2	NEUT	2	0
JFCF_6_T_1_G	chr14	68680007	68799859	108	1	-0.423859	1	DLOH	1	0	1	1	1	1.485693304146	1	1	HETD	1	0
JFCF_6_T_1_G	chr14	68800393	68809810	17	1	-0.19736	2	NLOH	2	0	2	1	1	1.74169716917642	1	2	NEUT	2	0
JFCF_6_T_1_G	chr14	68810217	69135467	340	1	-0.401655	1	DLOH	1	0	1	1	1	1.50905048083297	1	1	HETD	1	0
JFCF_6_T_1_G	chr14	69160784	69216412	77	1	-0.276276	2	NLOH	2	0	2	1	1	1.6479049169473	1	2	NEUT	2	0
JFCF_6_T_1_G	chr14	69220362	69236333	13	1	-0.566346	1	DLOH	1	0	1	1	1	1.34406563232961	1	1	HETD	1	0
JFCF_6_T_1_G	chr14	69318261	69379311	56	1	-0.270084	2	NLOH	2	0	2	1	1	1.65508010000821	1	2	NEUT	2	0
JFCF_6_T_1_G	chr14	69382434	69438984	58	1	-0.454929	1	DLOH	1	0	1	1	1	1.45360727667209	1	1	HETD	1	0
JFCF_6_T_1_G	chr14	69440186	69675522	214	1	-0.251921	2	NLOH	2	0	2	1	1	1.67630560093851	1	2	NEUT	2	0
JFCF_6_T_1_G	chr14	69692299	69828658	73	1	-0.379734	1	DLOH	1	0	1	1	1	1.53246530253674	1	1	HETD	1	0
JFCF_6_T_1_G	chr14	69831520	69879796	46	1	-0.277679	2	NLOH	2	0	2	1	1	1.64628341964134	1	2	NEUT	2	0
JFCF_6_T_1_G	chr14	69892724	69969181	72	1	-0.372432	1	DLOH	1	0	1	1	1	1.54034423009161	1	1	HETD	1	0
JFCF_6_T_1_G	chr14	69970752	70015073	42	1	-0.343243	2	NLOH	2	0	2	1	1	1.57224079260293	1	2	NEUT	2	0
JFCF_6_T_1_G	chr14	70022717	71269695	638	1	-0.418494	1	DLOH	1	0	1	1	1	1.49130404610216	1	1	HETD	1	0
JFCF_6_T_1_G	chr14	71271376	71497699	119	1	-0.332442	2	NLOH	2	0	2	1	1	1.5842082346472	1	2	NEUT	2	0
JFCF_6_T_1_G	chr14	71523937	71779083	143	1	-0.384809	1	DLOH	1	0	1	1	1	1.52701277131023	1	1	HETD	1	0
JFCF_6_T_1_G	chr14	71780587	71964521	94	1	-0.328395	2	NLOH	2	0	2	1	1	1.58871541094814	1	2	NEUT	2	0
JFCF_6_T_1_G	chr14	71970625	73209388	715	1	-0.427513	1	DLOH	1	0	1	1	1	1.48188386111436	1	1	HETD	1	0
JFCF_6_T_1_G	chr14	73211818	73279420	96	1	-0.317258	2	NLOH	2	0	2	1	1	1.60118424707038	1	2	NEUT	2	0
JFCF_6_T_1_G	chr14	73280418	73448583	76	1	-0.374432	1	DLOH	1	0	1	1	1	1.53818224409813	1	1	HETD	1	0
JFCF_6_T_1_G	chr14	73449833	74708873	1141	1	-0.258546	2	NLOH	2	0	2	1	1	1.66853256986706	1	2	NEUT	2	0
JFCF_6_T_1_G	chr14	74710378	74729640	31	1	-0.579637	1	DLOH	1	0	1	1	1	1.33155415354034	1	1	HETD	1	0
JFCF_6_T_1_G	chr14	74730468	74789469	50	1	-0.276697	2	NLOH	2	0	2	1	1	1.64741818657606	1	2	NEUT	2	0
JFCF_6_T_1_G	chr14	74791916	74945265	144	1	-0.349876	1	DLOH	1	0	1	1	1	1.56493575166723	1	1	HETD	1	0
JFCF_6_T_1_G	chr14	74948180	75789101	747	1	-0.287249	2	NLOH	2	0	2	1	1	1.63526499067335	1	2	NEUT	2	0
JFCF_6_T_1_G	chr14	75790065	76208309	351	1	-0.395843	1	DLOH	1	0	1	1	1	1.51522392562236	1	1	HETD	1	0
JFCF_6_T_1_G	chr14	76210553	76369771	125	1	-0.314986	2	NLOH	2	0	2	1	1	1.60373979038635	1	2	NEUT	2	0
JFCF_6_T_1_G	chr14	76370115	76608469	138	1	-0.394928	1	DLOH	1	0	1	1	1	1.51619809681968	1	1	HETD	1	0
JFCF_6_T_1_G	chr14	76609664	76669309	103	1	-0.319707	2	NLOH	2	0	2	1	1	1.59843411765944	1	2	NEUT	2	0
JFCF_6_T_1_G	chr14	76672104	77355667	427	1	-0.452792	1	DLOH	1	0	1	1	1	1.45579209845166	1	1	HETD	1	0
JFCF_6_T_1_G	chr14	77362156	77529783	116	1	-0.273279	2	NLOH	2	0	2	1	1	1.65137394355027	1	2	NEUT	2	0
JFCF_6_T_1_G	chr14	77533344	77598220	40	1	-0.404692	1	DLOH	1	0	1	1	1	1.5058344912445	1	1	HETD	1	0
JFCF_6_T_1_G	chr14	77600344	77638360	35	1	-0.228597	2	NLOH	2	0	2	1	1	1.70395716335569	1	2	NEUT	2	0
JFCF_6_T_1_G	chr14	77641802	77859620	214	1	-0.394868	1	DLOH	1	0	1	1	1	1.51626199848645	1	1	HETD	1	0
JFCF_6_T_1_G	chr14	77860543	78108614	300	1	-0.306804	2	NLOH	2	0	2	1	1	1.61297631125115	1	2	NEUT	2	0
JFCF_6_T_1_G	chr14	78118912	80099802	1116	1	-0.517535	1	DLOH	1	0	1	1	1	1.39101558419729	1	1	HETD	1	0
JFCF_6_T_1_G	chr14	80101979	80118432	11	1	-0.149445	2	NLOH	2	0	2	1	1	1.8011988422874	1	2	NEUT	2	0
JFCF_6_T_1_G	chr14	80120572	80639539	369	1	-0.430222	1	DLOH	1	0	1	1	1	1.47906584049759	1	1	HETD	1	0
JFCF_6_T_1_G	chr14	80640401	80827169	118	1	-0.267642	2	NLOH	2	0	2	1	1	1.65791832593311	1	2	NEUT	2	0
JFCF_6_T_1_G	chr14	80840097	80878118	26	1	-0.395518	1	DLOH	1	0	1	1	1	1.51556987196344	1	1	HETD	1	0
JFCF_6_T_1_G	chr14	80881381	81029788	51	1	-0.318871	2	NLOH	2	0	2	1	1	1.59937238758519	1	2	NEUT	2	0
JFCF_6_T_1_G	chr14	81030092	81059070	53	1	-0.483809	1	DLOH	1	0	1	1	1	1.42439621301729	1	1	HETD	1	0
JFCF_6_T_1_G	chr14	81062031	81076176	13	1	-0.100292	2	NLOH	2	0	2	1	1	1.86432639445342	1	2	NEUT	2	0
JFCF_6_T_1_G	chr14	81126429	81289897	58	1	-0.377221	1	DLOH	1	0	1	1	1	1.53517235418765	1	1	HETD	1	0
JFCF_6_T_1_G	chr14	81291352	81319375	26	1	-0.251043	2	NLOH	2	0	2	1	1	1.67733842887433	1	2	NEUT	2	0
JFCF_6_T_1_G	chr14	81331639	81369998	60	1	-0.439159	1	DLOH	1	0	1	1	1	1.46980661519245	1	1	HETD	1	0
JFCF_6_T_1_G	chr14	81370289	81389266	25	1	-0.260849	2	NLOH	2	0	2	1	1	1.66583883823779	1	2	NEUT	2	0
JFCF_6_T_1_G	chr14	81390128	82499097	955	1	-0.469483	1	DLOH	1	0	1	1	1	1.43881335139067	1	1	HETD	1	0
JFCF_6_T_1_G	chr14	82503612	82509616	17	1	-0.178919	2	NLOH	2	0	2	1	1	1.76436389912669	1	2	NEUT	2	0
JFCF_6_T_1_G	chr14	82510341	83529890	613	1	-0.436556	1	DLOH	1	0	1	1	1	1.47249754930759	1	1	HETD	1	0
JFCF_6_T_1_G	chr14	83530151	83549888	101	1	-0.290181	2	NLOH	2	0	2	1	1	1.63190383022502	1	2	NEUT	2	0
JFCF_6_T_1_G	chr14	83550042	83698736	240	1	-0.457011	1	DLOH	1	0	1	1	1	1.45148179583078	1	1	HETD	1	0
JFCF_6_T_1_G	chr14	83700287	83719772	37	1	-0.311043	2	NLOH	2	0	2	1	1	1.60818443700961	1	2	NEUT	2	0
JFCF_6_T_1_G	chr14	83721116	83849642	142	1	-0.403119	1	DLOH	1	0	1	1	1	1.50749935290478	1	1	HETD	1	0
JFCF_6_T_1_G	chr14	83851575	84139990	163	1	-0.282896	2	NLOH	2	0	2	1	1	1.6402677606795	1	2	NEUT	2	0
JFCF_6_T_1_G	chr14	84142188	84179815	53	1	-0.496804	1	DLOH	1	0	1	1	1	1.41144179617903	1	1	HETD	1	0
JFCF_6_T_1_G	chr14	84180025	84287428	130	1	-0.304297	2	NLOH	2	0	2	1	1	1.61581692118738	1	2	NEUT	2	0
JFCF_6_T_1_G	chr14	84291158	84339362	60	1	-0.456087	1	DLOH	1	0	1	1	1	1.45242471423836	1	1	HETD	1	0
JFCF_6_T_1_G	chr14	84340128	84356177	29	1	-0.312196	2	NLOH	2	0	2	1	1	1.60688349007823	1	2	NEUT	2	0
JFCF_6_T_1_G	chr14	84360218	84639111	113	1	-0.401566	1	DLOH	1	0	1	1	1	1.50914482830728	1	1	HETD	1	0
JFCF_6_T_1_G	chr14	84640016	84679322	42	1	-0.305166	2	NLOH	2	0	2	1	1	1.61483172314588	1	2	NEUT	2	0
JFCF_6_T_1_G	chr14	84680591	85469112	426	1	-0.396251	1	DLOH	1	0	1	1	1	1.51478974022128	1	1	HETD	1	0
JFCF_6_T_1_G	chr14	85470318	85499364	25	1	-0.336857	2	NLOH	2	0	2	1	1	1.57930561254514	1	2	NEUT	2	0
JFCF_6_T_1_G	chr14	85500099	85799243	346	1	-0.410829	1	DLOH	1	0	1	1	1	1.49935642495027	1	1	HETD	1	0
JFCF_6_T_1_G	chr14	85800256	85813280	33	1	-0.191882	2	NLOH	2	0	2	1	1	1.74840022149197	1	2	NEUT	2	0
JFCF_6_T_1_G	chr14	85815452	86037541	274	1	-0.406321	1	DLOH	1	0	1	1	1	1.50411227149027	1	1	HETD	1	0
JFCF_6_T_1_G	chr14	86040455	86107510	81	1	-0.316179	2	NLOH	2	0	2	1	1	1.60239740339043	1	2	NEUT	2	0
JFCF_6_T_1_G	chr14	86112432	86848458	560	1	-0.443465	1	DLOH	1	0	1	1	1	1.46536579574536	1	1	HETD	1	0
JFCF_6_T_1_G	chr14	86850311	86859696	25	1	-0.219425	2	NLOH	2	0	2	1	1	1.71495400132372	1	2	NEUT	2	0
JFCF_6_T_1_G	chr14	86860810	86869872	21	1	-0.437837	1	DLOH	1	0	1	1	1	1.47117266803155	1	1	HETD	1	0
JFCF_6_T_1_G	chr14	86870423	86908856	65	1	-0.241174	2	NLOH	2	0	2	1	1	1.68899108777836	1	2	NEUT	2	0
JFCF_6_T_1_G	chr14	86911238	87138772	122	1	-0.37718	1	DLOH	1	0	1	1	1	1.5352165592768	1	1	HETD	1	0
JFCF_6_T_1_G	chr14	87140302	87339631	197	1	-0.312335	2	NLOH	2	0	2	1	1	1.60672672454023	1	2	NEUT	2	0
JFCF_6_T_1_G	chr14	87352370	87475774	112	1	-0.422197	1	DLOH	1	0	1	1	1	1.48742920135699	1	1	HETD	1	0
JFCF_6_T_1_G	chr14	87488116	87499671	30	1	-0.235075	2	NLOH	2	0	2	1	1	1.6962323357272	1	2	NEUT	2	0
JFCF_6_T_1_G	chr14	87500232	88809976	721	1	-0.490559	1	DLOH	1	0	1	1	1	1.4176527302739	1	1	HETD	1	0
JFCF_6_T_1_G	chr14	88810100	88819671	30	1	-0.269204	2	NLOH	2	0	2	1	1	1.65610233048686	1	2	NEUT	2	0
JFCF_6_T_1_G	chr14	88820682	89529412	566	1	-0.441377	1	DLOH	1	0	1	1	1	1.46751751506587	1	1	HETD	1	0
JFCF_6_T_1_G	chr14	89530904	89539882	32	1	-0.219778	2	NLOH	2	0	2	1	1	1.71452947448976	1	2	NEUT	2	0
JFCF_6_T_1_G	chr14	89540460	90760607	616	1	-0.423247	1	DLOH	1	0	1	1	1	1.48633228279472	1	1	HETD	1	0
JFCF_6_T_1_G	chr14	90765743	90819914	77	1	-0.327935	2	NLOH	2	0	2	1	1	1.58922851731536	1	2	NEUT	2	0
JFCF_6_T_1_G	chr14	90820132	90829329	36	1	-0.435789	1	DLOH	1	0	1	1	1	1.47329138649971	1	1	HETD	1	0
JFCF_6_T_1_G	chr14	90830582	90959306	84	1	-0.228489	2	NLOH	2	0	2	1	1	1.70408624441958	1	2	NEUT	2	0
JFCF_6_T_1_G	chr14	90960503	91157983	127	1	-0.38765	1	DLOH	1	0	1	1	1	1.5239687918466	1	1	HETD	1	0
JFCF_6_T_1_G	chr14	91162063	91178727	19	1	-0.290949	2	NLOH	2	0	2	1	1	1.6310245455106	1	2	NEUT	2	0
JFCF_6_T_1_G	chr14	91181160	91199170	29	1	-0.497051	1	DLOH	1	0	1	1	1	1.41119669581879	1	1	HETD	1	0
JFCF_6_T_1_G	chr14	91200062	91418457	124	1	-0.252261	2	NLOH	2	0	2	1	1	1.67590581359199	1	2	NEUT	2	0
JFCF_6_T_1_G	chr14	91418983	91419128	14	0.82971	-0.359036	3	HET	2	1	1	NA	NA	1.55490273822904	0.834010333714644	2	NEUT	1	1
JFCF_6_T_1_G	chr14	91419557	91766712	251	1	-0.304525	2	NLOH	2	0	2	1	1	1.61555837681783	1	2	NEUT	2	0
JFCF_6_T_1_G	chr14	91773494	91849941	63	1	-0.418784	1	DLOH	1	0	1	1	1	1.49100022902509	1	1	HETD	1	0
JFCF_6_T_1_G	chr14	91850986	92039401	194	1	-0.262151	2	NLOH	2	0	2	1	1	1.66431783991892	1	2	NEUT	2	0
JFCF_6_T_1_G	chr14	92040198	92139489	161	1	-0.482408	1	DLOH	1	0	1	1	1	1.4257998185829	1	1	HETD	1	0
JFCF_6_T_1_G	chr14	92140172	92238458	55	1	-0.3216	2	NLOH	2	0	2	1	1	1.59631155068653	1	2	NEUT	2	0
JFCF_6_T_1_G	chr14	92241352	92417214	74	1	-0.420732	1	DLOH	1	0	1	1	1	1.48896099853703	1	1	HETD	1	0
JFCF_6_T_1_G	chr14	92420989	92489174	60	1	-0.227322	2	NLOH	2	0	2	1	1	1.70548165353336	1	2	NEUT	2	0
JFCF_6_T_1_G	chr14	92492651	92539787	84	1	-0.368693	1	DLOH	1	0	1	1	1	1.54439411086395	1	1	HETD	1	0
JFCF_6_T_1_G	chr14	92540054	92549632	42	1	-0.234884	2	NLOH	2	0	2	1	1	1.69645960177975	1	2	NEUT	2	0
JFCF_6_T_1_G	chr14	92550114	93556554	809	1	-0.412043	1	DLOH	1	0	1	1	1	1.49807821792204	1	1	HETD	1	0
JFCF_6_T_1_G	chr14	93588286	93729217	218	1	-0.334471	2	NLOH	2	0	2	1	1	1.58195327511173	1	2	NEUT	2	0
JFCF_6_T_1_G	chr14	93730988	93739955	19	1	-0.505499	1	DLOH	1	0	1	1	1	1.40283888005453	1	1	HETD	1	0
JFCF_6_T_1_G	chr14	93741411	93798915	89	1	-0.261909	2	NLOH	2	0	2	1	1	1.66460044082871	1	2	NEUT	2	0
JFCF_6_T_1_G	chr14	93800922	93878963	108	1	-0.415438	1	DLOH	1	0	1	1	1	1.49450936494691	1	1	HETD	1	0
JFCF_6_T_1_G	chr14	93893296	93937996	33	1	-0.289055	2	NLOH	2	0	2	1	1	1.63319383635844	1	2	NEUT	2	0
JFCF_6_T_1_G	chr14	93941424	94843932	738	1	-0.470546	1	DLOH	1	0	1	1	1	1.43773866465066	1	1	HETD	1	0
JFCF_6_T_1_G	chr14	94845271	94846659	34	0.55	-0.58661	3	HET	2	1	1	NA	NA	1.32503607630651	0.550765271552462	2	NEUT	1	1
JFCF_6_T_1_G	chr14	94846661	95829663	888	1	-0.505944	1	DLOH	1	0	1	1	1	1.40239998594648	1	1	HETD	1	0
JFCF_6_T_1_G	chr14	95830414	95849997	33	1	-0.257964	2	NLOH	2	0	2	1	1	1.66921399408592	1	2	NEUT	2	0
JFCF_6_T_1_G	chr14	95850342	96039800	315	1	-0.433274	1	DLOH	1	0	1	1	1	1.47589734867488	1	1	HETD	1	0
JFCF_6_T_1_G	chr14	96041211	96049852	21	1	-0.203691	2	NLOH	2	0	2	1	1	1.73398199827824	1	2	NEUT	2	0
JFCF_6_T_1_G	chr14	96050507	96783727	1034	1	-0.462284	1	DLOH	1	0	1	1	1	1.44611237544826	1	1	HETD	1	0
JFCF_6_T_1_G	chr14	96792576	96889121	65	1	-0.261359	2	NLOH	2	0	2	1	1	1.66524289194664	1	2	NEUT	2	0
JFCF_6_T_1_G	chr14	96901196	99898406	2408	1	-0.537889	1	DLOH	1	0	1	1	1	1.3712443714259	1	1	HETD	1	0
JFCF_6_T_1_G	chr14	99903973	100239013	214	1	-0.30148	2	NLOH	2	0	2	1	1	1.61901467828144	1	2	NEUT	2	0
JFCF_6_T_1_G	chr14	100241952	100357049	75	1	-0.378693	1	DLOH	1	0	1	1	1	1.53358611558845	1	1	HETD	1	0
JFCF_6_T_1_G	chr14	100358866	100508741	90	1	-0.343789	2	NLOH	2	0	2	1	1	1.57163820373518	1	2	NEUT	2	0
JFCF_6_T_1_G	chr14	100512188	100599519	67	1	-0.432954	1	DLOH	1	0	1	1	1	1.47622924829291	1	1	HETD	1	0
JFCF_6_T_1_G	chr14	100600217	101079874	172	1	-0.331962	2	NLOH	2	0	2	1	1	1.58474215386332	1	2	NEUT	2	0
JFCF_6_T_1_G	chr14	101080055	101109895	54	1	-0.410377	1	DLOH	1	0	1	1	1	1.49983260554841	1	1	HETD	1	0
JFCF_6_T_1_G	chr14	101110550	101126561	28	1	-0.29289	2	NLOH	2	0	2	1	1	1.62880437606632	1	2	NEUT	2	0
JFCF_6_T_1_G	chr14	101134008	101349764	191	1	-0.418257	1	DLOH	1	0	1	1	1	1.49155238334238	1	1	HETD	1	0
JFCF_6_T_1_G	chr14	101350298	101481789	74	1	-0.284781	2	NLOH	2	0	2	1	1	1.63809953460941	1	2	NEUT	2	0
JFCF_6_T_1_G	chr14	101487621	101838541	381	1	-0.44805	1	DLOH	1	0	1	1	1	1.46065178874181	1	1	HETD	1	0
JFCF_6_T_1_G	chr14	101840369	101858931	17	1	-0.23262	2	NLOH	2	0	2	1	1	1.69915577122367	1	2	NEUT	2	0
JFCF_6_T_1_G	chr14	101861694	102089185	141	1	-0.416607	1	DLOH	1	0	1	1	1	1.49328244465124	1	1	HETD	1	0
JFCF_6_T_1_G	chr14	102093271	103989581	1301	1	-0.297044	2	NLOH	2	0	2	1	1	1.62406294100955	1	2	NEUT	2	0
JFCF_6_T_1_G	chr14	103990745	104009939	27	1	-0.444432	1	DLOH	1	0	1	1	1	1.46437034048454	1	1	HETD	1	0
JFCF_6_T_1_G	chr14	104011429	104448435	321	1	-0.298909	2	NLOH	2	0	2	1	1	1.62193863987618	1	2	NEUT	2	0
JFCF_6_T_1_G	chr14	104450892	104926595	406	1	-0.407327	1	DLOH	1	0	1	1	1	1.50304967386378	1	1	HETD	1	0
JFCF_6_T_1_G	chr14	104929954	104999880	113	1	-0.316379	2	NLOH	2	0	2	1	1	1.60217246809427	1	2	NEUT	2	0
JFCF_6_T_1_G	chr14	105000172	105124376	114	1	-0.378703	1	DLOH	1	0	1	1	1	1.53357534504489	1	1	HETD	1	0
JFCF_6_T_1_G	chr14	105132581	105298315	135	1	-0.274006	2	NLOH	2	0	2	1	1	1.6505317791215	1	2	NEUT	2	0
JFCF_6_T_1_G	chr14	105310163	105329758	31	1	-0.456356	1	DLOH	1	0	1	1	1	1.45215014428914	1	1	HETD	1	0
JFCF_6_T_1_G	chr14	105340130	105398787	44	1	-0.308817	2	NLOH	2	0	2	1	1	1.61069900889451	1	2	NEUT	2	0
JFCF_6_T_1_G	chr14	105402418	105464852	33	1	-0.569473	1	DLOH	1	0	1	1	1	1.34111165436824	1	1	HETD	1	0
JFCF_6_T_1_G	chr14	105505003	105505128	7	0.6875	-0.164698	3	HET	2	1	1	NA	NA	1.78204256393671	0.689633813542891	2	NEUT	1	1
JFCF_6_T_1_G	chr14	105527252	105972799	27	1	-0.280707	2	NLOH	2	0	2	1	1	1.64278922123024	1	2	NEUT	2	0
JFCF_6_T_1_G	chr14	106250291	106483496	194	1	-0.467423	1	DLOH	1	0	1	1	1	1.44089825476217	1	1	HETD	1	0
JFCF_6_T_1_G	chr14	106483774	106484223	12	0.625	-0.47229	3	HET	2	1	1	NA	NA	1.43597720529151	0.626765369971484	2	NEUT	1	1
JFCF_6_T_1_G	chr14	106484630	106717072	185	1	-0.41762	1	DLOH	1	0	1	1	1	1.49222005738131	1	1	HETD	1	0
JFCF_6_T_1_G	chr14	106717441	106724847	19	0.567568	-0.660554	3	HET	2	1	1	NA	NA	1.25782038526463	0.568657420900976	2	NEUT	1	1
JFCF_6_T_1_G	chr14	106725090	106725482	3	1	-0.660554	1	DLOH	1	0	1	1	1	1.25782038526463	1	1	HETD	1	0
JFCF_6_T_1_G	chr14	106725951	106726672	6	0.607143	-0.660554	3	HET	2	1	1	NA	NA	1.25782038526463	0.608870501533171	2	NEUT	1	1
JFCF_6_T_1_G	chr14	106726687	106727078	9	1	-0.660554	1	DLOH	1	0	1	1	1	1.25782038526463	1	1	HETD	1	0
JFCF_6_T_1_G	chr14	106727299	106727315	2	0.535897	-0.660554	3	HET	2	1	1	NA	NA	1.25782038526463	0.536475779038633	2	NEUT	1	1
JFCF_6_T_1_G	chr14	106727465	106769551	233	1	-0.541972	1	DLOH	1	0	1	1	1	1.36731175736468	1	1	HETD	1	0
JFCF_6_T_1_G	chr14	106770034	106879952	350	0.6	-0.12603	3	HET	2	1	1	NA	NA	1.83100272795123	0.601107603390976	2	NEUT	1	1
JFCF_6_T_1_G	chr14	106890272	106918283	85	1	-0.530789	1	DLOH	1	0	1	1	1	1.3781094229181	1	1	HETD	1	0
JFCF_6_T_1_G	chr14	106918976	106942204	164	0.576923	-0.200558	3	HET	2	1	1	NA	NA	1.73779574653198	0.577820699020944	2	NEUT	1	1
JFCF_6_T_1_G	chr14	106943565	106976662	39	1	-0.388308	1	DLOH	1	0	1	1	1	1.52326463458933	1	1	HETD	1	0
JFCF_6_T_1_G	chr14	106976753	106979124	36	0.692308	-0.388308	3	HET	2	1	1	NA	NA	1.52326463458933	0.694868325961898	2	NEUT	1	1
JFCF_6_T_1_G	chr14	106979141	107268495	1890	1	-0.711701	1	DLOH	1	0	1	1	1	1.21330244835157	1	1	HETD	1	0
JFCF_6_T_1_G	chr15	21910133	58478950	22945	0.576923	-0.008851	3	HET	2	1	1	NA	NA	1.98764343117403	0.577707857845122	2	NEUT	1	1
JFCF_6_T_1_G	chr15	58491036	59197940	558	0.666667	0.618907	5	GAIN	3	1	2	1	1	3.08228689845367	0.66776360400066	3	GAIN	2	1
JFCF_6_T_1_G	chr15	59202598	59239897	30	0.701064	0.892437	7	ASCNA	4	1	3	1	1	3.72998446967345	0.70215720236534	4	AMP	3	1
JFCF_6_T_1_G	chr15	59240419	61189609	1158	0.666667	0.608109	5	GAIN	3	1	2	1	1	3.05915209968065	0.667771897054442	3	GAIN	2	1
JFCF_6_T_1_G	chr15	61190011	61197157	12	0.70778	-0.558865	3	HET	2	1	1	NA	NA	1.35115873243336	0.710898678724701	2	NEUT	1	1
JFCF_6_T_1_G	chr15	61200750	65052719	2427	0.666667	0.595101	5	GAIN	3	1	2	1	1	3.03151132384779	0.66778197130736	3	GAIN	2	1
JFCF_6_T_1_G	chr15	65081959	65129799	59	0.666667	0.901605	7	ASCNA	4	1	3	1	1	3.75389243636213	0.667567411559821	4	AMP	3	1
JFCF_6_T_1_G	chr15	65132236	65997046	670	0.666667	0.678089	5	GAIN	3	1	2	1	1	3.21220645137257	0.667719251215853	3	GAIN	2	1
JFCF_6_T_1_G	chr15	66000267	66018993	39	0.666667	0.869655	8	BCNA	4	2	2	1	1	3.67122813276498	0.667587685945354	4	AMP	2	2
JFCF_6_T_1_G	chr15	66020614	66987413	654	0.666667	0.578801	5	GAIN	3	1	2	1	1	2.997225321523	0.667794725740122	3	GAIN	2	1
JFCF_6_T_1_G	chr15	66990133	66999828	27	0.685714	0.942287	8	BCNA	4	2	2	1	1	3.86183361691194	0.686689268850779	4	AMP	2	2
JFCF_6_T_1_G	chr15	67000117	95059951	17843	0.666667	0.579488	5	GAIN	3	1	2	1	1	2.99866257605389	0.667794185222845	3	GAIN	2	1
JFCF_6_T_1_G	chr15	95060079	95068481	22	0.666667	0.171319	3	HET	2	1	1	NA	NA	2.25473219142462	0.668166090737641	2	NEUT	1	1
JFCF_6_T_1_G	chr15	95070179	102399429	6444	0.666667	0.527514	5	GAIN	3	1	2	1	1	2.89183900067046	0.667835823071838	3	GAIN	2	1
JFCF_6_T_1_G	chr16	90024	33608380	25403	0.578947	-0.045643	3	HET	2	1	1	NA	NA	1.93708424439516	0.579773533367075	2	NEUT	1	1
JFCF_6_T_1_G	chr16	33608725	33608921	9	1	-0.226756	2	NLOH	2	0	2	1	1	1.70615883952198	1	2	NEUT	2	0
JFCF_6_T_1_G	chr16	33611830	78763116	24083	0.578947	-0.056142	3	HET	2	1	1	NA	NA	1.9228915188712	0.579779633951066	2	NEUT	1	1
JFCF_6_T_1_G	chr16	78901140	90149922	7258	1	-0.969687	1	DLOH	1	0	1	1	1	1.01130885132505	1	1	HETD	1	0
JFCF_6_T_1_G	chr17	1665	45819587	26843	0.578947	0.014045	3	HET	2	1	1	NA	NA	2.01976398522842	0.57973969893638	2	NEUT	1	1
JFCF_6_T_1_G	chr17	45820707	45829194	13	0.571429	0.42509	5	GAIN	3	1	2	1	1	2.6922616728715	0.57196705982928	3	GAIN	2	1
JFCF_6_T_1_G	chr17	45830948	48099946	1912	0.578947	0.087688	3	HET	2	1	1	NA	NA	2.12660254940612	0.579699874467905	2	NEUT	1	1
JFCF_6_T_1_G	chr17	48100584	48109168	42	0.555556	0.464998	5	GAIN	3	1	2	1	1	2.7683437712979	0.555962990449105	3	GAIN	2	1
JFCF_6_T_1_G	chr17	48111271	80469511	24576	0.571429	0.028877	3	HET	2	1	1	NA	NA	2.04084536893758	0.572138802848432	2	NEUT	1	1
JFCF_6_T_1_G	chr17	80471266	80479328	15	0.6	0.458008	5	GAIN	3	1	2	1	1	2.75486529108022	0.600736161160741	3	GAIN	2	1
JFCF_6_T_1_G	chr17	80480041	81102135	631	0.583333	0.027164	3	HET	2	1	1	NA	NA	2.03839952085543	0.584162088662256	2	NEUT	1	1
JFCF_6_T_1_G	chr18	130168	41879998	23216	0.571429	-0.010689	3	HET	2	1	1	NA	NA	1.98508695616098	0.572158740252227	2	NEUT	1	1
JFCF_6_T_1_G	chr18	41900925	47349462	2618	1	-0.976583	1	DLOH	1	0	1	1	1	1.00638968031806	1	1	HETD	1	0
JFCF_6_T_1_G	chr18	47349476	47349881	14	0.606452	-0.697725	3	HET	2	1	1	NA	NA	1.22531075909495	0.60821389833999	2	NEUT	1	1
JFCF_6_T_1_G	chr18	47350601	50932513	1686	1	-1.037759	1	DLOH	1	0	1	1	1	0.963764913957076	1	1	HETD	1	0
JFCF_6_T_1_G	chr18	50953078	50953078	1	0.9	1.801338	17	ASCNA	7	1	6	1	1	7.02127171008544	0.901155360404271	7	HLAMP	6	1
JFCF_6_T_1_G	chr18	50960222	77832175	14107	1	-0.980136	1	DLOH	1	0	1	1	1	1.00386435786502	1	1	HETD	1	0
JFCF_6_T_1_G	chr19	260301	689146	450	0.675676	0.666796	5	GAIN	3	1	2	1	1	3.18700225360455	0.676793900966955	3	GAIN	2	1
JFCF_6_T_1_G	chr19	692347	707144	22	0.666667	0.93207	8	BCNA	4	2	2	1	1	3.83443805456137	0.667548497652571	4	AMP	2	2
JFCF_6_T_1_G	chr19	710852	829824	122	0.652174	0.693444	5	GAIN	3	1	2	1	1	3.24679443431207	0.653124514905639	3	GAIN	2	1
JFCF_6_T_1_G	chr19	830121	859214	44	0.699836	1.059272	7	ASCNA	4	1	3	1	1	4.18974076438861	0.700803297006645	4	AMP	3	1
JFCF_6_T_1_G	chr19	864120	978113	79	0.633333	0.595957	5	GAIN	3	1	2	1	1	3.03332259279802	0.634224440413721	3	GAIN	2	1
JFCF_6_T_1_G	chr19	982128	2519915	1152	0.583333	0.085666	3	HET	2	1	1	NA	NA	2.12359570716544	0.584128826590808	2	NEUT	1	1
JFCF_6_T_1_G	chr19	2520083	2529308	33	0.580645	0.423417	5	GAIN	3	1	2	1	1	2.68911793683434	0.581253192226174	3	GAIN	2	1
JFCF_6_T_1_G	chr19	2530509	3119910	497	0.583333	0.137235	3	HET	2	1	1	NA	NA	2.20161443290501	0.584100624842311	2	NEUT	1	1
JFCF_6_T_1_G	chr19	3120739	3139847	47	0.588235	0.474147	5	GAIN	3	1	2	1	1	2.78608431157632	0.588877273351757	3	GAIN	2	1
JFCF_6_T_1_G	chr19	3140124	4879939	1700	0.578947	0.100386	3	HET	2	1	1	NA	NA	2.14558191804318	0.579693214697917	2	NEUT	1	1
JFCF_6_T_1_G	chr19	4890329	4899698	21	0.6	0.418049	5	GAIN	3	1	2	1	1	2.67905550179272	0.600756992465818	3	GAIN	2	1
JFCF_6_T_1_G	chr19	4900205	6839313	1446	0.578947	0.049293	3	HET	2	1	1	NA	NA	2.07022031765937	0.579720378924538	2	NEUT	1	1
JFCF_6_T_1_G	chr19	6840554	6849906	12	0.589474	0.507723	5	GAIN	3	1	2	1	1	2.85216308871328	0.590110203078254	3	GAIN	2	1
JFCF_6_T_1_G	chr19	6850767	9019605	2076	0.578947	0.014078	3	HET	2	1	1	NA	NA	2.0198106494421	0.579739680622449	2	NEUT	1	1
JFCF_6_T_1_G	chr19	9033974	9039972	19	0.576923	0.390221	5	GAIN	3	1	2	1	1	2.62748723161091	0.577516729827302	3	GAIN	2	1
JFCF_6_T_1_G	chr19	9040440	39128967	20887	0.578947	-0.004944	3	HET	2	1	1	NA	NA	1.9930885112193	0.579750308409946	2	NEUT	1	1
JFCF_6_T_1_G	chr19	39136009	39179839	45	0.657895	0.614894	5	GAIN	3	1	2	1	1	3.07366879042867	0.658936800540083	3	GAIN	2	1
JFCF_6_T_1_G	chr19	39180458	41962076	1898	0.578947	0.048241	3	HET	2	1	1	NA	NA	2.06869649945296	0.579720948601572	2	NEUT	1	1
JFCF_6_T_1_G	chr19	41974301	41979360	11	0.538462	0.515646	5	GAIN	3	1	2	1	1	2.86798138345365	0.538733974886154	3	GAIN	2	1
JFCF_6_T_1_G	chr19	41980606	59089308	12285	0.578947	-0.020354	3	HET	2	1	1	NA	NA	1.97169736512559	0.579759023584931	2	NEUT	1	1
JFCF_6_T_1_G	chr20	68749	569164	504	0.571429	0.109301	3	HET	2	1	1	NA	NA	2.15900709923333	0.572099955577958	2	NEUT	1	1
JFCF_6_T_1_G	chr20	571306	579803	5	0.55	-1.095126	1	DLOH	1	0	1	1	1	0.925403319617695	0.551095751866983	1	HETD	1	0
JFCF_6_T_1_G	chr20	580065	3828856	2758	0.571429	0.033476	3	HET	2	1	1	NA	NA	2.04742627564313	0.572136521376137	2	NEUT	1	1
JFCF_6_T_1_G	chr20	3830793	3839754	13	0.625	0.492678	5	GAIN	3	1	2	1	1	2.82236375228748	0.625898194301108	3	GAIN	2	1
JFCF_6_T_1_G	chr20	3840539	25348557	15119	0.571429	-0.047358	3	HET	2	1	1	NA	NA	1.93475881486293	0.572177722706393	2	NEUT	1	1
JFCF_6_T_1_G	chr20	30370566	50508459	12141	0.666667	0.602887	5	GAIN	3	1	2	1	1	3.04802588990849	0.667775930260473	3	GAIN	2	1
JFCF_6_T_1_G	chr20	50510632	50515510	25	0.645161	0.876628	7	ASCNA	4	1	3	1	1	3.68911354476585	0.645958996886863	4	AMP	3	1
JFCF_6_T_1_G	chr20	50522237	53669855	3077	0.666667	0.554335	5	GAIN	3	1	2	1	1	2.94648429873562	0.667814146158381	3	GAIN	2	1
JFCF_6_T_1_G	chr20	53670219	53679350	56	0.638502	0.263897	3	HET	2	1	1	NA	NA	2.40550600518669	0.63966967738035	2	NEUT	1	1
JFCF_6_T_1_G	chr20	53680264	54848977	862	0.675	0.480448	5	GAIN	3	1	2	1	1	2.79836797103894	0.676268254743433	3	GAIN	2	1
JFCF_6_T_1_G	chr20	54850686	54859571	19	0.636364	0.962124	8	BCNA	4	2	2	1	1	3.91558119643817	0.637070279768172	4	AMP	2	2
JFCF_6_T_1_G	chr20	54861043	57459811	2411	0.666667	0.510856	5	GAIN	3	1	2	1	1	2.85840775126694	0.6678494933453	3	GAIN	2	1
JFCF_6_T_1_G	chr20	57461915	57469227	8	0.623118	1.047078	8	BCNA	4	2	2	1	1	4.15430662999202	0.623719030167736	4	AMP	2	2
JFCF_6_T_1_G	chr20	57472043	62892853	4344	0.666667	0.545098	5	GAIN	3	1	2	1	1	2.92754996969711	0.667821565482746	3	GAIN	2	1
JFCF_6_T_1_G	chr21	15412891	44369566	21152	0.571429	-3.8e-05	3	HET	2	1	1	NA	NA	1.9999467873416	0.572153318199489	2	NEUT	1	1
JFCF_6_T_1_G	chr21	44370143	44379846	17	0.535714	0.501528	5	GAIN	3	1	2	1	1	2.83985512703465	0.535969044273569	3	GAIN	2	1
JFCF_6_T_1_G	chr21	44380325	48097610	2694	0.571429	0.042268	3	HET	2	1	1	NA	NA	2.06006566342491	0.572132180428566	2	NEUT	1	1
JFCF_6_T_1_G	chr22	17046497	17046631	18	0.818182	-0.630866	1	DLOH	1	0	1	1	1	1.28439381461386	0.823206012022118	1	HETD	1	0
JFCF_6_T_1_G	chr22	17409897	51179770	25879	0.578947	0.022846	3	HET	2	1	1	NA	NA	2.0322470844393	0.579734829774779	2	NEUT	1	1
JFCF_6_T_1_G	chrX	2832224	2836373	64	1	-0.505459	1	DLOH	1	0	1	1	1	1.40287833784199	1	1	HETD	1	0
JFCF_6_T_1_G	chrX	3195822	3196014	12	1	-0.145999	2	NLOH	2	0	2	1	1	1.80555480047411	1	2	HLAMP	2	0
JFCF_6_T_1_G	chrX	3523520	15285217	15	0.818182	-0.072268	3	HET	2	1	1	NA	NA	1.90129228413057	0.82157590740688	2	HLAMP	1	1
JFCF_6_T_1_G	chrX	20554183	41795999	12	1	0.034801	2	NLOH	2	0	2	1	1	2.04932617101572	1	2	HLAMP	2	0
JFCF_6_T_1_G	chrX	46950314	122655125	377	0.666667	0.039216	3	HET	2	1	1	NA	NA	2.05566937422993	0.668311256701198	2	HLAMP	1	1
JFCF_6_T_1_G	chrX	123477824	130495297	12	0.978261	0.035376	2	NLOH	2	0	2	1	1	2.05015119698211	0.982991993425379	2	HLAMP	2	0
JFCF_6_T_1_G	chrX	130495310	154871281	26	0.8	0.06344	3	HET	2	1	1	NA	NA	2.09082050546535	0.80290989804012	2	HLAMP	1	1
