Sample	Chromosome	Start_Position.bp.	End_Position.bp.	Length.snp.	Median_Ratio	Median_logR	TITAN_state	TITAN_call	Copy_Number	MinorCN	MajorCN	Clonal_Cluster	Cellular_Prevalence	logR_Copy_Number	Corrected_Ratio	Corrected_Copy_Number	Corrected_Call	Corrected_MajorCN	Corrected_MinorCN
JFCF_6_T_5K	chr1	821038	26599542	18438	0.578947	-0.040823	3	HET	2	1	1	NA	NA	1.94235086124433	0.58164158582114	2	NEUT	1	1
JFCF_6_T_5K	chr1	26600483	26609093	11	0.611111	-1.161016	1	DLOH	1	0	1	1	1	0.857746662089549	0.619698803346345	1	HETD	1	0
JFCF_6_T_5K	chr1	26610030	45378752	12451	0.571429	-0.001024	3	HET	2	1	1	NA	NA	1.99853389954004	0.573798447672862	2	NEUT	1	1
JFCF_6_T_5K	chr1	45380077	45388132	17	0.565217	0.412599	5	GAIN	3	1	2	1	1	2.68411239027298	0.566827809535118	3	GAIN	2	1
JFCF_6_T_5K	chr1	45391661	144889822	45866	0.571429	0.004247	3	HET	2	1	1	NA	NA	2.00609171457735	0.573789520938794	2	NEUT	1	1
JFCF_6_T_5K	chr1	144906508	144914948	35	0.567164	0.305954	5	GAIN	3	1	2	1	1	2.48813306048965	0.568953563125461	3	GAIN	2	1
JFCF_6_T_5K	chr1	144915561	144949971	164	0.567366	0.240812	3	HET	2	1	1	NA	NA	2.37535818515713	0.569246163966784	2	NEUT	1	1
JFCF_6_T_5K	chr1	144990002	145001651	67	0.645669	0.261533	5	GAIN	3	1	2	1	1	2.41067998228362	0.64967500648997	3	GAIN	2	1
JFCF_6_T_5K	chr1	145001818	145049954	347	0.601562	0.172688	3	HET	2	1	1	NA	NA	2.26274316187889	0.604537637716413	2	NEUT	1	1
JFCF_6_T_5K	chr1	145060035	145529681	412	0.694846	0.26595	5	GAIN	3	1	2	1	1	2.41827518838203	0.700187581337282	3	GAIN	2	1
JFCF_6_T_5K	chr1	145530254	149223208	1167	0.64	0.129086	3	HET	2	1	1	NA	NA	2.1934065935024	0.644231486526108	2	NEUT	1	1
JFCF_6_T_5K	chr1	149223296	149223433	7	0.918033	0.004174	2	NLOH	2	0	2	1	1	2.00598685496724	0.931848498350174	2	NEUT	2	0
JFCF_6_T_5K	chr1	149223446	149918619	191	0.69697	0.004174	3	HET	2	1	1	NA	NA	2.00598685496724	0.703479626536742	2	NEUT	1	1
JFCF_6_T_5K	chr1	149931541	150911694	189	0.625	0.301277	5	GAIN	3	1	2	1	1	2.47986539637806	0.628341688589601	3	GAIN	2	1
JFCF_6_T_5K	chr1	150928155	150980281	13	0.631579	0.111119	3	HET	2	1	1	NA	NA	2.16543928191174	0.635607326301818	2	NEUT	1	1
JFCF_6_T_5K	chr1	150995961	151205803	62	0.651087	0.335004	5	GAIN	3	1	2	1	1	2.54009019092918	0.655030320094037	3	GAIN	2	1
JFCF_6_T_5K	chr1	151207334	151349916	90	0.615385	0.236827	3	HET	2	1	1	NA	NA	2.36862317603245	0.618614516080502	2	NEUT	1	1
JFCF_6_T_5K	chr1	151351060	151468289	107	0.6	0.34168	5	GAIN	3	1	2	1	1	2.55217906066616	0.602597603914722	3	GAIN	2	1
JFCF_6_T_5K	chr1	151486026	151564717	48	0.593171	0.187814	3	HET	2	1	1	NA	NA	2.28729052994844	0.595871495738034	2	NEUT	1	1
JFCF_6_T_5K	chr1	151588735	151648482	42	0.639423	0.375101	5	GAIN	3	1	2	1	1	2.61354584034918	0.642959619790111	3	GAIN	2	1
JFCF_6_T_5K	chr1	151650749	154869742	616	0.615385	0.148287	3	HET	2	1	1	NA	NA	2.22368226198137	0.618825017832777	2	NEUT	1	1
JFCF_6_T_5K	chr1	154872523	154879788	12	0.597148	0.492696	5	GAIN	3	1	2	1	1	2.84113073413836	0.599414870533824	3	GAIN	2	1
JFCF_6_T_5K	chr1	154880386	155745262	192	0.606602	0.125029	3	HET	2	1	1	NA	NA	2.18706101587878	0.609833383660452	2	NEUT	1	1
JFCF_6_T_5K	chr1	155800865	155909346	54	0.652586	0.340203	5	GAIN	3	1	2	1	1	2.54949969477668	0.656553745385718	3	GAIN	2	1
JFCF_6_T_5K	chr1	155910830	155950963	22	0.608403	0.189469	3	HET	2	1	1	NA	NA	2.28999201558909	0.611541277943087	2	NEUT	1	1
JFCF_6_T_5K	chr1	155960513	155978544	21	0.636364	0.377819	5	GAIN	3	1	2	1	1	2.61859935070948	0.639816349438119	3	GAIN	2	1
JFCF_6_T_5K	chr1	155981489	156718448	378	0.62963	0.180467	3	HET	2	1	1	NA	NA	2.27533523721283	0.633406975778357	2	NEUT	1	1
JFCF_6_T_5K	chr1	156720382	156749131	32	0.645768	0.347013	5	GAIN	3	1	2	1	1	2.56187630521501	0.649540142663334	3	GAIN	2	1
JFCF_6_T_5K	chr1	156750809	160247185	2227	0.619048	0.146085	3	HET	2	1	1	NA	NA	2.22018971184415	0.622602807511146	2	NEUT	1	1
JFCF_6_T_5K	chr1	160251792	160319055	41	0.677419	0.313379	5	GAIN	3	1	2	1	1	2.50131361659323	0.682121361911974	3	GAIN	2	1
JFCF_6_T_5K	chr1	160323353	160936157	557	0.631579	0.140517	3	HET	2	1	1	NA	NA	2.21138215840008	0.635523635250483	2	NEUT	1	1
JFCF_6_T_5K	chr1	160945858	161009523	29	0.62963	0.365429	5	GAIN	3	1	2	1	1	2.59563995233172	0.632940892972993	3	GAIN	2	1
JFCF_6_T_5K	chr1	161010762	162369901	896	0.62069	0.197746	3	HET	2	1	1	NA	NA	2.30354931249709	0.624163424352873	2	NEUT	1	1
JFCF_6_T_5K	chr1	162370017	162804195	85	0.615385	0.349493	5	GAIN	3	1	2	1	1	2.56639803103618	0.618365639223978	3	GAIN	2	1
JFCF_6_T_5K	chr1	162809906	162858869	32	0.630604	0.201052	3	HET	2	1	1	NA	NA	2.30898614452973	0.634353895996222	2	NEUT	1	1
JFCF_6_T_5K	chr1	162860422	162909181	77	0.615385	0.31696	5	GAIN	3	1	2	1	1	2.50769474960407	0.618435413786149	3	GAIN	2	1
JFCF_6_T_5K	chr1	162914749	162958403	46	0.609903	0.217684	3	HET	2	1	1	NA	NA	2.33652784945391	0.613021334193559	2	NEUT	1	1
JFCF_6_T_5K	chr1	162960301	163110202	233	0.62069	0.296834	5	GAIN	3	1	2	1	1	2.47203616636412	0.623926685768979	3	GAIN	2	1
JFCF_6_T_5K	chr1	163110762	165687761	2120	0.625	0.165539	3	HET	2	1	1	NA	NA	2.25123060287149	0.628681070205892	2	NEUT	1	1
JFCF_6_T_5K	chr1	165691320	165799852	61	0.625	0.354456	5	GAIN	3	1	2	1	1	2.57547032811691	0.62821764060271	3	GAIN	2	1
JFCF_6_T_5K	chr1	165800009	168218504	1137	0.619048	0.139682	3	HET	2	1	1	NA	NA	2.2100642703349	0.622619093913317	2	NEUT	1	1
JFCF_6_T_5K	chr1	168220052	168259677	74	0.612395	0.328778	5	GAIN	3	1	2	1	1	2.52886647952193	0.615341491300132	3	GAIN	2	1
JFCF_6_T_5K	chr1	168262299	172506105	2700	0.617647	0.14613	3	HET	2	1	1	NA	NA	2.22026103214155	0.621159860402878	2	NEUT	1	1
JFCF_6_T_5K	chr1	172507983	172625668	59	0.628571	0.292739	5	GAIN	3	1	2	1	1	2.46484148570389	0.632029104381217	3	GAIN	2	1
JFCF_6_T_5K	chr1	172634119	172866896	110	0.62963	0.252544	3	HET	2	1	1	NA	NA	2.39529467151276	0.63321781997923	2	NEUT	1	1
JFCF_6_T_5K	chr1	172871384	173256550	198	0.611111	0.274459	5	GAIN	3	1	2	1	1	2.4329724594525	0.614138637911145	3	GAIN	2	1
JFCF_6_T_5K	chr1	173261169	173749944	312	0.616516	0.185324	3	HET	2	1	1	NA	NA	2.2832318934379	0.619899137241537	2	NEUT	1	1
JFCF_6_T_5K	chr1	173758024	173859533	64	0.638095	0.291095	5	GAIN	3	1	2	1	1	2.46195881189967	0.64181361522169	3	GAIN	2	1
JFCF_6_T_5K	chr1	173862239	173917650	42	0.622024	0.204432	3	HET	2	1	1	NA	NA	2.31455756729711	0.625519113967191	2	NEUT	1	1
JFCF_6_T_5K	chr1	173921747	174279302	80	0.624631	0.300643	5	GAIN	3	1	2	1	1	2.47874671826685	0.627964327603525	3	GAIN	2	1
JFCF_6_T_5K	chr1	174281316	177939950	2041	0.62069	0.114318	3	HET	2	1	1	NA	NA	2.17039337166258	0.62437652262974	2	NEUT	1	1
JFCF_6_T_5K	chr1	177940209	177949888	30	0.577352	0.380232	5	GAIN	3	1	2	1	1	2.62309376713188	0.579306977678288	3	GAIN	2	1
JFCF_6_T_5K	chr1	177960702	177979808	39	0.612903	0.109193	3	HET	2	1	1	NA	NA	2.16246190053997	0.616364314714889	2	NEUT	1	1
JFCF_6_T_5K	chr1	177980111	178008506	38	0.625874	0.290616	5	GAIN	3	1	2	1	1	2.46111952656033	0.629264684637034	3	GAIN	2	1
JFCF_6_T_5K	chr1	178010857	178039226	42	0.59233	0.216147	3	HET	2	1	1	NA	NA	2.33396932335383	0.594952598227123	2	NEUT	1	1
JFCF_6_T_5K	chr1	178040083	178458708	301	0.62069	0.313218	5	GAIN	3	1	2	1	1	2.50102709588634	0.62388916737137	3	GAIN	2	1
JFCF_6_T_5K	chr1	178461407	178569516	122	0.612903	0.267663	3	HET	2	1	1	NA	NA	2.42122702312194	0.615994391730411	2	NEUT	1	1
JFCF_6_T_5K	chr1	178571703	178835347	172	0.615385	0.291455	5	GAIN	3	1	2	1	1	2.46258977346535	0.618491285390312	3	GAIN	2	1
JFCF_6_T_5K	chr1	178837999	179069429	174	0.635255	0.176561	3	HET	2	1	1	NA	NA	2.26900400369878	0.639206865342426	2	NEUT	1	1
JFCF_6_T_5K	chr1	179070120	179358503	338	0.612903	0.30897	5	GAIN	3	1	2	1	1	2.49347876061097	0.615904814699594	3	GAIN	2	1
JFCF_6_T_5K	chr1	179360003	179556848	235	0.628571	0.193317	3	HET	2	1	1	NA	NA	2.29628516608453	0.632282942778976	2	NEUT	1	1
JFCF_6_T_5K	chr1	179561645	179569349	22	0.622507	0.375884	5	GAIN	3	1	2	1	1	2.61500067676952	0.625612797746639	3	GAIN	2	1
JFCF_6_T_5K	chr1	179570963	179795691	218	0.615385	0.195349	3	HET	2	1	1	NA	NA	2.29961514660697	0.618711429053545	2	NEUT	1	1
JFCF_6_T_5K	chr1	179800027	180143064	158	0.612903	0.343571	5	GAIN	3	1	2	1	1	2.55561345377706	0.615831831504492	3	GAIN	2	1
JFCF_6_T_5K	chr1	180150902	180198727	48	0.610023	0.127664	3	HET	2	1	1	NA	NA	2.19118040348348	0.613351813152921	2	NEUT	1	1
JFCF_6_T_5K	chr1	180201104	180209356	13	0.548387	0.436294	5	GAIN	3	1	2	1	1	2.72965842930615	0.549562180190475	3	GAIN	2	1
JFCF_6_T_5K	chr1	180210926	183407953	1960	0.625	0.151046	3	HET	2	1	1	NA	NA	2.22806578977072	0.628719341653586	2	NEUT	1	1
JFCF_6_T_5K	chr1	183413886	183512085	44	0.63374	0.337213	5	GAIN	3	1	2	1	1	2.54408404681911	0.637225089499223	3	GAIN	2	1
JFCF_6_T_5K	chr1	183516100	183920782	128	0.612007	0.25014	3	HET	2	1	1	NA	NA	2.39119627582091	0.615112374703429	2	NEUT	1	1
JFCF_6_T_5K	chr1	183941728	183982631	84	0.63961	0.313965	5	GAIN	3	1	2	1	1	2.50235675081022	0.643308719296296	3	GAIN	2	1
JFCF_6_T_5K	chr1	184047713	188049571	1935	0.62069	0.198832	3	HET	2	1	1	NA	NA	2.30533390335526	0.624160735527043	2	NEUT	1	1
JFCF_6_T_5K	chr1	188050247	188148211	143	0.606061	0.293697	5	GAIN	3	1	2	1	1	2.46652280741817	0.608911720594494	3	GAIN	2	1
JFCF_6_T_5K	chr1	188150651	188168733	38	0.6	0.174453	3	HET	2	1	1	NA	NA	2.26559426256933	0.602926186046896	2	NEUT	1	1
JFCF_6_T_5K	chr1	188171193	188229884	99	0.612903	0.327103	5	GAIN	3	1	2	1	1	2.52585518901762	0.615866337419054	3	GAIN	2	1
JFCF_6_T_5K	chr1	188230222	188238557	49	0.6	0.159966	3	HET	2	1	1	NA	NA	2.24229547876639	0.602956590860499	2	NEUT	1	1
JFCF_6_T_5K	chr1	188240070	188299982	73	0.628571	0.394807	5	GAIN	3	1	2	1	1	2.65040135220576	0.631786995620295	3	GAIN	2	1
JFCF_6_T_5K	chr1	188300110	188309867	69	0.590909	0.124402	3	HET	2	1	1	NA	NA	2.18608191251578	0.593665922265835	2	NEUT	1	1
JFCF_6_T_5K	chr1	188310365	188319801	24	0.675439	0.353569	5	GAIN	3	1	2	1	1	2.57384661275474	0.679957846121838	3	GAIN	2	1
JFCF_6_T_5K	chr1	188320011	188379438	151	0.633333	0.172694	3	HET	2	1	1	NA	NA	2.26275284809853	0.637239470975979	2	NEUT	1	1
JFCF_6_T_5K	chr1	188382040	188647587	62	0.637331	0.291337	5	GAIN	3	1	2	1	1	2.46238294093948	0.641028405304958	3	GAIN	2	1
JFCF_6_T_5K	chr1	188658845	188689267	35	0.615385	0.177795	3	HET	2	1	1	NA	NA	2.27100234174569	0.618753339386989	2	NEUT	1	1
JFCF_6_T_5K	chr1	188691908	188709074	33	0.625	0.286294	5	GAIN	3	1	2	1	1	2.45355927191067	0.628377516897063	3	GAIN	2	1
JFCF_6_T_5K	chr1	188710525	188739478	29	0.607143	0.08501	3	HET	2	1	1	NA	NA	2.12541399880791	0.610484983774612	2	NEUT	1	1
JFCF_6_T_5K	chr1	188741281	188748654	22	0.586619	0.400054	5	GAIN	3	1	2	1	1	2.66029981367414	0.588777572564396	3	GAIN	2	1
JFCF_6_T_5K	chr1	188750786	189568547	219	0.625	0.249197	3	HET	2	1	1	NA	NA	2.38959049118035	0.628467932237515	2	NEUT	1	1
JFCF_6_T_5K	chr1	189570428	189619879	72	0.629101	0.301318	5	GAIN	3	1	2	1	1	2.47993775684046	0.632552222004988	3	GAIN	2	1
JFCF_6_T_5K	chr1	189620036	189629642	61	0.625	0.202074	3	HET	2	1	1	NA	NA	2.31066938167117	0.628586379758419	2	NEUT	1	1
JFCF_6_T_5K	chr1	189630103	189659086	95	0.615385	0.305666	5	GAIN	3	1	2	1	1	2.48762318003656	0.618460026272883	3	GAIN	2	1
JFCF_6_T_5K	chr1	189659839	190949551	957	0.615385	0.223527	3	HET	2	1	1	NA	NA	2.34627915910144	0.6186452713134	2	NEUT	1	1
JFCF_6_T_5K	chr1	190950058	190967918	31	0.647059	0.415255	5	GAIN	3	1	2	1	1	2.68918055201989	0.650684398226379	3	GAIN	2	1
JFCF_6_T_5K	chr1	190970034	191071622	70	0.612903	0.223933	3	HET	2	1	1	NA	NA	2.34695819598945	0.616092217945815	2	NEUT	1	1
JFCF_6_T_5K	chr1	191073058	191099459	37	0.647059	0.31206	5	GAIN	3	1	2	1	1	2.49896722414615	0.650960351850277	3	GAIN	2	1
JFCF_6_T_5K	chr1	191100951	191465731	189	0.615385	0.191884	3	HET	2	1	1	NA	NA	2.29393962725174	0.618719659092493	2	NEUT	1	1
JFCF_6_T_5K	chr1	191467283	191620729	108	0.611111	0.297034	5	GAIN	3	1	2	1	1	2.47238807824424	0.614090370318045	3	GAIN	2	1
JFCF_6_T_5K	chr1	191623693	191667931	48	0.615385	0.067271	3	HET	2	1	1	NA	NA	2.09863031338636	0.619029999591806	2	NEUT	1	1
JFCF_6_T_5K	chr1	191670376	191868216	234	0.636364	0.301117	5	GAIN	3	1	2	1	1	2.47958303375605	0.640009903312779	3	GAIN	2	1
JFCF_6_T_5K	chr1	191872824	191998251	85	0.617021	0.232321	3	HET	2	1	1	NA	NA	2.36103000703759	0.620306839678336	2	NEUT	1	1
JFCF_6_T_5K	chr1	192002807	192106932	152	0.612007	0.288607	5	GAIN	3	1	2	1	1	2.45760246789887	0.615028465238117	3	GAIN	2	1
JFCF_6_T_5K	chr1	192110704	192289966	157	0.612903	0.231769	3	HET	2	1	1	NA	NA	2.36010144809404	0.616074457397635	2	NEUT	1	1
JFCF_6_T_5K	chr1	192292525	192318928	31	0.675676	0.333875	5	GAIN	3	1	2	1	1	2.53805132736017	0.680264768041434	3	GAIN	2	1
JFCF_6_T_5K	chr1	192321625	192468271	53	0.625	0.244141	3	HET	2	1	1	NA	NA	2.38099877450422	0.628480446099998	2	NEUT	1	1
JFCF_6_T_5K	chr1	192480693	192570002	100	0.621156	0.320108	5	GAIN	3	1	2	1	1	2.51331739882463	0.624351815215506	3	GAIN	2	1
JFCF_6_T_5K	chr1	192570707	192627952	96	0.617216	0.247416	3	HET	2	1	1	NA	NA	2.38656058247252	0.620472105777938	2	NEUT	1	1
JFCF_6_T_5K	chr1	192640236	192739959	111	0.612903	0.264024	5	GAIN	3	1	2	1	1	2.41496049590901	0.616002413513971	3	GAIN	2	1
JFCF_6_T_5K	chr1	192740835	192857992	148	0.615385	0.234063	3	HET	2	1	1	NA	NA	2.36396268148666	0.618620882992381	2	NEUT	1	1
JFCF_6_T_5K	chr1	192860144	192869822	19	0.631579	0.358123	5	GAIN	3	1	2	1	1	2.58219363206136	0.634957172692398	3	GAIN	2	1
JFCF_6_T_5K	chr1	192870369	192902415	59	0.62069	0.169828	3	HET	2	1	1	NA	NA	2.25813064688592	0.624233286696501	2	NEUT	1	1
JFCF_6_T_5K	chr1	192925554	193265577	190	0.617647	0.32001	5	GAIN	3	1	2	1	1	2.51314217573783	0.620750472274334	3	GAIN	2	1
JFCF_6_T_5K	chr1	193271526	193719626	436	0.612903	0.204581	3	HET	2	1	1	NA	NA	2.31480347195265	0.616136519081606	2	NEUT	1	1
JFCF_6_T_5K	chr1	193720321	193738279	48	0.633333	0.274319	5	GAIN	3	1	2	1	1	2.43272994074392	0.636966522233137	3	GAIN	2	1
JFCF_6_T_5K	chr1	193740122	193939257	111	0.583333	0.212557	3	HET	2	1	1	NA	NA	2.32800393346365	0.585706107316516	2	NEUT	1	1
JFCF_6_T_5K	chr1	193940530	193958854	24	0.66092	0.333726	5	GAIN	3	1	2	1	1	2.53778236709562	0.66512377748374	3	GAIN	2	1
JFCF_6_T_5K	chr1	193960610	194520608	108	0.627315	0.227077	3	HET	2	1	1	NA	NA	2.35222302516012	0.63090327028663	2	NEUT	1	1
JFCF_6_T_5K	chr1	194521547	194569816	83	0.612903	0.311552	5	GAIN	3	1	2	1	1	2.49806410600747	0.61589930468999	3	GAIN	2	1
JFCF_6_T_5K	chr1	194570749	194639330	82	0.625	0.20714	3	HET	2	1	1	NA	NA	2.31903072669326	0.628573448942886	2	NEUT	1	1
JFCF_6_T_5K	chr1	194640303	194649445	22	0.642506	0.363923	5	GAIN	3	1	2	1	1	2.59286266190032	0.646149658847227	3	GAIN	2	1
JFCF_6_T_5K	chr1	194650365	194753070	118	0.61133	0.199017	3	HET	2	1	1	NA	NA	2.30563804217879	0.614531143559912	2	NEUT	1	1
JFCF_6_T_5K	chr1	194817748	194849689	26	0.62619	0.318668	5	GAIN	3	1	2	1	1	2.51074388935893	0.629522012310406	3	GAIN	2	1
JFCF_6_T_5K	chr1	194850696	194919874	93	0.612903	0.232926	3	HET	2	1	1	NA	NA	2.36204812926891	0.616071843642083	2	NEUT	1	1
JFCF_6_T_5K	chr1	194920755	194939774	33	0.611111	0.302279	5	GAIN	3	1	2	1	1	2.48163440460195	0.614079269476499	3	GAIN	2	1
JFCF_6_T_5K	chr1	194940699	194989903	75	0.625	0.229777	3	HET	2	1	1	NA	NA	2.35675351434457	0.628516251423148	2	NEUT	1	1
JFCF_6_T_5K	chr1	194990882	195039572	97	0.625	0.364262	5	GAIN	3	1	2	1	1	2.59348757604449	0.628195287293978	3	GAIN	2	1
JFCF_6_T_5K	chr1	195040330	195059982	104	0.616516	0.20995	3	HET	2	1	1	NA	NA	2.32368125808856	0.619840245450131	2	NEUT	1	1
JFCF_6_T_5K	chr1	195060202	195089900	117	0.633333	0.397564	5	GAIN	3	1	2	1	1	2.6555979420847	0.636661583061023	3	GAIN	2	1
JFCF_6_T_5K	chr1	195090016	195388740	322	0.616516	0.205468	3	HET	2	1	1	NA	NA	2.31626787303979	0.619850884941273	2	NEUT	1	1
JFCF_6_T_5K	chr1	195390096	195418174	38	0.60222	0.372399	5	GAIN	3	1	2	1	1	2.60853150632477	0.604817908562619	3	GAIN	2	1
JFCF_6_T_5K	chr1	195420201	197286600	885	0.615385	0.194943	3	HET	2	1	1	NA	NA	2.29894943101913	0.618712392300341	2	NEUT	1	1
JFCF_6_T_5K	chr1	197290325	197329729	43	0.628571	0.328876	5	GAIN	3	1	2	1	1	2.52904277077217	0.63194131830352	3	GAIN	2	1
JFCF_6_T_5K	chr1	197331446	197827444	129	0.611111	0.244697	3	HET	2	1	1	NA	NA	2.38194211860164	0.614203501533721	2	NEUT	1	1
JFCF_6_T_5K	chr1	197828593	198297440	251	0.628571	0.290195	5	GAIN	3	1	2	1	1	2.46038209663867	0.632035372120234	3	GAIN	2	1
JFCF_6_T_5K	chr1	198298135	198368144	39	0.619048	0.223647	3	HET	2	1	1	NA	NA	2.34647983976641	0.622411483857853	2	NEUT	1	1
JFCF_6_T_5K	chr1	198383451	198768785	159	0.617647	0.320665	5	GAIN	3	1	2	1	1	2.51431353574336	0.620749026439021	3	GAIN	2	1
JFCF_6_T_5K	chr1	198769899	200309904	1196	0.615385	0.216532	3	HET	2	1	1	NA	NA	2.33460994749593	0.618661567310034	2	NEUT	1	1
JFCF_6_T_5K	chr1	200310898	200429900	145	0.612903	0.303616	5	GAIN	3	1	2	1	1	2.48399676198318	0.61591627333082	3	GAIN	2	1
JFCF_6_T_5K	chr1	200431069	200496762	89	0.615385	0.232028	3	HET	2	1	1	NA	NA	2.36053708640016	0.618625578883389	2	NEUT	1	1
JFCF_6_T_5K	chr1	200501143	200619302	100	0.625	0.336261	5	GAIN	3	1	2	1	1	2.54236208790291	0.628259542745014	3	GAIN	2	1
JFCF_6_T_5K	chr1	200620365	200649869	40	0.609903	0.236988	3	HET	2	1	1	NA	NA	2.36889492007484	0.612978727262282	2	NEUT	1	1
JFCF_6_T_5K	chr1	200650034	200670438	50	0.602632	0.436624	5	GAIN	3	1	2	1	1	2.7302980449589	0.605124050307848	3	GAIN	2	1
JFCF_6_T_5K	chr1	200672410	200749922	95	0.6	0.204163	3	HET	2	1	1	NA	NA	2.31411368293242	0.6028648334643	2	NEUT	1	1
JFCF_6_T_5K	chr1	200750830	200798900	31	0.592593	0.348039	5	GAIN	3	1	2	1	1	2.56374604432233	0.594987347732109	3	GAIN	2	1
JFCF_6_T_5K	chr1	200800298	202298894	1118	0.615385	0.167199	3	HET	2	1	1	NA	NA	2.25389873948781	0.618778899868538	2	NEUT	1	1
JFCF_6_T_5K	chr1	202301291	202326077	22	0.653125	0.364337	5	GAIN	3	1	2	1	1	2.59362585122432	0.657039018254123	3	GAIN	2	1
JFCF_6_T_5K	chr1	202330273	203770448	650	0.615385	0.121935	3	HET	2	1	1	NA	NA	2.18223365162588	0.618890356371875	2	NEUT	1	1
JFCF_6_T_5K	chr1	203772695	203839273	117	0.636364	0.337789	5	GAIN	3	1	2	1	1	2.54512645617944	0.639916012111277	3	GAIN	2	1
JFCF_6_T_5K	chr1	203840037	203938853	100	0.615385	0.230944	3	HET	2	1	1	NA	NA	2.35871431832474	0.618628083139072	2	NEUT	1	1
JFCF_6_T_5K	chr1	203940542	203949301	13	0.583333	0.438018	5	GAIN	3	1	2	1	1	2.73300155147702	0.585354441650626	3	GAIN	2	1
JFCF_6_T_5K	chr1	203954950	205575893	1115	0.625	0.150673	3	HET	2	1	1	NA	NA	2.22747267333444	0.628720332014856	2	NEUT	1	1
JFCF_6_T_5K	chr1	205580316	205609997	35	0.615385	0.325377	5	GAIN	3	1	2	1	1	2.52275586676337	0.61841720249586	3	GAIN	2	1
JFCF_6_T_5K	chr1	205611528	206262657	280	0.629101	0.182123	3	HET	2	1	1	NA	NA	2.2780246253257	0.632858121701959	2	NEUT	1	1
JFCF_6_T_5K	chr1	206292350	206598126	24	0.606602	0.393142	5	GAIN	3	1	2	1	1	2.64726784790165	0.609271632858165	3	GAIN	2	1
JFCF_6_T_5K	chr1	206600992	207159378	262	0.619048	0.183317	3	HET	2	1	1	NA	NA	2.27996562933114	0.622509607912988	2	NEUT	1	1
JFCF_6_T_5K	chr1	207161286	207337416	57	0.625	0.295361	5	GAIN	3	1	2	1	1	2.46944583761024	0.628355788482019	3	GAIN	2	1
JFCF_6_T_5K	chr1	207345231	209436565	1522	0.617647	0.177173	3	HET	2	1	1	NA	NA	2.2699948620846	0.621082896351193	2	NEUT	1	1
JFCF_6_T_5K	chr1	209443090	209449735	9	0.677419	0.431352	5	GAIN	3	1	2	1	1	2.72009718135614	0.681743140314247	3	GAIN	2	1
JFCF_6_T_5K	chr1	209460923	210289256	516	0.619048	0.175381	3	HET	2	1	1	NA	NA	2.26709471122605	0.622529260409965	2	NEUT	1	1
JFCF_6_T_5K	chr1	210301331	210345621	31	0.6	0.298732	5	GAIN	3	1	2	1	1	2.47537777624328	0.602678197397861	3	GAIN	2	1
JFCF_6_T_5K	chr1	210359333	210539797	198	0.615385	0.188151	3	HET	2	1	1	NA	NA	2.28784036973792	0.618728549111568	2	NEUT	1	1
JFCF_6_T_5K	chr1	210540254	210579819	75	0.617647	0.326596	5	GAIN	3	1	2	1	1	2.52494440089858	0.620735965864392	3	GAIN	2	1
JFCF_6_T_5K	chr1	210580381	211929747	822	0.626786	0.154809	3	HET	2	1	1	NA	NA	2.23405801319118	0.630548364995847	2	NEUT	1	1
JFCF_6_T_5K	chr1	211931028	212028624	100	0.611111	0.341163	5	GAIN	3	1	2	1	1	2.55124087984698	0.613998285051442	3	GAIN	2	1
JFCF_6_T_5K	chr1	212031580	212469454	305	0.625	0.187866	3	HET	2	1	1	NA	NA	2.28737536331648	0.628622902489781	2	NEUT	1	1
JFCF_6_T_5K	chr1	212480918	212546824	43	0.617647	0.323465	5	GAIN	3	1	2	1	1	2.51932687640832	0.620742853553939	3	GAIN	2	1
JFCF_6_T_5K	chr1	212549356	212911615	220	0.633333	0.145761	3	HET	2	1	1	NA	NA	2.21967627136768	0.637315282660284	2	NEUT	1	1
JFCF_6_T_5K	chr1	212913590	212939975	59	0.625	0.308869	5	GAIN	3	1	2	1	1	2.49329956255198	0.628323683212113	3	GAIN	2	1
JFCF_6_T_5K	chr1	212940446	214629641	950	0.614144	0.169083	3	HET	2	1	1	NA	NA	2.25693063552521	0.617496887234138	2	NEUT	1	1
JFCF_6_T_5K	chr1	214630068	214659762	35	0.659574	0.291079	5	GAIN	3	1	2	1	1	2.46193077281755	0.663871049593327	3	GAIN	2	1
JFCF_6_T_5K	chr1	214660748	214970458	197	0.625	0.212531	3	HET	2	1	1	NA	NA	2.32796078420296	0.628559741192831	2	NEUT	1	1
JFCF_6_T_5K	chr1	214970828	215128675	100	0.62963	0.288815	5	GAIN	3	1	2	1	1	2.45796637614604	0.633126339967055	3	GAIN	2	1
JFCF_6_T_5K	chr1	215132091	215178824	49	0.638889	0.255561	3	HET	2	1	1	NA	NA	2.40044779682793	0.642724832695385	2	NEUT	1	1
JFCF_6_T_5K	chr1	215184571	215209359	95	0.62069	0.35471	5	GAIN	3	1	2	1	1	2.57593547672717	0.623796135364166	3	GAIN	2	1
JFCF_6_T_5K	chr1	215210214	215379943	102	0.622845	0.241398	3	HET	2	1	1	NA	NA	2.37635014787011	0.626272134295317	2	NEUT	1	1
JFCF_6_T_5K	chr1	215380352	215439416	81	0.642857	0.315044	5	GAIN	3	1	2	1	1	2.50427857933304	0.646638838321606	3	GAIN	2	1
JFCF_6_T_5K	chr1	215441030	216076923	378	0.615385	0.223541	3	HET	2	1	1	NA	NA	2.34630257098559	0.618645238781749	2	NEUT	1	1
JFCF_6_T_5K	chr1	216080030	216100783	32	0.6	0.440696	5	GAIN	3	1	2	1	1	2.7382025671492	0.602421132168451	3	GAIN	2	1
JFCF_6_T_5K	chr1	216102796	216284131	133	0.628571	0.234954	3	HET	2	1	1	NA	NA	2.36546405826808	0.632174385606695	2	NEUT	1	1
JFCF_6_T_5K	chr1	216286427	216297936	28	0.607143	0.363884	5	GAIN	3	1	2	1	1	2.59279077854052	0.609882557374679	3	GAIN	2	1
JFCF_6_T_5K	chr1	216306872	218209943	1742	0.618347	0.15739	3	HET	2	1	1	NA	NA	2.23817705865857	0.621852475085514	2	NEUT	1	1
JFCF_6_T_5K	chr1	218210100	218228145	33	0.6	0.346458	5	GAIN	3	1	2	1	1	2.56086545068081	0.602588792908779	3	GAIN	2	1
JFCF_6_T_5K	chr1	218235560	218279359	59	0.625	0.14408	3	HET	2	1	1	NA	NA	2.21701425300395	0.628737882103191	2	NEUT	1	1
JFCF_6_T_5K	chr1	218280072	218359473	96	0.633333	0.30612	5	GAIN	3	1	2	1	1	2.48842699616264	0.636885195158042	3	GAIN	2	1
JFCF_6_T_5K	chr1	218361027	218379881	24	0.613815	0.173336	3	HET	2	1	1	NA	NA	2.26378950639552	0.617148093767914	2	NEUT	1	1
JFCF_6_T_5K	chr1	218382200	218722181	236	0.612903	0.286885	5	GAIN	3	1	2	1	1	2.45459174183945	0.615952371131314	3	GAIN	2	1
JFCF_6_T_5K	chr1	218741315	220168633	721	0.621622	0.192783	3	HET	2	1	1	NA	NA	2.29541084089285	0.625134657318421	2	NEUT	1	1
JFCF_6_T_5K	chr1	220173744	220288729	72	0.630682	0.32067	5	GAIN	3	1	2	1	1	2.51432247946826	0.634127711128425	3	GAIN	2	1
JFCF_6_T_5K	chr1	220311766	221469855	438	0.625	0.087454	3	HET	2	1	1	NA	NA	2.12913001470889	0.628892170906226	2	NEUT	1	1
JFCF_6_T_5K	chr1	221471684	221479804	28	0.61133	0.354043	5	GAIN	3	1	2	1	1	2.5747141786154	0.614196601050909	3	GAIN	2	1
JFCF_6_T_5K	chr1	221480758	224269810	1435	0.619048	0.153262	3	HET	2	1	1	NA	NA	2.23159266916169	0.622584643211325	2	NEUT	1	1
JFCF_6_T_5K	chr1	224270107	224559936	166	0.619048	0.323141	5	GAIN	3	1	2	1	1	2.51874626334429	0.622181442688806	3	GAIN	2	1
JFCF_6_T_5K	chr1	224560371	224579310	28	0.632997	0.164545	3	HET	2	1	1	NA	NA	2.24963440444948	0.636916349304224	2	NEUT	1	1
JFCF_6_T_5K	chr1	224580405	224639577	59	0.62069	0.329188	5	GAIN	3	1	2	1	1	2.52960410430656	0.623853026287967	3	GAIN	2	1
JFCF_6_T_5K	chr1	224640099	225519481	448	0.619048	0.121484	3	HET	2	1	1	NA	NA	2.18153085018129	0.622665802179225	2	NEUT	1	1
JFCF_6_T_5K	chr1	225520055	225558622	65	0.611111	0.287986	5	GAIN	3	1	2	1	1	2.45651630393661	0.614109620299489	3	GAIN	2	1
JFCF_6_T_5K	chr1	225561038	225717653	106	0.625	0.22137	3	HET	2	1	1	NA	NA	2.34267476933358	0.628537382997974	2	NEUT	1	1
JFCF_6_T_5K	chr1	225720734	225803307	31	0.611111	0.303601	5	GAIN	3	1	2	1	1	2.48397024620262	0.614076478216283	3	GAIN	2	1
JFCF_6_T_5K	chr1	225814140	226348676	274	0.625	0.199235	3	HET	2	1	1	NA	NA	2.30599648285217	0.628593647241202	2	NEUT	1	1
JFCF_6_T_5K	chr1	226350383	226369602	23	0.619048	0.351897	5	GAIN	3	1	2	1	1	2.57078861330824	0.622118010121788	3	GAIN	2	1
JFCF_6_T_5K	chr1	226371085	227239746	693	0.612903	0.117225	3	HET	2	1	1	NA	NA	2.17490479613417	0.616344512111257	2	NEUT	1	1
JFCF_6_T_5K	chr1	227240130	227278564	64	0.602326	0.297532	5	GAIN	3	1	2	1	1	2.47326455082981	0.605068833821479	3	GAIN	2	1
JFCF_6_T_5K	chr1	227279904	227319980	96	0.629101	0.178749	3	HET	2	1	1	NA	NA	2.27254842007752	0.632867175313051	2	NEUT	1	1
JFCF_6_T_5K	chr1	227330269	227358442	53	0.642857	0.349089	5	GAIN	3	1	2	1	1	2.56566089723471	0.646548359489286	3	GAIN	2	1
JFCF_6_T_5K	chr1	227360259	227379283	41	0.625	0.157569	3	HET	2	1	1	NA	NA	2.238463000017	0.628702066059953	2	NEUT	1	1
JFCF_6_T_5K	chr1	227380472	227409065	70	0.626786	0.368104	5	GAIN	3	1	2	1	1	2.60058020837478	0.630018102451773	3	GAIN	2	1
JFCF_6_T_5K	chr1	227410007	227440267	67	0.666667	0.201206	3	HET	2	1	1	NA	NA	2.30923970670837	0.671451809735502	2	NEUT	1	1
JFCF_6_T_5K	chr1	227440663	227509265	230	0.618347	0.302351	5	GAIN	3	1	2	1	1	2.48176156628612	0.62150841325689	3	GAIN	2	1
JFCF_6_T_5K	chr1	227510014	234728687	4815	0.619048	0.105234	3	HET	2	1	1	NA	NA	2.15635419615255	0.622708042064478	2	NEUT	1	1
JFCF_6_T_5K	chr1	234730442	234747854	22	0.614144	0.331411	5	GAIN	3	1	2	1	1	2.53360712148951	0.617130743229447	3	GAIN	2	1
JFCF_6_T_5K	chr1	234751532	234819885	70	0.622845	0.095508	3	HET	2	1	1	NA	NA	2.14142048795773	0.626648116265696	2	NEUT	1	1
JFCF_6_T_5K	chr1	234820331	234829747	22	0.600446	0.403069	5	GAIN	3	1	2	1	1	2.66600391647273	0.602943790071626	3	GAIN	2	1
JFCF_6_T_5K	chr1	234830361	235159188	229	0.612903	0.092709	3	HET	2	1	1	NA	NA	2.13714140861227	0.616405323789415	2	NEUT	1	1
JFCF_6_T_5K	chr1	235160328	235178886	36	0.630075	0.383736	5	GAIN	3	1	2	1	1	2.62963366156051	0.633354311374649	3	GAIN	2	1
JFCF_6_T_5K	chr1	235180288	235359879	146	0.606602	0.211	3	HET	2	1	1	NA	NA	2.3254213271632	0.609641119469909	2	NEUT	1	1
JFCF_6_T_5K	chr1	235361317	235576487	261	0.608696	0.333896	5	GAIN	3	1	2	1	1	2.53808923674499	0.611535165743457	3	GAIN	2	1
JFCF_6_T_5K	chr1	235579194	235616309	36	0.6325	0.211488	3	HET	2	1	1	NA	NA	2.32623047615266	0.636276132357822	2	NEUT	1	1
JFCF_6_T_5K	chr1	235622693	235638754	18	0.6	0.379756	5	GAIN	3	1	2	1	1	2.62220658162515	0.602528233422002	3	GAIN	2	1
JFCF_6_T_5K	chr1	235640283	236589826	472	0.619048	0.177406	3	HET	2	1	1	NA	NA	2.27037221114289	0.622524234876862	2	NEUT	1	1
JFCF_6_T_5K	chr1	236590110	236601563	47	0.653846	0.305613	5	GAIN	3	1	2	1	1	2.48752935895858	0.657946171902345	3	GAIN	2	1
JFCF_6_T_5K	chr1	236608567	238539081	2333	0.612903	0.127872	3	HET	2	1	1	NA	NA	2.19150589766338	0.616318441959206	2	NEUT	1	1
JFCF_6_T_5K	chr1	238540156	238549854	20	0.629167	0.384598	5	GAIN	3	1	2	1	1	2.63124494132966	0.632421425738218	3	GAIN	2	1
JFCF_6_T_5K	chr1	238550007	238789582	222	0.626453	0.221413	3	HET	2	1	1	NA	NA	2.34274657055456	0.630031391862921	2	NEUT	1	1
JFCF_6_T_5K	chr1	238791494	238829257	58	0.603571	0.330487	5	GAIN	3	1	2	1	1	2.53194250019394	0.606282867098256	3	GAIN	2	1
JFCF_6_T_5K	chr1	238830457	240249352	1306	0.606061	0.210858	3	HET	2	1	1	NA	NA	2.32518592947569	0.609085002199034	2	NEUT	1	1
JFCF_6_T_5K	chr1	240251226	240279926	22	0.663121	0.360166	5	GAIN	3	1	2	1	1	2.5859468135168	0.667302906882008	3	GAIN	2	1
JFCF_6_T_5K	chr1	240280566	240339918	119	0.607143	0.156607	3	HET	2	1	1	NA	NA	2.23692668183049	0.610318383062862	2	NEUT	1	1
JFCF_6_T_5K	chr1	240340037	240349956	34	0.623482	0.345013	5	GAIN	3	1	2	1	1	2.5582354097165	0.626681979678917	3	GAIN	2	1
JFCF_6_T_5K	chr1	240350177	240450588	156	0.629101	0.194702	3	HET	2	1	1	NA	NA	2.29855435346995	0.632824564659016	2	NEUT	1	1
JFCF_6_T_5K	chr1	240452857	240468984	35	0.617647	0.350216	5	GAIN	3	1	2	1	1	2.56771772397228	0.620684509532706	3	GAIN	2	1
JFCF_6_T_5K	chr1	240470131	240609633	199	0.606061	0.179979	3	HET	2	1	1	NA	NA	2.27454330092305	0.609152331504238	2	NEUT	1	1
JFCF_6_T_5K	chr1	240610128	240614637	24	0.625	0.348085	5	GAIN	3	1	2	1	1	2.56382990392989	0.628232249489766	3	GAIN	2	1
JFCF_6_T_5K	chr1	240646941	243396326	1944	0.615385	0.137641	3	HET	2	1	1	NA	NA	2.20684615056557	0.618851261856852	2	NEUT	1	1
JFCF_6_T_5K	chr1	243401997	243474536	60	0.625	0.354278	5	GAIN	3	1	2	1	1	2.57514440663175	0.62821804784131	3	GAIN	2	1
JFCF_6_T_5K	chr1	243481431	244549434	801	0.605263	0.148356	3	HET	2	1	1	NA	NA	2.22379178772307	0.608401092150028	2	NEUT	1	1
JFCF_6_T_5K	chr1	244550565	244679811	99	0.608696	0.296288	5	GAIN	3	1	2	1	1	2.47107569528245	0.611612161584431	3	GAIN	2	1
JFCF_6_T_5K	chr1	244693406	247069949	2240	0.611111	0.107261	3	HET	2	1	1	NA	NA	2.15947923456854	0.6145220814946	2	NEUT	1	1
JFCF_6_T_5K	chr1	247075741	247098587	25	0.62963	0.323378	5	GAIN	3	1	2	1	1	2.51917095824257	0.633041394550448	3	GAIN	2	1
JFCF_6_T_5K	chr1	247100390	247349949	321	0.619048	0.165725	3	HET	2	1	1	NA	NA	2.25152941005664	0.622553327102805	2	NEUT	1	1
JFCF_6_T_5K	chr1	247350191	247359827	28	0.618634	0.34688	5	GAIN	3	1	2	1	1	2.56163402896882	0.621704267117227	3	GAIN	2	1
JFCF_6_T_5K	chr1	247360087	249209648	1133	0.611111	0.110286	3	HET	2	1	1	NA	NA	2.16415106892772	0.614514717864603	2	NEUT	1	1
JFCF_6_T_5K	chr2	11594	34063796	24543	0.571429	-0.037727	3	HET	2	1	1	NA	NA	1.94666601200876	0.573861580354405	2	NEUT	1	1
JFCF_6_T_5K	chr2	34065001	34065441	12	0.913651	-0.003184	2	NLOH	2	0	2	1	1	1.99544475438163	0.927393901741616	2	NEUT	2	0
JFCF_6_T_5K	chr2	34065813	162135266	81341	0.571429	-0.017615	3	HET	2	1	1	NA	NA	1.97492436641676	0.573826773594739	2	NEUT	1	1
JFCF_6_T_5K	chr2	162135292	162135292	1	0.893424	-0.354091	1	DLOH	1	0	1	1	1	1.55029647104754	0.910248034972891	1	HETD	1	0
JFCF_6_T_5K	chr2	162135560	162136964	9	0.721044	-0.354091	5	GAIN	3	1	2	1	1	1.55029647104754	0.730496529552208	3	GAIN	2	1
JFCF_6_T_5K	chr2	162137158	197019412	20949	0.571429	0.028558	3	HET	2	1	1	NA	NA	2.04130961797352	0.573748795809369	2	NEUT	1	1
JFCF_6_T_5K	chr2	197020285	197029090	20	0.5625	0.391517	5	GAIN	3	1	2	1	1	2.64421310807198	0.564066995087031	3	GAIN	2	1
JFCF_6_T_5K	chr2	197030087	242999159	31514	0.571429	-0.025669	3	HET	2	1	1	NA	NA	1.96356078600017	0.573840650065108	2	NEUT	1	1
JFCF_6_T_5K	chr3	65982	28838892	25084	0.571429	-0.040932	3	HET	2	1	1	NA	NA	1.94219910763262	0.573867175096874	2	NEUT	1	1
JFCF_6_T_5K	chr3	28851622	28851695	9	0.962963	0.097021	2	NLOH	2	0	2	1	1	2.14373700415698	0.977280225006662	2	NEUT	2	0
JFCF_6_T_5K	chr3	28872081	37248864	5652	0.566667	0.014082	3	HET	2	1	1	NA	NA	2.02026765522434	0.568854691467404	2	NEUT	1	1
JFCF_6_T_5K	chr3	37270341	37299976	26	0.57634	0.424726	5	GAIN	3	1	2	1	1	2.70732919872651	0.578209369530661	3	GAIN	2	1
JFCF_6_T_5K	chr3	37302282	46639048	5027	0.571429	-0.029059	3	HET	2	1	1	NA	NA	1.95879669218679	0.573846515567741	2	NEUT	1	1
JFCF_6_T_5K	chr3	46640448	46696797	52	0.658493	0.540184	5	GAIN	3	1	2	1	1	2.93842456591134	0.662068852621531	3	GAIN	2	1
JFCF_6_T_5K	chr3	46703814	56735180	4622	0.571429	0.02156	3	HET	2	1	1	NA	NA	2.03111113051464	0.573760443822181	2	NEUT	1	1
JFCF_6_T_5K	chr3	56758381	56959680	120	1	-1.075666	1	DLOH	1	0	1	1	1	0.914062501517419	1	1	HETD	1	0
JFCF_6_T_5K	chr3	56960518	60549782	2142	0.571429	-0.081864	3	HET	2	1	1	NA	NA	1.88601509104768	0.573939807850837	2	NEUT	1	1
JFCF_6_T_5K	chr3	60565903	60576324	9	1	-0.874939	1	DLOH	1	0	1	1	1	1.06040774714474	1	1	HETD	1	0
JFCF_6_T_5K	chr3	60593361	75764922	10826	0.571429	-0.032741	3	HET	2	1	1	NA	NA	1.95363490652677	0.573852902993123	2	NEUT	1	1
JFCF_6_T_5K	chr3	75780893	75786845	16	1	-0.979158	1	DLOH	1	0	1	1	1	0.981886025187979	1	1	HETD	1	0
JFCF_6_T_5K	chr3	75930081	161229396	52363	0.567568	0.018102	3	HET	2	1	1	NA	NA	2.02608987050662	0.569778886409724	2	NEUT	1	1
JFCF_6_T_5K	chr3	161230518	161238856	31	0.6	0.372417	5	GAIN	3	1	2	1	1	2.60856487941136	0.602541455024325	3	GAIN	2	1
JFCF_6_T_5K	chr3	161241296	196619118	25900	0.571429	0.022548	3	HET	2	1	1	NA	NA	2.0325479882164	0.57375879566773	2	NEUT	1	1
JFCF_6_T_5K	chr3	196620844	196629709	15	0.518519	0.488663	5	GAIN	3	1	2	1	1	2.83301448251442	0.518952363977192	3	GAIN	2	1
JFCF_6_T_5K	chr3	196631138	197794027	695	0.571429	0.061313	3	HET	2	1	1	NA	NA	2.08970810177021	0.573695068401318	2	NEUT	1	1
JFCF_6_T_5K	chr4	40094	68562	97	0.788235	-0.40955	3	HET	2	1	1	NA	NA	1.48933193927539	0.80106537304057	2	NEUT	1	1
JFCF_6_T_5K	chr4	68603	3523863	1796	1	-1.010425	1	DLOH	1	0	1	1	1	0.959413569960867	1	1	HETD	1	0
JFCF_6_T_5K	chr4	3580011	3609994	685	0.636364	-0.563628	3	HET	2	1	1	NA	NA	1.33175704739684	0.643152265183017	2	NEUT	1	1
JFCF_6_T_5K	chr4	3610011	3619747	62	0.62069	-0.763231	1	DLOH	1	0	1	1	1	1.15111489245127	0.627640830305942	1	HETD	1	0
JFCF_6_T_5K	chr4	3619781	3635994	460	0.633333	-0.554532	3	HET	2	1	1	NA	NA	1.34059942816883	0.639926601445127	2	NEUT	1	1
JFCF_6_T_5K	chr4	3636949	33857655	18947	1	-1.007502	1	DLOH	1	0	1	1	1	0.961493834199186	1	1	HETD	1	0
JFCF_6_T_5K	chr4	33857709	33860002	61	0.62963	-0.693921	3	HET	2	1	1	NA	NA	1.21102944562855	0.636726347747462	2	NEUT	1	1
JFCF_6_T_5K	chr4	33860089	33860146	6	0.78745	-0.902454	1	DLOH	1	0	1	1	1	1.03912294158076	0.805789160487733	1	HETD	1	0
JFCF_6_T_5K	chr4	33860167	33860507	19	0.592593	-0.902454	3	HET	2	1	1	NA	NA	1.03912294158076	0.598500385239313	2	NEUT	1	1
JFCF_6_T_5K	chr4	33860515	35725647	1356	1	-0.939444	1	DLOH	1	0	1	1	1	1.01114080673338	1	1	HETD	1	0
JFCF_6_T_5K	chr4	35733582	68264282	18638	0.571429	0.012464	3	HET	2	1	1	NA	NA	2.01792886105334	0.573775674151302	2	NEUT	1	1
JFCF_6_T_5K	chr4	68264417	68266049	14	0.732805	0.199648	5	GAIN	3	1	2	1	1	2.30667569558473	0.739495981593046	3	GAIN	2	1
JFCF_6_T_5K	chr4	68266082	79717284	6361	0.565217	0.032788	3	HET	2	1	1	NA	NA	2.0474982107718	0.567328647184273	2	NEUT	1	1
JFCF_6_T_5K	chr4	79744802	80010206	45	1	-0.907096	1	DLOH	1	0	1	1	1	1.03557187511816	1	1	HETD	1	0
JFCF_6_T_5K	chr4	80079466	87626028	4417	0.566667	0.040986	3	HET	2	1	1	NA	NA	2.05954386751826	0.568812971436157	2	NEUT	1	1
JFCF_6_T_5K	chr4	87668029	89989715	1733	0.653061	0.633629	5	GAIN	3	1	2	1	1	3.13948486995141	0.656293140441566	3	GAIN	2	1
JFCF_6_T_5K	chr4	89990369	90067301	103	0.56	0.133628	3	HET	2	1	1	NA	NA	2.20053196640724	0.561807622089639	2	NEUT	1	1
JFCF_6_T_5K	chr4	90072258	90133047	50	0.644444	0.585079	5	GAIN	3	1	2	1	1	3.03339804529777	0.647600851662678	3	GAIN	2	1
JFCF_6_T_5K	chr4	90143816	90513701	116	0.571429	0.03513	3	HET	2	1	1	NA	NA	2.05093242598406	0.573737911516248	2	NEUT	1	1
JFCF_6_T_5K	chr4	90543139	107819408	8849	0.666667	0.583143	5	GAIN	3	1	2	1	1	3.0292412541076	0.670314538014769	3	GAIN	2	1
JFCF_6_T_5K	chr4	107845794	118390678	6736	0.566667	0.021886	3	HET	2	1	1	NA	NA	2.03158512661337	0.568842504365192	2	NEUT	1	1
JFCF_6_T_5K	chr4	118393956	118554042	180	1	-0.981331	1	DLOH	1	0	1	1	1	0.980308433311111	1	1	HETD	1	0
JFCF_6_T_5K	chr4	118754662	130952308	7487	0.566667	0.055379	3	HET	2	1	1	NA	NA	2.08085837961515	0.56879098996227	2	NEUT	1	1
JFCF_6_T_5K	chr4	131022733	131265231	91	1	-0.941112	1	DLOH	1	0	1	1	1	1.00989582757884	1	1	HETD	1	0
JFCF_6_T_5K	chr4	131269173	132057900	434	0.567117	0.024631	3	HET	2	1	1	NA	NA	2.03558054084334	0.569302890068393	2	NEUT	1	1
JFCF_6_T_5K	chr4	132153113	133069698	457	1	-0.843086	1	DLOH	1	0	1	1	1	1.08556067384199	1	1	HETD	1	0
JFCF_6_T_5K	chr4	133070640	133076708	10	1	-0.199883	2	NLOH	2	0	2	1	1	1.73266509763538	1	2	NEUT	2	0
JFCF_6_T_5K	chr4	133077082	133078218	3	0.705882	-0.199883	3	HET	2	1	1	NA	NA	1.73266509763538	0.713759489311992	2	NEUT	1	1
JFCF_6_T_5K	chr4	133080569	142969757	6940	0.66	0.608202	5	GAIN	3	1	2	1	1	3.08347909306929	0.663440036462169	3	GAIN	2	1
JFCF_6_T_5K	chr4	143010635	145778772	843	1	-0.969863	1	DLOH	1	0	1	1	1	0.988661053981242	1	1	HETD	1	0
JFCF_6_T_5K	chr4	145822014	169067538	15251	0.571429	-0.001636	3	HET	2	1	1	NA	NA	1.99765817212217	0.573799486384249	2	NEUT	1	1
JFCF_6_T_5K	chr4	169072888	169079335	7	0.548387	0.795882	5	GAIN	3	1	2	1	1	3.5210795653595	0.549298038916712	3	GAIN	2	1
JFCF_6_T_5K	chr4	169080031	177229719	4814	0.571429	0.036205	3	HET	2	1	1	NA	NA	2.05251063075988	0.573736136161164	2	NEUT	1	1
JFCF_6_T_5K	chr4	177230100	177248622	64	0.565942	0.307976	5	GAIN	3	1	2	1	1	2.49171571352817	0.567696477064803	3	GAIN	2	1
JFCF_6_T_5K	chr4	177250045	179118018	1707	0.571429	0.064234	3	HET	2	1	1	NA	NA	2.09407774751341	0.573690339868123	2	NEUT	1	1
JFCF_6_T_5K	chr4	179120888	190200768	9148	0.941176	-0.889761	1	DLOH	1	0	1	1	1	1.04889145180817	0.969060663246316	1	HETD	1	0
JFCF_6_T_5K	chr4	190200847	190201162	2	0.620136	-0.780826	3	HET	2	1	1	NA	NA	1.13635761922047	0.627144776494822	2	NEUT	1	1
JFCF_6_T_5K	chr4	190201174	190539992	274	0.928571	-0.936895	1	DLOH	1	0	1	1	1	1.01304613856473	0.956617432453854	1	HETD	1	0
JFCF_6_T_5K	chr4	190540038	190553349	305	0.824176	-0.322983	3	HET	2	1	1	NA	NA	1.58553263349665	0.83773069486296	2	NEUT	1	1
JFCF_6_T_5K	chr4	190553503	190553703	5	0.925926	-0.443591	2	NLOH	2	0	2	1	1	1.45305590864004	0.945358823144694	2	NEUT	2	0
JFCF_6_T_5K	chr4	190553774	190554644	18	0.817254	-0.443591	3	HET	2	1	1	NA	NA	1.45305590864004	0.831728676056279	2	NEUT	1	1
JFCF_6_T_5K	chr4	190554661	190555086	10	0.948148	-0.443591	2	NLOH	2	0	2	1	1	1.45305590864004	0.968594699254444	2	NEUT	2	0
JFCF_6_T_5K	chr4	190555100	190556141	11	0.807018	-0.443591	3	HET	2	1	1	NA	NA	1.45305590864004	0.821025659772443	2	NEUT	1	1
JFCF_6_T_5K	chr4	190556243	190556854	13	0.883333	-0.443591	1	DLOH	1	0	1	1	1	1.45305590864004	0.900822522580272	1	HETD	1	0
JFCF_6_T_5K	chr4	190556950	190562919	108	0.805294	-0.443591	3	HET	2	1	1	NA	NA	1.45305590864004	0.819223002477276	2	NEUT	1	1
JFCF_6_T_5K	chr4	190563038	190563987	19	0.897959	-0.318712	2	NLOH	2	0	2	1	1	1.59043000331119	0.914547527693325	2	NEUT	2	0
JFCF_6_T_5K	chr4	190564021	190565285	20	0.812307	-0.318712	3	HET	2	1	1	NA	NA	1.59043000331119	0.825325208705719	2	NEUT	1	1
JFCF_6_T_5K	chr4	190565333	190565440	5	0.988095	-0.318712	2	NLOH	2	0	2	1	1	1.59043000331119	1	2	NEUT	2	0
JFCF_6_T_5K	chr4	190565580	190567970	32	0.804135	-0.318712	3	HET	2	1	1	NA	NA	1.59043000331119	0.816812566960439	2	NEUT	1	1
JFCF_6_T_5K	chr4	190568135	190568413	6	0.992424	-0.318712	2	NLOH	2	0	2	1	1	1.59043000331119	1	2	NEUT	2	0
JFCF_6_T_5K	chr4	190568494	190583112	262	0.819361	-0.344053	3	HET	2	1	1	NA	NA	1.56158363455467	0.832919158350249	2	NEUT	1	1
JFCF_6_T_5K	chr4	190583292	190583637	11	0.896104	-0.292129	2	NLOH	2	0	2	1	1	1.62123969091547	0.912301428512854	2	NEUT	2	0
JFCF_6_T_5K	chr4	190583690	190638279	1094	0.808521	-0.36621	3	HET	2	1	1	NA	NA	1.53677357061082	0.821830413521299	2	NEUT	1	1
JFCF_6_T_5K	chr4	190638311	190638544	5	0.914634	-0.369399	2	NLOH	2	0	2	1	1	1.53323398588603	0.932562359221728	2	NEUT	2	0
JFCF_6_T_5K	chr4	190638599	190654762	360	0.813333	-0.374595	3	HET	2	1	1	NA	NA	1.52748349375587	0.826932210064221	2	NEUT	1	1
JFCF_6_T_5K	chr4	190654770	190655045	11	0.898305	-0.362865	2	NLOH	2	0	2	1	1	1.54049472242817	0.915446136554305	2	NEUT	2	0
JFCF_6_T_5K	chr4	190655083	190684454	557	0.803571	-0.339146	3	HET	2	1	1	NA	NA	1.56712992313763	0.816413197639093	2	NEUT	1	1
JFCF_6_T_5K	chr4	190686985	190937364	311	0.909091	-1.009043	1	DLOH	1	0	1	1	1	0.96039659760188	0.937330264657394	1	HETD	1	0
JFCF_6_T_5K	chr5	31468	32619019	25968	0.571429	0.024729	3	HET	2	1	1	NA	NA	2.03572332281924	0.573755161637153	2	NEUT	1	1
JFCF_6_T_5K	chr5	32621226	32629102	12	0.562334	0.473438	5	GAIN	3	1	2	1	1	2.80257846410401	0.563808522104844	3	GAIN	2	1
JFCF_6_T_5K	chr5	32631708	98525925	36541	0.567568	0.031481	3	HET	2	1	1	NA	NA	2.04558410055032	0.569757816863739	2	NEUT	1	1
JFCF_6_T_5K	chr5	98531883	98569709	50	0.56	0.373147	5	GAIN	3	1	2	1	1	2.60991869440673	0.561524082033651	3	GAIN	2	1
JFCF_6_T_5K	chr5	98570327	119996933	13592	0.566667	0.009845	3	HET	2	1	1	NA	NA	2.01414869142251	0.568861337652443	2	NEUT	1	1
JFCF_6_T_5K	chr5	120084493	120099970	22	0.551587	0.404643	5	GAIN	3	1	2	1	1	2.66898651920312	0.552868380066361	3	GAIN	2	1
JFCF_6_T_5K	chr5	120100783	135089973	10211	0.571429	0.013452	3	HET	2	1	1	NA	NA	2.01935668805733	0.573774014887863	2	NEUT	1	1
JFCF_6_T_5K	chr5	135090120	135149952	186	0.56	0.437148	5	GAIN	3	1	2	1	1	2.73131397773468	0.561456343072917	3	GAIN	2	1
JFCF_6_T_5K	chr5	135150207	139649201	2439	0.571429	-0.010059	3	HET	2	1	1	NA	NA	1.98564313723385	0.573813830087846	2	NEUT	1	1
JFCF_6_T_5K	chr5	139650265	139659928	13	0.6	0.407286	5	GAIN	3	1	2	1	1	2.67400211589359	0.60247926143351	3	GAIN	2	1
JFCF_6_T_5K	chr5	139660916	158279381	11980	0.571429	0.00063	3	HET	2	1	1	NA	NA	2.0009025125899	0.573795642786245	2	NEUT	1	1
JFCF_6_T_5K	chr5	158282326	158287543	2	0.583333	-1.418021	1	DLOH	1	0	1	1	1	0.706964550142042	0.591147540582369	1	HETD	1	0
JFCF_6_T_5K	chr5	158290225	180698630	16405	0.571429	-0.028807	3	HET	2	1	1	NA	NA	1.95915045219236	0.573846079041633	2	NEUT	1	1
JFCF_6_T_5K	chr6	202777	4217796	3792	0.571429	0.005398	3	HET	2	1	1	NA	NA	2.00774575052475	0.573787576276983	2	NEUT	1	1
JFCF_6_T_5K	chr6	4224968	4225072	7	1	-0.078446	2	NLOH	2	0	2	1	1	1.89064594401694	1	2	NEUT	2	0
JFCF_6_T_5K	chr6	4226465	20109592	12149	0.571429	0.035714	3	HET	2	1	1	NA	NA	2.05178964900613	0.573736946869551	2	NEUT	1	1
JFCF_6_T_5K	chr6	20110473	20869816	629	0.9375	-0.831219	1	DLOH	1	0	1	1	1	1.09507443063121	0.963986129010577	1	HETD	1	0
JFCF_6_T_5K	chr6	20870093	63970116	30698	0.586207	0.000235	3	HET	2	1	1	NA	NA	2.00033660543604	0.589064087366206	2	NEUT	1	1
JFCF_6_T_5K	chr6	63971915	68100173	2949	0.944444	-0.89046	1	DLOH	1	0	1	1	1	1.04835126358514	0.97254969285649	1	HETD	1	0
JFCF_6_T_5K	chr6	68100321	68101454	25	0.5625	-0.75523	3	HET	2	1	1	NA	NA	1.15788524937131	0.566078479777389	2	NEUT	1	1
JFCF_6_T_5K	chr6	68101924	170871490	53894	1	-0.969134	1	DLOH	1	0	1	1	1	0.989194262765226	1	1	HETD	1	0
JFCF_6_T_5K	chr7	50134	23539546	20297	0.571429	-0.001912	3	HET	2	1	1	NA	NA	1.99726335775591	0.573799954976474	2	NEUT	1	1
JFCF_6_T_5K	chr7	23540219	24169638	618	0.736842	0.879284	7	ASCNA	4	1	3	1	1	3.73457688998455	0.741046374425594	4	AMP	3	1
JFCF_6_T_5K	chr7	24171512	24179692	27	0.714286	0.74393	5	GAIN	3	1	2	1	1	3.39419510764682	0.718471439477151	3	GAIN	2	1
JFCF_6_T_5K	chr7	24180088	24189656	33	0.763158	0.926981	7	ASCNA	4	1	3	1	1	3.86233800904186	0.767675002910617	4	AMP	3	1
JFCF_6_T_5K	chr7	24190321	24198905	21	0.75	0.70672	5	GAIN	3	1	2	1	1	3.30608328583704	0.755013145273335	3	GAIN	2	1
JFCF_6_T_5K	chr7	24200034	24988554	358	0.73913	0.895182	7	ASCNA	4	1	3	1	1	3.77669281344897	0.743327652406759	4	AMP	3	1
JFCF_6_T_5K	chr7	24990910	26233705	959	0.657143	0.483896	5	GAIN	3	1	2	1	1	2.82345029776129	0.660832767185255	3	GAIN	2	1
JFCF_6_T_5K	chr7	26264500	26318396	23	0.736842	0.910827	7	ASCNA	4	1	3	1	1	3.81859406815396	0.740953869260368	4	AMP	3	1
JFCF_6_T_5K	chr7	26320536	26329554	16	0.737934	1.254996	10	ASCNA	5	1	4	1	1	4.86525938286309	0.741176161006196	5	HLAMP	4	1
JFCF_6_T_5K	chr7	26330993	26579729	287	0.74359	0.846235	7	ASCNA	4	1	3	1	1	3.6484969017037	0.748016184825497	4	AMP	3	1
JFCF_6_T_5K	chr7	26580657	31008004	2603	0.651163	0.439514	5	GAIN	3	1	2	1	1	2.73590578297762	0.654825928457241	3	GAIN	2	1
JFCF_6_T_5K	chr7	31011485	31088230	47	0.655172	0.173759	3	HET	2	1	1	NA	NA	2.2644727904151	0.659714870139413	2	NEUT	1	1
JFCF_6_T_5K	chr7	31089060	44509699	9713	0.651163	0.510289	5	GAIN	3	1	2	1	1	2.87680251326972	0.654646529753111	3	GAIN	2	1
JFCF_6_T_5K	chr7	44510024	44673311	167	0.741935	0.917143	7	ASCNA	4	1	3	1	1	3.83563907815358	0.746116624557891	4	AMP	3	1
JFCF_6_T_5K	chr7	44693437	51697773	5449	0.653061	0.463047	5	GAIN	3	1	2	1	1	2.78198965566512	0.65670848157607	3	GAIN	2	1
JFCF_6_T_5K	chr7	51700489	51719970	25	0.636364	0.170979	3	HET	2	1	1	NA	NA	2.25998584285333	0.64036416664957	2	NEUT	1	1
JFCF_6_T_5K	chr7	51721035	53029534	1631	0.65625	0.402613	5	GAIN	3	1	2	1	1	2.66514044108999	0.660136726648181	3	GAIN	2	1
JFCF_6_T_5K	chr7	53031460	53307357	193	0.725	0.840626	7	ASCNA	4	1	3	1	1	3.6340823385615	0.729104609314875	4	AMP	3	1
JFCF_6_T_5K	chr7	53310604	53329525	33	0.707317	0.646069	5	GAIN	3	1	2	1	1	3.16724703674393	0.711656473579267	3	GAIN	2	1
JFCF_6_T_5K	chr7	53330403	53597812	225	0.735849	0.85595	7	ASCNA	4	1	3	1	1	3.67359644901195	0.740105245439317	4	AMP	3	1
JFCF_6_T_5K	chr7	53600094	53658456	55	0.733333	0.758724	5	GAIN	3	1	2	1	1	3.42986299384609	0.737843071881508	3	GAIN	2	1
JFCF_6_T_5K	chr7	53660113	53699655	75	0.745098	0.852408	7	ASCNA	4	1	3	1	1	3.66442580029193	0.749532226841136	4	AMP	3	1
JFCF_6_T_5K	chr7	53700351	53759285	84	0.715633	0.776788	5	GAIN	3	1	2	1	1	3.47391363546269	0.71974809891713	3	GAIN	2	1
JFCF_6_T_5K	chr7	53760063	54089883	142	0.733854	0.832468	7	ASCNA	4	1	3	1	1	3.61321688109001	0.738144766127068	4	AMP	3	1
JFCF_6_T_5K	chr7	54090084	54129918	71	0.714286	0.756191	5	GAIN	3	1	2	1	1	3.42373002773218	0.71843533364536	3	GAIN	2	1
JFCF_6_T_5K	chr7	54130231	54179991	203	0.727273	0.87008	7	ASCNA	4	1	3	1	1	3.71040554834417	0.73133379004042	4	AMP	3	1
JFCF_6_T_5K	chr7	54180024	54199431	42	0.721474	0.762197	5	GAIN	3	1	2	1	1	3.43828943516612	0.725744359011507	3	GAIN	2	1
JFCF_6_T_5K	chr7	54210132	54329663	107	0.733333	0.901415	7	ASCNA	4	1	3	1	1	3.79333192563199	0.737410926463921	4	AMP	3	1
JFCF_6_T_5K	chr7	54330169	54358608	21	0.714286	0.659003	5	GAIN	3	1	2	1	1	3.19636661708914	0.718730483345792	3	GAIN	2	1
JFCF_6_T_5K	chr7	54390245	54518973	152	0.734994	0.856923	7	ASCNA	4	1	3	1	1	3.67611960334667	0.739231904953524	4	AMP	3	1
JFCF_6_T_5K	chr7	54520577	54539842	61	0.72	0.779686	5	GAIN	3	1	2	1	1	3.48103214426652	0.724189852347658	3	GAIN	2	1
JFCF_6_T_5K	chr7	54540033	55399656	870	0.732143	0.899566	7	ASCNA	4	1	3	1	1	3.78838848316841	0.736205423129399	4	AMP	3	1
JFCF_6_T_5K	chr7	55400320	55409814	65	0.705882	0.674367	5	GAIN	3	1	2	1	1	3.23129805192702	0.710106014797937	3	GAIN	2	1
JFCF_6_T_5K	chr7	55410213	55541152	121	0.736842	0.919674	7	ASCNA	4	1	3	1	1	3.84249046673003	0.740928297598554	4	AMP	3	1
JFCF_6_T_5K	chr7	55542783	55587693	50	0.72654	0.740827	5	GAIN	3	1	2	1	1	3.38676015943935	0.73097449863166	3	GAIN	2	1
JFCF_6_T_5K	chr7	55592518	56538408	857	0.734694	0.889155	7	ASCNA	4	1	3	1	1	3.76067184081574	0.738831334360564	4	AMP	3	1
JFCF_6_T_5K	chr7	56541616	56617792	616	0.584761	0.729357	5	GAIN	3	1	2	1	1	3.35941583521519	0.586433693534106	3	GAIN	2	1
JFCF_6_T_5K	chr7	56619105	56649462	57	0.733333	0.868178	7	ASCNA	4	1	3	1	1	3.70542975500092	0.737507665199115	4	AMP	3	1
JFCF_6_T_5K	chr7	56660563	56739980	136	0.714286	0.743477	5	GAIN	3	1	2	1	1	3.39310869914199	0.718472779574816	3	GAIN	2	1
JFCF_6_T_5K	chr7	56740036	56797179	118	0.730249	0.917775	7	ASCNA	4	1	3	1	1	3.83734876925838	0.734226869678257	4	AMP	3	1
JFCF_6_T_5K	chr7	62056951	65219942	1803	0.578947	-0.122094	3	HET	2	1	1	NA	NA	1.83232634544404	0.581803385874384	2	NEUT	1	1
JFCF_6_T_5K	chr7	65260021	65289095	689	0.637681	0.395558	5	GAIN	3	1	2	1	1	2.65181590649451	0.641123030478974	3	GAIN	2	1
JFCF_6_T_5K	chr7	65290615	99179970	21871	0.571429	-0.011989	3	HET	2	1	1	NA	NA	1.98289994224775	0.573817129323375	2	NEUT	1	1
JFCF_6_T_5K	chr7	99181096	99198515	17	0.571429	0.846487	8	BCNA	4	2	2	1	1	3.64914583264366	0.572726679433647	4	AMP	2	2
JFCF_6_T_5K	chr7	99202373	109189970	5251	0.571429	-0.032018	3	HET	2	1	1	NA	NA	1.95464743907507	0.573851647380154	2	NEUT	1	1
JFCF_6_T_5K	chr7	109190835	110188743	501	0.675	0.55923	5	GAIN	3	1	2	1	1	2.97835491630507	0.678895342692316	3	GAIN	2	1
JFCF_6_T_5K	chr7	110210376	129221783	9772	0.571429	-0.014283	3	HET	2	1	1	NA	NA	1.97964414748001	0.57382105692772	2	NEUT	1	1
JFCF_6_T_5K	chr7	129224089	129224169	6	0.947368	-0.002314	2	NLOH	2	0	2	1	1	1.99668843715649	0.96222183804476	2	NEUT	2	0
JFCF_6_T_5K	chr7	129238487	142166382	9827	0.575758	-0.017037	3	HET	2	1	1	NA	NA	1.97574232268941	0.578300039350494	2	NEUT	1	1
JFCF_6_T_5K	chr7	142166405	142166483	10	0.938447	-0.127805	2	NLOH	2	0	2	1	1	1.82482538650871	0.954375682657695	2	NEUT	2	0
JFCF_6_T_5K	chr7	142166488	149415333	5976	0.576923	-0.062027	3	HET	2	1	1	NA	NA	1.91304468692428	0.57958872392521	2	NEUT	1	1
JFCF_6_T_5K	chr7	149421210	149461487	28	0.667978	0.512716	5	GAIN	3	1	2	1	1	2.88175776035223	0.671842372706187	3	GAIN	2	1
JFCF_6_T_5K	chr7	149484798	152105765	1990	0.583333	-0.058167	3	HET	2	1	1	NA	NA	1.91834759777591	0.586212875979612	2	NEUT	1	1
JFCF_6_T_5K	chr7	152105784	152105877	4	0.905694	0.016311	2	NLOH	2	0	2	1	1	2.02349393930788	0.918985706660906	2	NEUT	2	0
JFCF_6_T_5K	chr7	152105887	159119220	5605	0.578947	-0.114041	3	HET	2	1	1	NA	NA	1.84295392330675	0.581786914239959	2	NEUT	1	1
JFCF_6_T_5K	chr8	174284	29179817	23162	1	-0.987346	1	DLOH	1	0	1	1	1	0.97595393202212	1	1	HETD	1	0
JFCF_6_T_5K	chr8	29180188	29189976	18	0.95619	-0.313213	2	NLOH	2	0	2	1	1	1.59675685543901	0.975130482702483	2	NEUT	2	0
JFCF_6_T_5K	chr8	29191224	42830879	6842	1	-0.956508	1	DLOH	1	0	1	1	1	0.998472106662781	1	1	HETD	1	0
JFCF_6_T_5K	chr8	47839407	50148972	1202	0.566667	-0.028337	3	HET	2	1	1	NA	NA	1.95981040779849	0.56892217850789	2	NEUT	1	1
JFCF_6_T_5K	chr8	50151014	50219718	113	0.666667	0.428966	5	GAIN	3	1	2	1	1	2.7154927167142	0.670735975240573	3	GAIN	2	1
JFCF_6_T_5K	chr8	50220007	61107948	8042	0.571429	-0.023958	3	HET	2	1	1	NA	NA	1.96596957255719	0.573837695212531	2	NEUT	1	1
JFCF_6_T_5K	chr8	61112594	61119308	4	0.609195	-0.940791	1	DLOH	1	0	1	1	1	1.01013530705469	0.616361502764866	1	HETD	1	0
JFCF_6_T_5K	chr8	61120512	108568845	29020	0.571429	-0.006416	3	HET	2	1	1	NA	NA	1.9908311070854	0.573807615383569	2	NEUT	1	1
JFCF_6_T_5K	chr8	108573270	108599838	63	0.566667	0.461361	5	GAIN	3	1	2	1	1	2.77866296243253	0.568257593163317	3	GAIN	2	1
JFCF_6_T_5K	chr8	108600276	146288858	24685	0.571429	-0.05484	3	HET	2	1	1	NA	NA	1.92292966588472	0.573891607749734	2	NEUT	1	1
JFCF_6_T_5K	chr9	212189	68417387	29846	0.571429	-0.025462	3	HET	2	1	1	NA	NA	1.96385205365233	0.573840292382536	2	NEUT	1	1
JFCF_6_T_5K	chr9	68417398	68418067	16	0.723896	-0.072763	5	GAIN	3	1	2	1	1	1.89836984337169	0.731714970594263	3	GAIN	2	1
JFCF_6_T_5K	chr9	68418072	140995939	49056	0.571429	-0.015212	3	HET	2	1	1	NA	NA	1.97832712201196	0.573822649384225	2	NEUT	1	1
JFCF_6_T_5K	chr10	131636	26615831	17761	0.9375	-0.918825	1	DLOH	1	0	1	1	1	1.02665009370696	0.965751380702801	1	HETD	1	0
JFCF_6_T_5K	chr10	26625675	36048080	6843	0.576923	-0.00266	3	HET	2	1	1	NA	NA	1.99619373326139	0.57947768640491	2	NEUT	1	1
JFCF_6_T_5K	chr10	36058443	38251085	1395	0.933333	-0.937433	1	DLOH	1	0	1	1	1	1.01264371287699	0.961702335550871	1	HETD	1	0
JFCF_6_T_5K	chr10	43262616	49879717	4255	0.590909	-0.06287	3	HET	2	1	1	NA	NA	1.91188845062213	0.594061306243386	2	NEUT	1	1
JFCF_6_T_5K	chr10	49880385	49889274	16	0.548589	0.422928	5	GAIN	3	1	2	1	1	2.70387464264792	0.54978033932976	3	GAIN	2	1
JFCF_6_T_5K	chr10	49890693	50829219	814	0.575758	-0.065571	3	HET	2	1	1	NA	NA	1.90818837804911	0.57839003297352	2	NEUT	1	1
JFCF_6_T_5K	chr10	50830171	50833839	4	0.65942	-0.912649	1	DLOH	1	0	1	1	1	1.03133888827677	0.669667678274115	1	HETD	1	0
JFCF_6_T_5K	chr10	50857835	54589118	2390	0.566667	0.009876	3	HET	2	1	1	NA	NA	2.01419339557766	0.568861288950063	2	NEUT	1	1
JFCF_6_T_5K	chr10	54590013	54599966	28	0.557778	0.34566	5	GAIN	3	1	2	1	1	2.55941268715442	0.559274601779998	3	GAIN	2	1
JFCF_6_T_5K	chr10	54610210	88638790	23876	0.571429	-0.011679	3	HET	2	1	1	NA	NA	1.98334031171247	0.573816599076889	2	NEUT	1	1
JFCF_6_T_5K	chr10	88641352	88658007	16	0.627418	0.480929	5	GAIN	3	1	2	1	1	2.8175134467904	0.630416118938939	3	GAIN	2	1
JFCF_6_T_5K	chr10	88662216	135429761	33435	0.571429	-0.032094	3	HET	2	1	1	NA	NA	1.95454098025059	0.573851779335531	2	NEUT	1	1
JFCF_6_T_5K	chr11	190010	190878	29	0.791045	-0.180292	3	HET	2	1	1	NA	NA	1.75726060545344	0.802025144132421	2	NEUT	1	1
JFCF_6_T_5K	chr11	190917	191428	13	0.903226	-0.180292	2	NLOH	2	0	2	1	1	1.75726060545344	0.918438354096238	2	NEUT	2	0
JFCF_6_T_5K	chr11	191948	58428763	42029	0.571429	-0.021101	3	HET	2	1	1	NA	NA	1.9699980983415	0.573832769577944	2	NEUT	1	1
JFCF_6_T_5K	chr11	58430268	58439080	20	0.622024	0.434851	5	GAIN	3	1	2	1	1	2.72686328246246	0.624990647625261	3	GAIN	2	1
JFCF_6_T_5K	chr11	58440166	134939568	48021	0.571429	-0.025765	3	HET	2	1	1	NA	NA	1.9634257195343	0.573840815965477	2	NEUT	1	1
JFCF_6_T_5K	chr12	260214	20209376	14470	0.666667	0.575513	5	GAIN	3	1	2	1	1	3.01291306426922	0.670334305492914	3	GAIN	2	1
JFCF_6_T_5K	chr12	20210545	26529242	4179	0.571429	-0.03307	3	HET	2	1	1	NA	NA	1.95317432316222	0.573853474580299	2	NEUT	1	1
JFCF_6_T_5K	chr12	26530977	27219287	510	1	-0.904774	1	DLOH	1	0	1	1	1	1.03734674510187	1	1	HETD	1	0
JFCF_6_T_5K	chr12	27231573	48018527	11949	0.571429	0.007061	3	HET	2	1	1	NA	NA	2.01013788412476	0.573784769489645	2	NEUT	1	1
JFCF_6_T_5K	chr12	48020152	48027810	7	0.586207	0.525256	5	GAIN	3	1	2	1	1	2.90749412187758	0.588172657093009	3	GAIN	2	1
JFCF_6_T_5K	chr12	48031385	59919033	7410	0.571429	0.024553	3	HET	2	1	1	NA	NA	2.03546690497786	0.573755454675249	2	NEUT	1	1
JFCF_6_T_5K	chr12	59920382	59928903	26	0.618952	0.6425	5	GAIN	3	1	2	1	1	3.15925764878788	0.621448150543009	3	GAIN	2	1
JFCF_6_T_5K	chr12	59930050	96907972	24368	0.566667	0.031756	3	HET	2	1	1	NA	NA	2.04598669585263	0.568827191129378	2	NEUT	1	1
JFCF_6_T_5K	chr12	96910160	96918529	15	0.566667	-0.93026	1	DLOH	1	0	1	1	1	1.01802149696645	0.571008482301088	1	HETD	1	0
JFCF_6_T_5K	chr12	96921724	113736116	11338	0.571429	-0.00447	3	HET	2	1	1	NA	NA	1.99360776420979	0.573804302495512	2	NEUT	1	1
JFCF_6_T_5K	chr12	113748702	113800623	9	0.684211	0.574616	5	GAIN	3	1	2	1	1	3.01099915209223	0.688266916432177	3	GAIN	2	1
JFCF_6_T_5K	chr12	113826607	133812415	16316	0.571429	-0.061364	3	HET	2	1	1	NA	NA	1.91395451477679	0.573903155713127	2	NEUT	1	1
JFCF_6_T_5K	chr13	20140719	41989945	16158	0.571429	-0.017926	3	HET	2	1	1	NA	NA	1.97448439057796	0.573827307892429	2	NEUT	1	1
JFCF_6_T_5K	chr13	42021301	42021570	11	0.8125	0.55205	5	GAIN	3	1	2	1	1	2.96323995322043	0.819491450261915	3	GAIN	2	1
JFCF_6_T_5K	chr13	42037935	93677170	36594	0.571429	0.012504	3	HET	2	1	1	NA	NA	2.01798664882412	0.573775606951121	2	NEUT	1	1
JFCF_6_T_5K	chr13	93740906	93748609	36	0.563859	0.409674	5	GAIN	3	1	2	1	1	2.67854170971521	0.565439548297192	3	GAIN	2	1
JFCF_6_T_5K	chr13	93750061	115093704	17667	0.571429	0.003304	3	HET	2	1	1	NA	NA	2.00473756658304	0.573791115409186	2	NEUT	1	1
JFCF_6_T_5K	chr14	20210007	27117177	5825	0.571429	-0.010907	3	HET	2	1	1	NA	NA	1.98443738506255	0.573815279120241	2	NEUT	1	1
JFCF_6_T_5K	chr14	27117817	27117890	8	1	-0.057754	2	NLOH	2	0	2	1	1	1.91891582245976	1	2	NEUT	2	0
JFCF_6_T_5K	chr14	27118376	35337904	5646	0.567568	0.035756	3	HET	2	1	1	NA	NA	2.05185131198326	0.569751128247851	2	NEUT	1	1
JFCF_6_T_5K	chr14	35341527	35349984	14	0.572727	0.412619	5	GAIN	3	1	2	1	1	2.68415051928681	0.574523275218509	3	GAIN	2	1
JFCF_6_T_5K	chr14	35350318	50607651	9515	0.566667	0.018755	3	HET	2	1	1	NA	NA	2.02703715102957	0.568847385450243	2	NEUT	1	1
JFCF_6_T_5K	chr14	50610641	50619927	23	0.55	0.361678	5	GAIN	3	1	2	1	1	2.58872792277447	0.55128046486862	3	GAIN	2	1
JFCF_6_T_5K	chr14	50623657	55589823	3264	0.571429	0.037737	3	HET	2	1	1	NA	NA	2.05476178917335	0.57373360850613	2	NEUT	1	1
JFCF_6_T_5K	chr14	55590527	55635209	57	0.681818	0.633607	5	GAIN	3	1	2	1	1	3.13943598461634	0.685657452646326	3	GAIN	2	1
JFCF_6_T_5K	chr14	55641714	60146892	3869	0.571429	-0.016894	3	HET	2	1	1	NA	NA	1.97594473960594	0.573825535390127	2	NEUT	1	1
JFCF_6_T_5K	chr14	60157736	71219210	6305	0.666667	0.568454	5	GAIN	3	1	2	1	1	2.99788352397019	0.670352691102379	3	GAIN	2	1
JFCF_6_T_5K	chr14	71220037	71497699	211	0.571429	0.018394	3	HET	2	1	1	NA	NA	2.02651341002571	0.573765733363803	2	NEUT	1	1
JFCF_6_T_5K	chr14	71523937	73219362	1017	0.75	0.94177	7	ASCNA	4	1	3	1	1	3.9028173706559	0.75424664395579	4	AMP	3	1
JFCF_6_T_5K	chr14	73220020	73306966	107	0.666667	0.52521	5	GAIN	3	1	2	1	1	2.90739930479006	0.67046739735583	3	GAIN	2	1
JFCF_6_T_5K	chr14	73310032	75589883	2147	0.571429	0.079339	3	HET	2	1	1	NA	NA	2.11681565497389	0.573666049544807	2	NEUT	1	1
JFCF_6_T_5K	chr14	75590113	75949871	320	0.653846	0.5358	5	GAIN	3	1	2	1	1	2.92930780986805	0.657327811624405	3	GAIN	2	1
JFCF_6_T_5K	chr14	75953003	77093441	946	0.571429	-0.046691	3	HET	2	1	1	NA	NA	1.93419751047695	0.573877261602939	2	NEUT	1	1
JFCF_6_T_5K	chr14	77100001	77509872	217	0.666667	0.546226	5	GAIN	3	1	2	1	1	2.95103470650668	0.670411202874301	3	GAIN	2	1
JFCF_6_T_5K	chr14	77513173	107108305	25412	0.576923	-0.04532	3	HET	2	1	1	NA	NA	1.9360994921473	0.579556980853057	2	NEUT	1	1
JFCF_6_T_5K	chr14	107108340	107108507	11	0.952381	-0.194589	2	NLOH	2	0	2	1	1	1.73927854832872	0.969624256439677	2	NEUT	2	0
JFCF_6_T_5K	chr14	107108599	107268495	1288	0.666667	-0.10752	3	HET	2	1	1	NA	NA	1.85160328797845	0.672634408192675	2	NEUT	1	1
JFCF_6_T_5K	chr15	21910133	34739765	7557	0.571429	-0.065742	3	HET	2	1	1	NA	NA	1.90795435996131	0.573910936463877	2	NEUT	1	1
JFCF_6_T_5K	chr15	34740014	34749928	48	0.577935	0.323063	5	GAIN	3	1	2	1	1	2.51860650559821	0.579986428053439	3	GAIN	2	1
JFCF_6_T_5K	chr15	34750037	61189609	17204	0.571429	0.021209	3	HET	2	1	1	NA	NA	2.03060090475014	0.573761029640252	2	NEUT	1	1
JFCF_6_T_5K	chr15	61190011	61197157	12	0.581169	-0.995451	1	DLOH	1	0	1	1	1	0.970115035270482	0.586715908874551	1	HETD	1	0
JFCF_6_T_5K	chr15	61200750	102399429	28050	0.571429	-0.026575	3	HET	2	1	1	NA	NA	1.96228645399439	0.573842216219151	2	NEUT	1	1
JFCF_6_T_5K	chr16	90538	639819	274	0.933333	-0.857304	1	DLOH	1	0	1	1	1	1.07426469261745	0.960075039910193	1	HETD	1	0
JFCF_6_T_5K	chr16	641044	84098815	55659	0.571429	-0.047451	3	HET	2	1	1	NA	NA	1.93314394457625	0.573878595908616	2	NEUT	1	1
JFCF_6_T_5K	chr16	84100602	84109997	19	0.576923	-1.574321	1	DLOH	1	0	1	1	1	0.62756886641285	0.585049038853837	1	HETD	1	0
JFCF_6_T_5K	chr16	84112158	90149922	6141	0.576923	-0.025347	3	HET	2	1	1	NA	NA	1.96401388707361	0.579519544263507	2	NEUT	1	1
JFCF_6_T_5K	chr17	1665	48099946	28941	0.578947	-0.037801	3	HET	2	1	1	NA	NA	1.94656276404041	0.581635755372842	2	NEUT	1	1
JFCF_6_T_5K	chr17	48100584	48109168	42	0.56125	0.371656	5	GAIN	3	1	2	1	1	2.60715430273239	0.562807483408699	3	GAIN	2	1
JFCF_6_T_5K	chr17	48111271	81101585	25378	0.571429	-0.018164	3	HET	2	1	1	NA	NA	1.9741477528687	0.573827716859222	2	NEUT	1	1
JFCF_6_T_5K	chr18	130168	12085280	8655	0.941176	-0.92893	1	DLOH	1	0	1	1	1	1.01902157426521	0.969878027174155	1	HETD	1	0
JFCF_6_T_5K	chr18	12086601	12086674	9	0.516129	-0.745652	3	HET	2	1	1	NA	NA	1.16603957914312	0.517046018761702	2	NEUT	1	1
JFCF_6_T_5K	chr18	12088279	14116869	929	0.941176	-0.888044	1	DLOH	1	0	1	1	1	1.05021946349416	0.969025402846049	1	HETD	1	0
JFCF_6_T_5K	chr18	19470936	53309363	20052	0.571429	-0.027425	3	HET	2	1	1	NA	NA	1.96109161602881	0.573843686523922	2	NEUT	1	1
JFCF_6_T_5K	chr18	53311559	53439589	94	0.679623	0.594588	5	GAIN	3	1	2	1	1	3.05389602699802	0.683522345971287	3	GAIN	2	1
JFCF_6_T_5K	chr18	53440604	77832175	18961	0.571429	-0.056306	3	HET	2	1	1	NA	NA	1.92090933389417	0.573894197817432	2	NEUT	1	1
JFCF_6_T_5K	chr19	260301	3129369	2387	0.578947	-0.017815	3	HET	2	1	1	NA	NA	1.97464141287055	0.581597522295478	2	NEUT	1	1
JFCF_6_T_5K	chr19	3130168	3139847	34	0.571429	0.358676	5	GAIN	3	1	2	1	1	2.58320902005891	0.573262154599813	3	GAIN	2	1
JFCF_6_T_5K	chr19	3140124	23669817	17869	0.578947	-0.028442	3	HET	2	1	1	NA	NA	1.95966295225653	0.581617781260808	2	NEUT	1	1
JFCF_6_T_5K	chr19	28730374	59089308	23224	0.666667	0.527979	5	GAIN	3	1	2	1	1	2.91311227098265	0.670459944316059	3	GAIN	2	1
JFCF_6_T_5K	chr20	68749	569164	503	0.571429	0.064095	3	HET	2	1	1	NA	NA	2.09386961106903	0.573690564651575	2	NEUT	1	1
JFCF_6_T_5K	chr20	571306	579803	5	0.555556	-1.225476	1	DLOH	1	0	1	1	1	0.817368971226186	0.560062059203264	1	HETD	1	0
JFCF_6_T_5K	chr20	580065	3828856	2770	0.571429	-0.003663	3	HET	2	1	1	NA	NA	1.99476033416275	0.573802930048789	2	NEUT	1	1
JFCF_6_T_5K	chr20	3830793	3839754	12	0.59233	0.412113	5	GAIN	3	1	2	1	1	2.68318601770139	0.59461126703449	3	GAIN	2	1
JFCF_6_T_5K	chr20	3840539	9039674	4840	0.571429	0.021975	3	HET	2	1	1	NA	NA	2.03171454906926	0.57375975138413	2	NEUT	1	1
JFCF_6_T_5K	chr20	9040569	9069657	59	0.583333	0.365403	5	GAIN	3	1	2	1	1	2.59559197982454	0.585461455940041	3	GAIN	2	1
JFCF_6_T_5K	chr20	9070082	54848977	26371	0.571429	-0.01277	3	HET	2	1	1	NA	NA	1.98179091471025	0.573818465741442	2	NEUT	1	1
JFCF_6_T_5K	chr20	54850686	54859571	19	0.592593	0.428696	5	GAIN	3	1	2	1	1	2.71497215448864	0.594853980657491	3	GAIN	2	1
JFCF_6_T_5K	chr20	54861043	60487863	4780	0.571429	-0.093238	3	HET	2	1	1	NA	NA	1.87068386937529	0.573960385219557	2	NEUT	1	1
JFCF_6_T_5K	chr20	60493152	60746386	201	0.666667	0.476808	5	GAIN	3	1	2	1	1	2.8092877170545	0.670600122464883	3	GAIN	2	1
JFCF_6_T_5K	chr20	60756824	62892853	1722	0.571429	-0.02424	3	HET	2	1	1	NA	NA	1.96557236959491	0.57383818196178	2	NEUT	1	1
JFCF_6_T_5K	chr21	15412891	21495436	3836	0.566667	-0.000214	3	HET	2	1	1	NA	NA	1.99969352189397	0.568877199844535	2	NEUT	1	1
JFCF_6_T_5K	chr21	21501283	21537375	31	0.666667	0.509044	5	GAIN	3	1	2	1	1	2.87426380872315	0.670511209636127	3	GAIN	2	1
JFCF_6_T_5K	chr21	21540413	48097610	20087	0.571429	-0.003049	3	HET	2	1	1	NA	NA	1.99563769048377	0.573801886381121	2	NEUT	1	1
JFCF_6_T_5K	chr22	17046497	17046631	18	0.73913	-0.759801	1	DLOH	1	0	1	1	1	1.1540127227954	0.752867494712851	1	HETD	1	0
JFCF_6_T_5K	chr22	17409897	51179000	26063	0.571429	-0.051073	3	HET	2	1	1	NA	NA	1.92813048968181	0.57388496525896	2	NEUT	1	1
JFCF_6_T_5K	chrX	2832050	2836373	121	1	-0.528156	1	DLOH	1	0	1	1	1	1.36655747981473	1	1	HETD	1	0
JFCF_6_T_5K	chrX	3195610	8112617	22	1	-0.079856	2	NLOH	2	0	2	1	1	1.88873428602687	1	2	HLAMP	2	0
JFCF_6_T_5K	chrX	9357010	15285217	13	0.692308	-0.059214	3	HET	2	1	1	NA	NA	1.91690781497332	0.698958896578328	2	HLAMP	1	1
JFCF_6_T_5K	chrX	20554183	47348992	12	1	0.030262	2	NLOH	2	0	2	1	1	2.04380042911375	1	2	HLAMP	2	0
JFCF_6_T_5K	chrX	48996377	100749103	343	0.666667	0.078191	3	HET	2	1	1	NA	NA	2.11507917244265	0.671891046822562	2	HLAMP	1	1
JFCF_6_T_5K	chrX	102614688	118140846	13	1	-0.053853	2	NLOH	2	0	2	1	1	1.92429103259361	1	2	HLAMP	2	0
JFCF_6_T_5K	chrX	118603713	118605217	43	0.6875	-0.154203	3	HET	2	1	1	NA	NA	1.79053688221177	0.694442279140813	2	HLAMP	1	1
JFCF_6_T_5K	chrX	118641247	134120487	28	0.885621	-0.070066	2	NLOH	2	0	2	1	1	1.90204605914964	0.899061756659324	2	HLAMP	2	0
JFCF_6_T_5K	chrX	135956107	154871281	26	0.77521	-0.05389	3	HET	2	1	1	NA	NA	1.92423998177878	0.784691761945418	2	HLAMP	1	1
