Sample	Chromosome	Start_Position.bp.	End_Position.bp.	Length.snp.	Median_Ratio	Median_logR	TITAN_state	TITAN_call	Copy_Number	MinorCN	MajorCN	Clonal_Cluster	Cellular_Prevalence	logR_Copy_Number	Corrected_Ratio	Corrected_Copy_Number	Corrected_Call	Corrected_MajorCN	Corrected_MinorCN
JFCF_6_T_1_P_ALT	chr1	821038	5727591	4051	0.571429	-0.126607	3	HET	2	1	1	NA	NA	1.80530359640309	0.583985336987006	2	NEUT	1	1
JFCF_6_T_1_P_ALT	chr1	5728366	5728417	12	0.860465	-0.185203	2	NLOH	2	0	2	1	1	1.72081796548882	0.926941295708727	2	NEUT	2	0
JFCF_6_T_1_P_ALT	chr1	5728444	16138059	7038	0.571429	0.010374	3	HET	2	1	1	NA	NA	2.01672344452941	0.582669014282464	2	NEUT	1	1
JFCF_6_T_1_P_ALT	chr1	16139916	16178917	40	0.551971	0.365004	5	GAIN	3	1	2	1	1	2.66713079776976	0.558154799490006	3	GAIN	2	1
JFCF_6_T_1_P_ALT	chr1	16181979	16933135	695	0.566667	0.102126	3	HET	2	1	1	NA	NA	2.16998695796628	0.57641672640485	2	NEUT	1	1
JFCF_6_T_1_P_ALT	chr1	16933327	16935983	9	0.842105	0.043378	2	NLOH	2	0	2	1	1	2.07073462170036	0.894534246584256	2	NEUT	2	0
JFCF_6_T_1_P_ALT	chr1	16936052	16936799	5	0.704082	0.043378	5	GAIN	3	1	2	1	1	2.07073462170036	0.735358553986081	3	GAIN	2	1
JFCF_6_T_1_P_ALT	chr1	16936836	16937714	9	0.8625	0.043378	2	NLOH	2	0	2	1	1	2.07073462170036	0.918054879018994	2	NEUT	2	0
JFCF_6_T_1_P_ALT	chr1	16938294	17779262	754	0.585961	0.054861	3	HET	2	1	1	NA	NA	2.08981821120659	0.599014638748469	2	NEUT	1	1
JFCF_6_T_1_P_ALT	chr1	17780401	17789515	29	0.541667	0.384305	5	GAIN	3	1	2	1	1	2.70732675765359	0.546551163537074	3	GAIN	2	1
JFCF_6_T_1_P_ALT	chr1	17790459	26599542	5918	0.571429	0.00387	3	HET	2	1	1	NA	NA	2.00622458927863	0.582727834856989	2	NEUT	1	1
JFCF_6_T_1_P_ALT	chr1	26600483	26609093	11	0.529412	-1.04787	1	DLOH	1	0	1	1	1	0.803509844549254	0.541028411691526	1	HETD	1	0
JFCF_6_T_1_P_ALT	chr1	26610030	45378752	12502	0.566667	0.042523	3	HET	2	1	1	NA	NA	2.06931976445866	0.576891026032922	2	NEUT	1	1
JFCF_6_T_1_P_ALT	chr1	45380077	45388132	17	0.578947	0.444125	5	GAIN	3	1	2	1	1	2.83537858228935	0.587783152791541	3	GAIN	2	1
JFCF_6_T_1_P_ALT	chr1	45391661	53259930	3108	0.565217	0.037797	3	HET	2	1	1	NA	NA	2.06151427056704	0.575256523757949	2	NEUT	1	1
JFCF_6_T_1_P_ALT	chr1	53260537	53268313	5	0.615385	1.214298	11	UBCNA	5	2	3	1	1	5.05954758700321	0.622622295569036	5	HLAMP	3	2
JFCF_6_T_1_P_ALT	chr1	53270010	53598160	263	0.565217	0.058908	3	HET	2	1	1	NA	NA	2.09658019926798	0.575088609730901	2	NEUT	1	1
JFCF_6_T_1_P_ALT	chr1	53600471	53618312	26	0.577935	0.346753	5	GAIN	3	1	2	1	1	2.62961304851782	0.587340444685987	3	GAIN	2	1
JFCF_6_T_1_P_ALT	chr1	53622016	93219907	26013	0.565217	0.024604	3	HET	2	1	1	NA	NA	2.03985945575092	0.575363101702428	2	NEUT	1	1
JFCF_6_T_1_P_ALT	chr1	93220532	93238524	32	0.578784	0.376489	5	GAIN	3	1	2	1	1	2.69098446057046	0.588075064543461	3	GAIN	2	1
JFCF_6_T_1_P_ALT	chr1	93240404	112948319	12132	0.565217	0.03605	3	HET	2	1	1	NA	NA	2.05863538021247	0.575270563489505	2	NEUT	1	1
JFCF_6_T_1_P_ALT	chr1	112950659	112979894	63	0.555556	0.302563	5	GAIN	3	1	2	1	1	2.54071547902612	0.562495266644552	3	GAIN	2	1
JFCF_6_T_1_P_ALT	chr1	112980140	144993936	4510	0.565217	0.026218	3	HET	2	1	1	NA	NA	2.04249803497391	0.57534999456955	2	NEUT	1	1
JFCF_6_T_1_P_ALT	chr1	144994170	145008813	102	0.622408	0.1876	5	GAIN	3	1	2	1	1	2.32180478262232	0.63913903241861	3	GAIN	2	1
JFCF_6_T_1_P_ALT	chr1	145009132	145049954	298	0.564103	0.041147	3	HET	2	1	1	NA	NA	2.06704451430526	0.57394463299053	2	NEUT	1	1
JFCF_6_T_1_P_ALT	chr1	145060035	145119567	371	0.690265	0.236994	5	GAIN	3	1	2	1	1	2.41372695636102	0.715280512500424	3	GAIN	2	1
JFCF_6_T_1_P_ALT	chr1	145390305	149223208	1211	0.588235	-0.029399	3	HET	2	1	1	NA	NA	1.95325531966479	0.602570753152916	2	NEUT	1	1
JFCF_6_T_1_P_ALT	chr1	149223296	149223446	8	0.907738	-0.034372	2	NLOH	2	0	2	1	1	1.94544196938801	0.974250235916683	2	NEUT	2	0
JFCF_6_T_1_P_ALT	chr1	149223485	200355526	30260	0.566667	0.015224	3	HET	2	1	1	NA	NA	2.02458325254612	0.577116942779907	2	NEUT	1	1
JFCF_6_T_1_P_ALT	chr1	200361270	200375209	17	0.555556	0.421153	5	GAIN	3	1	2	1	1	2.78557531627851	0.561885285757909	3	GAIN	2	1
JFCF_6_T_1_P_ALT	chr1	200379969	200649869	275	0.5625	0.139226	3	HET	2	1	1	NA	NA	2.23478025563586	0.571375316140791	2	NEUT	1	1
JFCF_6_T_1_P_ALT	chr1	200650034	200659854	33	0.580645	0.401058	5	GAIN	3	1	2	1	1	2.74265492028189	0.589976359427016	3	GAIN	2	1
JFCF_6_T_1_P_ALT	chr1	200661230	215379943	9372	0.566667	0.016352	3	HET	2	1	1	NA	NA	2.02641505604565	0.577107496422066	2	NEUT	1	1
JFCF_6_T_1_P_ALT	chr1	215380352	215389609	9	0.571429	2.006103	24	BCNA	8	4	4	1	1	8.99134549089859	0.573950091013935	9	HLAMP	5	4
JFCF_6_T_1_P_ALT	chr1	215390579	249209648	25405	0.566667	-0.006696	3	HET	2	1	1	NA	NA	1.98926937301127	0.577302452105834	2	NEUT	1	1
JFCF_6_T_1_P_ALT	chr2	11594	37964190	28687	0.571429	-0.051954	3	HET	2	1	1	NA	NA	1.91803287302867	0.583247358610557	2	NEUT	1	1
JFCF_6_T_1_P_ALT	chr2	37964212	37964573	20	0.825758	-0.102355	2	NLOH	2	0	2	1	1	1.84128744163839	0.881903136094954	2	NEUT	2	0
JFCF_6_T_1_P_ALT	chr2	37964646	42999447	5225	0.594595	-0.017629	3	HET	2	1	1	NA	NA	1.97185546595811	0.609819104029951	2	NEUT	1	1
JFCF_6_T_1_P_ALT	chr2	43002258	43008911	32	0.564583	0.392877	5	GAIN	3	1	2	1	1	2.72535184842109	0.572103284599194	3	GAIN	2	1
JFCF_6_T_1_P_ALT	chr2	43010739	55593010	10800	0.565217	0.018798	3	HET	2	1	1	NA	NA	2.03039213505625	0.575410410986659	2	NEUT	1	1
JFCF_6_T_1_P_ALT	chr2	55594942	55629864	77	0.580645	0.292882	5	GAIN	3	1	2	1	1	2.52160104030237	0.590794384631581	3	GAIN	2	1
JFCF_6_T_1_P_ALT	chr2	55630689	89269227	18273	0.566667	-0.009714	3	HET	2	1	1	NA	NA	1.98444915728163	0.577328285558581	2	NEUT	1	1
JFCF_6_T_1_P_ALT	chr2	89850016	89868463	84	0.719439	-0.598613	1	DLOH	1	0	1	1	1	1.21300135980466	0.776849478657057	1	HETD	1	0
JFCF_6_T_1_P_ALT	chr2	89870780	89880990	32	0.658359	-0.152218	3	HET	2	1	1	NA	NA	1.76795433597055	0.686784646253491	2	NEUT	1	1
JFCF_6_T_1_P_ALT	chr2	89880993	89881837	24	0.829728	-0.152218	2	NLOH	2	0	2	1	1	1.76795433597055	0.888914604410682	2	NEUT	2	0
JFCF_6_T_1_P_ALT	chr2	89881946	133037153	23392	0.571429	-0.075384	3	HET	2	1	1	NA	NA	1.88202247724648	0.583473489688271	2	NEUT	1	1
JFCF_6_T_1_P_ALT	chr2	133037154	133037509	30	0.881966	-0.12004	2	NLOH	2	0	2	1	1	1.81498772238612	0.94875264926929	2	NEUT	2	0
JFCF_6_T_1_P_ALT	chr2	133037512	134979983	2366	0.5625	-0.014825	3	HET	2	1	1	NA	NA	1.97630905742308	0.572536072647377	2	NEUT	1	1
JFCF_6_T_1_P_ALT	chr2	134980111	134980309	11	0.860465	-0.074576	2	NLOH	2	0	2	1	1	1.88325460928217	0.921207505750897	2	NEUT	2	0
JFCF_6_T_1_P_ALT	chr2	134980942	162135255	17072	0.566667	-0.035292	3	HET	2	1	1	NA	NA	1.94399945727068	0.577550119881097	2	NEUT	1	1
JFCF_6_T_1_P_ALT	chr2	162135266	162135292	2	0.841415	-0.364982	1	DLOH	1	0	1	1	1	1.48202257504652	0.914523255128312	1	HETD	1	0
JFCF_6_T_1_P_ALT	chr2	162135560	162135811	3	0.656821	-0.364982	5	GAIN	3	1	2	1	1	1.48202257504652	0.690401568157454	3	GAIN	2	1
JFCF_6_T_1_P_ALT	chr2	162135814	162136457	3	0.826829	-0.364982	1	DLOH	1	0	1	1	1	1.48202257504652	0.89681390961244	1	HETD	1	0
JFCF_6_T_1_P_ALT	chr2	162136698	162138740	16	0.732044	-0.364982	5	GAIN	3	1	2	1	1	1.48202257504652	0.781732302953866	3	GAIN	2	1
JFCF_6_T_1_P_ALT	chr2	162138962	213049435	29248	0.566667	-0.017562	3	HET	2	1	1	NA	NA	1.9719617811045	0.577395797761189	2	NEUT	1	1
JFCF_6_T_1_P_ALT	chr2	213052052	213057810	5	0.551724	1.137408	11	UBCNA	5	2	3	1	1	4.78048257149703	0.555157673556328	5	HLAMP	3	2
JFCF_6_T_1_P_ALT	chr2	213061726	242999159	23336	0.566667	-0.03486	3	HET	2	1	1	NA	NA	1.944676696228	0.57754632980495	2	NEUT	1	1
JFCF_6_T_1_P_ALT	chr3	65982	28838892	25167	0.566667	-0.019464	3	HET	2	1	1	NA	NA	1.9689456189394	0.577412232848869	2	NEUT	1	1
JFCF_6_T_1_P_ALT	chr3	28851622	28851695	9	0.894737	0.051624	2	NLOH	2	0	2	1	1	2.08442326036055	0.954835075547957	2	NEUT	2	0
JFCF_6_T_1_P_ALT	chr3	28872081	37248864	5653	0.565217	0.025121	3	HET	2	1	1	NA	NA	2.04070432988779	0.575358901104236	2	NEUT	1	1
JFCF_6_T_1_P_ALT	chr3	37270341	37299976	26	0.552178	0.436936	5	GAIN	3	1	2	1	1	2.81970750186123	0.558050486251456	3	GAIN	2	1
JFCF_6_T_1_P_ALT	chr3	37302282	46079542	4504	0.566667	0.026226	3	HET	2	1	1	NA	NA	2.04251112078685	0.577025219804509	2	NEUT	1	1
JFCF_6_T_1_P_ALT	chr3	46081022	46081069	7	0.967742	0.007918	2	NLOH	2	0	2	1	1	2.0127533691994	1	2	NEUT	2	0
JFCF_6_T_1_P_ALT	chr3	46082102	53068155	2819	0.567568	0.114612	3	HET	2	1	1	NA	NA	2.19160737753593	0.577352011407563	2	NEUT	1	1
JFCF_6_T_1_P_ALT	chr3	53070462	53099595	51	0.565217	0.297893	5	GAIN	3	1	2	1	1	2.53147888584636	0.573392703780278	3	GAIN	2	1
JFCF_6_T_1_P_ALT	chr3	53100214	56999641	2588	0.566667	0.005998	3	HET	2	1	1	NA	NA	2.00965443082769	0.577194570719485	2	NEUT	1	1
JFCF_6_T_1_P_ALT	chr3	57000267	57009307	10	0.540584	1.04628	8	BCNA	4	2	2	1	1	4.46843634038958	0.543466291587674	4	AMP	2	2
JFCF_6_T_1_P_ALT	chr3	57010367	135809730	50194	0.565217	0.019082	3	HET	2	1	1	NA	NA	2.03085434252718	0.575408091041494	2	NEUT	1	1
JFCF_6_T_1_P_ALT	chr3	135880410	136478143	89	0.578947	0.324866	5	GAIN	3	1	2	1	1	2.58524235190241	0.588638098537256	3	GAIN	2	1
JFCF_6_T_1_P_ALT	chr3	136481870	151499838	8633	0.565217	0.054085	3	HET	2	1	1	NA	NA	2.08852378634548	0.575126689145999	2	NEUT	1	1
JFCF_6_T_1_P_ALT	chr3	151500208	151509699	29	0.551724	0.37144	5	GAIN	3	1	2	1	1	2.68047459318163	0.557847772496851	3	GAIN	2	1
JFCF_6_T_1_P_ALT	chr3	151510090	152812999	1263	0.56	0.134978	3	HET	2	1	1	NA	NA	2.22727658796253	0.568549008293768	2	NEUT	1	1
JFCF_6_T_1_P_ALT	chr3	152820358	152829596	14	0.577381	0.437105	5	GAIN	3	1	2	1	1	2.82007500419062	0.58608887765619	3	GAIN	2	1
JFCF_6_T_1_P_ALT	chr3	152830391	196619118	31199	0.566667	0.040754	3	HET	2	1	1	NA	NA	2.06639507735784	0.576905496681533	2	NEUT	1	1
JFCF_6_T_1_P_ALT	chr3	196620844	196629709	15	0.551724	0.538888	5	GAIN	3	1	2	1	1	3.04941722243766	0.557106870035446	3	GAIN	2	1
JFCF_6_T_1_P_ALT	chr3	196631138	196735772	105	0.571429	0.095322	3	HET	2	1	1	NA	NA	2.15828386365684	0.581931789138164	2	NEUT	1	1
JFCF_6_T_1_P_ALT	chr3	196745087	196747043	7	1	0.086316	2	NLOH	2	0	2	1	1	2.14287789524509	1	2	NEUT	2	0
JFCF_6_T_1_P_ALT	chr3	196749408	197794027	590	0.566667	0.11084	3	HET	2	1	1	NA	NA	2.1850561478335	0.576349487639158	2	NEUT	1	1
JFCF_6_T_1_P_ALT	chr4	40094	42473	14	0.774023	-0.230846	1	DLOH	1	0	1	1	1	1.65734514580368	0.826493197156916	1	HETD	1	0
JFCF_6_T_1_P_ALT	chr4	42626	5308759	5365	0.571429	-0.028824	3	HET	2	1	1	NA	NA	1.95416047168475	0.583028866361409	2	NEUT	1	1
JFCF_6_T_1_P_ALT	chr4	5310171	5319780	20	0.550505	0.548578	5	GAIN	3	1	2	1	1	3.07210655120733	0.555722191055293	3	GAIN	2	1
JFCF_6_T_1_P_ALT	chr4	5320018	7930262	3133	0.571429	-0.046403	3	HET	2	1	1	NA	NA	1.92665043477082	0.583194497212776	2	NEUT	1	1
JFCF_6_T_1_P_ALT	chr4	7940606	7947839	15	0.571429	0.445534	5	GAIN	3	1	2	1	1	2.83845918111067	0.579415023005418	3	GAIN	2	1
JFCF_6_T_1_P_ALT	chr4	7950323	10586384	2460	0.571429	-0.025496	3	HET	2	1	1	NA	NA	1.9594064265693	0.582997809825728	2	NEUT	1	1
JFCF_6_T_1_P_ALT	chr4	10591448	10599012	15	0.580645	-0.749918	1	DLOH	1	0	1	1	1	1.06063283294367	0.604774649818962	1	HETD	1	0
JFCF_6_T_1_P_ALT	chr4	10601134	38989940	22798	0.565217	0.025431	3	HET	2	1	1	NA	NA	2.04121107275097	0.575356383316599	2	NEUT	1	1
JFCF_6_T_1_P_ALT	chr4	38990036	39429874	222	0.5625	0.297946	5	GAIN	3	1	2	1	1	2.53158354463109	0.570334772554131	3	GAIN	2	1
JFCF_6_T_1_P_ALT	chr4	39430969	39788410	281	0.571429	0.198126	3	HET	2	1	1	NA	NA	2.3411306497419	0.581111501197782	2	NEUT	1	1
JFCF_6_T_1_P_ALT	chr4	39790208	39813685	33	0.611111	0.368114	5	GAIN	3	1	2	1	1	2.67357134603827	0.624299758570426	3	GAIN	2	1
JFCF_6_T_1_P_ALT	chr4	39817274	68264282	15069	0.566667	0.026697	3	HET	2	1	1	NA	NA	2.04328167593504	0.577021313549346	2	NEUT	1	1
JFCF_6_T_1_P_ALT	chr4	68264417	68265372	13	0.727468	0.142996	5	GAIN	3	1	2	1	1	2.2414581144006	0.759673372105884	3	GAIN	2	1
JFCF_6_T_1_P_ALT	chr4	68266049	68266049	1	0.849296	0.142996	1	DLOH	1	0	1	1	1	2.2414581144006	0.898750022786049	1	HETD	1	0
JFCF_6_T_1_P_ALT	chr4	68266082	88298260	11229	0.565217	0.041682	3	HET	2	1	1	NA	NA	2.06792889225013	0.57522538161035	2	NEUT	1	1
JFCF_6_T_1_P_ALT	chr4	88300540	88308057	24	0.534524	0.390703	5	GAIN	3	1	2	1	1	2.7207702477372	0.538550872491255	3	GAIN	2	1
JFCF_6_T_1_P_ALT	chr4	88310135	151409932	36363	0.565217	0.030149	3	HET	2	1	1	NA	NA	2.04893682657889	0.575318151596394	2	NEUT	1	1
JFCF_6_T_1_P_ALT	chr4	151411626	151419684	11	0.571429	2.86912	5	GAIN	3	1	2	1	1	16.6136585734429	0.572793419535895	3	GAIN	2	1
JFCF_6_T_1_P_ALT	chr4	151430475	169067538	12868	0.565217	-0.007552	3	HET	2	1	1	NA	NA	1.98790118322053	0.575628292911038	2	NEUT	1	1
JFCF_6_T_1_P_ALT	chr4	169072888	169079335	7	0.517241	0.896119	8	BCNA	4	2	2	1	1	3.99536083217283	0.518610446543264	4	AMP	2	2
JFCF_6_T_1_P_ALT	chr4	169080031	176507508	4024	0.566667	0.044488	3	HET	2	1	1	NA	NA	2.07257270526752	0.576874979236865	2	NEUT	1	1
JFCF_6_T_1_P_ALT	chr4	176553315	176553315	1	0.535714	1.759203	24	BCNA	8	4	4	1	1	7.52713644594948	0.537219730840205	8	HLAMP	4	4
JFCF_6_T_1_P_ALT	chr4	176567355	187839499	11135	0.565217	0.011245	3	HET	2	1	1	NA	NA	2.01813302299862	0.575472330674861	2	NEUT	1	1
JFCF_6_T_1_P_ALT	chr4	187840840	187848793	27	0.555556	0.41423	5	GAIN	3	1	2	1	1	2.77072110725658	0.561919217911297	3	GAIN	2	1
JFCF_6_T_1_P_ALT	chr4	187851901	190546414	3155	0.578431	-0.081148	3	HET	2	1	1	NA	NA	1.87325285352578	0.591718093451548	2	NEUT	1	1
JFCF_6_T_1_P_ALT	chr4	190546483	190546964	13	0.852941	-0.190954	1	DLOH	1	0	1	1	1	1.71270940992237	0.918337885852642	1	HETD	1	0
JFCF_6_T_1_P_ALT	chr4	190546966	190568135	359	0.707692	-0.190954	3	HET	2	1	1	NA	NA	1.71270940992237	0.746175514288527	2	NEUT	1	1
JFCF_6_T_1_P_ALT	chr4	190568136	190568369	4	0.884214	-0.105038	2	NLOH	2	0	2	1	1	1.83727672397745	0.95057871788788	2	NEUT	2	0
JFCF_6_T_1_P_ALT	chr4	190568413	190937364	2690	0.692308	-0.173559	3	HET	2	1	1	NA	NA	1.73733459495623	0.727435927160214	2	NEUT	1	1
JFCF_6_T_1_P_ALT	chr5	31468	54769926	36474	0.565217	0.021757	3	HET	2	1	1	NA	NA	2.03521234871602	0.57538626882827	2	NEUT	1	1
JFCF_6_T_1_P_ALT	chr5	54770872	54787287	34	0.5625	0.363521	5	GAIN	3	1	2	1	1	2.66406451486985	0.569945158014477	3	GAIN	2	1
JFCF_6_T_1_P_ALT	chr5	54790124	54949189	245	0.5625	0.147979	3	HET	2	1	1	NA	NA	2.25031139678355	0.571314060712805	2	NEUT	1	1
JFCF_6_T_1_P_ALT	chr5	54950112	54979479	132	0.566667	0.266767	5	GAIN	3	1	2	1	1	2.47067397627626	0.575230161042458	3	GAIN	2	1
JFCF_6_T_1_P_ALT	chr5	54980031	55299869	266	0.569805	0.141501	3	HET	2	1	1	NA	NA	2.23880790988563	0.579699830038545	2	NEUT	1	1
JFCF_6_T_1_P_ALT	chr5	55301753	55305300	2	0.575862	1.101518	11	UBCNA	5	2	3	1	1	4.65522796376678	0.581033564851963	5	HLAMP	3	2
JFCF_6_T_1_P_ALT	chr5	55322475	57059852	1079	0.560976	0.055643	3	HET	2	1	1	NA	NA	2.09112334904174	0.570229753361728	2	NEUT	1	1
JFCF_6_T_1_P_ALT	chr5	57060394	57069814	22	0.55364	0.401362	5	GAIN	3	1	2	1	1	2.74329978251232	0.559845176515189	3	GAIN	2	1
JFCF_6_T_1_P_ALT	chr5	57070495	68349917	7315	0.565217	0.029911	3	HET	2	1	1	NA	NA	2.04854649471949	0.575320076278746	2	NEUT	1	1
JFCF_6_T_1_P_ALT	chr5	68360100	68429040	103	0.571429	0.270443	5	GAIN	3	1	2	1	1	2.47778694492131	0.580577486461579	3	GAIN	2	1
JFCF_6_T_1_P_ALT	chr5	68430027	98525925	17010	0.565217	0.065555	3	HET	2	1	1	NA	NA	2.10772767981532	0.57503640015065	2	NEUT	1	1
JFCF_6_T_1_P_ALT	chr5	98531883	98564776	43	0.555556	0.502047	5	GAIN	3	1	2	1	1	2.96453110863729	0.561503214426435	3	GAIN	2	1
JFCF_6_T_1_P_ALT	chr5	98566453	99093436	216	0.571429	-0.004864	3	HET	2	1	1	NA	NA	1.99220028418921	0.58280737420273	2	NEUT	1	1
JFCF_6_T_1_P_ALT	chr5	99093498	99093665	8	0.958333	-0.065776	2	NLOH	2	0	2	1	1	1.89671864876533	1	2	NEUT	2	0
JFCF_6_T_1_P_ALT	chr5	99095847	119996933	13389	0.565217	0.017459	3	HET	2	1	1	NA	NA	2.02821414984279	0.575421357117966	2	NEUT	1	1
JFCF_6_T_1_P_ALT	chr5	120084493	120099970	22	0.565034	0.403025	5	GAIN	3	1	2	1	1	2.74682983930827	0.572547587530247	3	GAIN	2	1
JFCF_6_T_1_P_ALT	chr5	120100783	130837134	7711	0.566667	0.044413	3	HET	2	1	1	NA	NA	2.07244846587781	0.576875591186031	2	NEUT	1	1
JFCF_6_T_1_P_ALT	chr5	130840023	130879547	30	0.784161	-0.522601	1	DLOH	1	0	1	1	1	1.29579366611813	0.853754272627437	1	HETD	1	0
JFCF_6_T_1_P_ALT	chr5	130882379	135089973	2483	0.571429	0.037826	3	HET	2	1	1	NA	NA	2.06156208923847	0.582424545775031	2	NEUT	1	1
JFCF_6_T_1_P_ALT	chr5	135090120	135149952	186	0.569048	0.569615	5	GAIN	3	1	2	1	1	3.12189282047086	0.576066943631759	3	GAIN	2	1
JFCF_6_T_1_P_ALT	chr5	135150207	139649201	2442	0.566667	0.038242	3	HET	2	1	1	NA	NA	2.06224814563688	0.576926085060654	2	NEUT	1	1
JFCF_6_T_1_P_ALT	chr5	139650265	139679554	33	0.571429	0.319629	5	GAIN	3	1	2	1	1	2.57472500768538	0.580233047132268	3	GAIN	2	1
JFCF_6_T_1_P_ALT	chr5	139683029	158279381	11973	0.565217	0.02972	3	HET	2	1	1	NA	NA	2.0482332917727	0.575321621177598	2	NEUT	1	1
JFCF_6_T_1_P_ALT	chr5	158282326	158287543	2	0.66369	-1.516952	1	DLOH	1	0	1	1	1	0.492386177586363	0.769190601553051	1	HETD	1	0
JFCF_6_T_1_P_ALT	chr5	158290225	176555636	13411	0.566667	-0.0068	3	HET	2	1	1	NA	NA	1.98910310101879	0.577303341138591	2	NEUT	1	1
JFCF_6_T_1_P_ALT	chr5	176568408	176616568	10	0.554094	0.357537	5	GAIN	3	1	2	1	1	2.65172383598981	0.560567802474131	3	GAIN	2	1
JFCF_6_T_1_P_ALT	chr5	176626441	180698630	3049	0.571429	0.007992	3	HET	2	1	1	NA	NA	2.01287289000879	0.582690516031542	2	NEUT	1	1
JFCF_6_T_1_P_ALT	chr6	202777	4217796	3807	0.571429	0.002936	3	HET	2	1	1	NA	NA	2.00472079509414	0.582736310412384	2	NEUT	1	1
JFCF_6_T_1_P_ALT	chr6	4224968	4225072	7	0.953488	0.027703	2	NLOH	2	0	2	1	1	2.0449283328319	1	2	NEUT	2	0
JFCF_6_T_1_P_ALT	chr6	4226465	63549999	42996	0.576923	0.028756	3	HET	2	1	1	NA	NA	2.04665315140142	0.588850532398483	2	NEUT	1	1
JFCF_6_T_1_P_ALT	chr6	63550346	63558780	28	0.562609	0.376723	5	GAIN	3	1	2	1	1	2.69147244130063	0.569991194270325	3	GAIN	2	1
JFCF_6_T_1_P_ALT	chr6	63560056	63579733	78	0.57634	0.20505	3	HET	2	1	1	NA	NA	2.35392029865456	0.586631982560803	2	NEUT	1	1
JFCF_6_T_1_P_ALT	chr6	63580182	63599030	77	0.578947	0.334962	5	GAIN	3	1	2	1	1	2.60562597357938	0.588562285781234	3	GAIN	2	1
JFCF_6_T_1_P_ALT	chr6	63599936	76389032	9393	0.566667	0.04162	3	HET	2	1	1	NA	NA	2.06782638678941	0.576898409792151	2	NEUT	1	1
JFCF_6_T_1_P_ALT	chr6	76401210	76407620	13	0.568182	0.447938	5	GAIN	3	1	2	1	1	2.84372217131639	0.575790888365606	3	GAIN	2	1
JFCF_6_T_1_P_ALT	chr6	76412992	81974654	3445	0.565217	0.028047	3	HET	2	1	1	NA	NA	2.04549166787345	0.575335164655359	2	NEUT	1	1
JFCF_6_T_1_P_ALT	chr6	82060399	82088106	10	0.927249	-0.074319	2	NLOH	2	0	2	1	1	1.88364665733878	0.999230394445969	2	NEUT	2	0
JFCF_6_T_1_P_ALT	chr6	82090953	87828837	2460	0.565217	0.009182	3	HET	2	1	1	NA	NA	2.01479575605321	0.575489317397199	2	NEUT	1	1
JFCF_6_T_1_P_ALT	chr6	87830755	87839742	18	0.587121	0.614363	5	GAIN	3	1	2	1	1	3.23023924807859	0.595680074412817	3	GAIN	2	1
JFCF_6_T_1_P_ALT	chr6	87840118	112719807	15957	0.565217	-0.010651	3	HET	2	1	1	NA	NA	1.98295467258358	0.575654264039799	2	NEUT	1	1
JFCF_6_T_1_P_ALT	chr6	112720097	112729387	16	0.557977	-0.730378	1	DLOH	1	0	1	1	1	1.07942332884462	0.575022218755486	1	HETD	1	0
JFCF_6_T_1_P_ALT	chr6	112730624	170871490	41182	0.566667	-0.00623	3	HET	2	1	1	NA	NA	1.99001454663441	0.577298469593047	2	NEUT	1	1
JFCF_6_T_1_P_ALT	chr7	50134	6389839	5410	0.772727	-0.579711	1	DLOH	1	0	1	1	1	1.23318374742314	0.8429111400425	1	HETD	1	0
JFCF_6_T_1_P_ALT	chr7	6390564	6410528	30	0.75	-0.164917	3	HET	2	1	1	NA	NA	1.74967945893289	0.795344034126258	2	NEUT	1	1
JFCF_6_T_1_P_ALT	chr7	6439102	7099830	80	0.733333	-0.641734	1	DLOH	1	0	1	1	1	1.16793720026588	0.796733884016639	1	HETD	1	0
JFCF_6_T_1_P_ALT	chr7	7100414	7104895	28	0.815341	-0.204035	2	NLOH	2	0	2	1	1	1.69438593758203	0.874402808638374	2	NEUT	2	0
JFCF_6_T_1_P_ALT	chr7	7124967	62076415	39683	0.769231	-0.594887	1	DLOH	1	0	1	1	1	1.21695885533867	0.839439195208508	1	HETD	1	0
JFCF_6_T_1_P_ALT	chr7	62082110	65833085	2677	0.609375	-0.263431	3	HET	2	1	1	NA	NA	1.61324419355863	0.630890755251457	2	NEUT	1	1
JFCF_6_T_1_P_ALT	chr7	65834094	65834198	12	0.934409	-0.146034	2	NLOH	2	0	2	1	1	1.77691201560945	1	2	NEUT	2	0
JFCF_6_T_1_P_ALT	chr7	65834280	71179757	4754	0.6	-0.241492	3	HET	2	1	1	NA	NA	1.64282701829926	0.619317316847637	2	NEUT	1	1
JFCF_6_T_1_P_ALT	chr7	71180316	71189789	21	0.666667	-0.566219	1	DLOH	1	0	1	1	1	1.24775226545237	0.709056655899711	1	HETD	1	0
JFCF_6_T_1_P_ALT	chr7	71191250	99179970	16879	0.6	-0.151377	3	HET	2	1	1	NA	NA	1.76917029099962	0.617937792760704	2	NEUT	1	1
JFCF_6_T_1_P_ALT	chr7	99181096	99198515	17	0.5625	0.676204	5	GAIN	3	1	2	1	1	3.38561260657334	0.568358432011819	3	GAIN	2	1
JFCF_6_T_1_P_ALT	chr7	99202373	102568772	1757	0.590909	-0.217009	3	HET	2	1	1	NA	NA	1.67637571698148	0.608118734061114	2	NEUT	1	1
JFCF_6_T_1_P_ALT	chr7	102736394	103069252	14	0.932806	-0.008956	2	NLOH	2	0	2	1	1	1.98565885317885	1	2	NEUT	2	0
JFCF_6_T_1_P_ALT	chr7	103075248	112977606	4983	0.6	-0.166669	3	HET	2	1	1	NA	NA	1.74717079448856	0.61816365643156	2	NEUT	1	1
JFCF_6_T_1_P_ALT	chr7	112978243	152100309	22971	1	-0.950066	1	DLOH	1	0	1	1	1	0.88213066245221	1	1	HETD	1	0
JFCF_6_T_1_P_ALT	chr7	152100313	152101416	34	0.683815	-0.162446	3	HET	2	1	1	NA	NA	1.75322283191456	0.717087273004957	2	NEUT	1	1
JFCF_6_T_1_P_ALT	chr7	152101435	152101486	3	0.890625	-0.162446	2	NLOH	2	0	2	1	1	1.75322283191456	0.961331860933882	2	NEUT	2	0
JFCF_6_T_1_P_ALT	chr7	152101488	152101507	2	0.514463	-0.162446	3	HET	2	1	1	NA	NA	1.75322283191456	0.517080941323998	2	NEUT	1	1
JFCF_6_T_1_P_ALT	chr7	152101511	152101908	14	0.900666	-0.162446	2	NLOH	2	0	2	1	1	1.75322283191456	0.973190377965913	2	NEUT	2	0
JFCF_6_T_1_P_ALT	chr7	152101922	152101947	2	0.641991	-0.162446	3	HET	2	1	1	NA	NA	1.75322283191456	0.667692729000609	2	NEUT	1	1
JFCF_6_T_1_P_ALT	chr7	152102029	152102203	11	0.889831	-0.162446	2	NLOH	2	0	2	1	1	1.75322283191456	0.960394139340073	2	NEUT	2	0
JFCF_6_T_1_P_ALT	chr7	152102364	152102871	17	0.75	-0.162446	3	HET	2	1	1	NA	NA	1.75322283191456	0.795252390997685	2	NEUT	1	1
JFCF_6_T_1_P_ALT	chr7	152102891	152103026	11	0.902913	-0.162446	2	NLOH	2	0	2	1	1	1.75322283191456	0.9758441064562	2	NEUT	2	0
JFCF_6_T_1_P_ALT	chr7	152103149	152103926	16	0.627689	-0.162446	3	HET	2	1	1	NA	NA	1.75322283191456	0.650801930216413	2	NEUT	1	1
JFCF_6_T_1_P_ALT	chr7	152104026	152104067	3	0.915385	-0.162446	2	NLOH	2	0	2	1	1	1.75322283191456	0.990573657738293	2	NEUT	2	0
JFCF_6_T_1_P_ALT	chr7	152104068	152104190	4	0.658244	-0.162446	3	HET	2	1	1	NA	NA	1.75322283191456	0.68688767744415	2	NEUT	1	1
JFCF_6_T_1_P_ALT	chr7	152104191	152104420	10	0.860543	-0.162446	1	DLOH	1	0	1	1	1	1.75322283191456	0.925804731229913	1	HETD	1	0
JFCF_6_T_1_P_ALT	chr7	152104450	152104478	2	0.564985	-0.162446	3	HET	2	1	1	NA	NA	1.75322283191456	0.576747906515938	2	NEUT	1	1
JFCF_6_T_1_P_ALT	chr7	152104482	152104664	9	0.883721	-0.162446	2	NLOH	2	0	2	1	1	1.75322283191456	0.95317817090409	2	NEUT	2	0
JFCF_6_T_1_P_ALT	chr7	152104678	152104681	2	0.544518	-0.162446	3	HET	2	1	1	NA	NA	1.75322283191456	0.55257618376974	2	NEUT	1	1
JFCF_6_T_1_P_ALT	chr7	152104685	152104740	5	0.883117	-0.162446	2	NLOH	2	0	2	1	1	1.75322283191456	0.95246484112744	2	NEUT	2	0
JFCF_6_T_1_P_ALT	chr7	152104831	152104862	2	0.625526	-0.162446	3	HET	2	1	1	NA	NA	1.75322283191456	0.648247406529501	2	NEUT	1	1
JFCF_6_T_1_P_ALT	chr7	152104876	152104948	4	0.909781	-0.162446	2	NLOH	2	0	2	1	1	1.75322283191456	0.983955280141688	2	NEUT	2	0
JFCF_6_T_1_P_ALT	chr7	152105112	152105149	4	0.648839	-0.162446	3	HET	2	1	1	NA	NA	1.75322283191456	0.675780282494817	2	NEUT	1	1
JFCF_6_T_1_P_ALT	chr7	152105150	152105210	5	0.910714	-0.162446	2	NLOH	2	0	2	1	1	1.75322283191456	0.985057162064892	2	NEUT	2	0
JFCF_6_T_1_P_ALT	chr7	152105256	152105761	12	0.754868	-0.162446	3	HET	2	1	1	NA	NA	1.75322283191456	0.801001545555191	2	NEUT	1	1
JFCF_6_T_1_P_ALT	chr7	152105765	152105877	5	0.912162	-0.162446	2	NLOH	2	0	2	1	1	1.75322283191456	0.986767263913551	2	NEUT	2	0
JFCF_6_T_1_P_ALT	chr7	152105887	152105981	2	0.53508	-0.162446	3	HET	2	1	1	NA	NA	1.75322283191456	0.541429815504795	2	NEUT	1	1
JFCF_6_T_1_P_ALT	chr7	152105989	152106181	8	0.875419	-0.162446	2	NLOH	2	0	2	1	1	1.75322283191456	0.943373429503839	2	NEUT	2	0
JFCF_6_T_1_P_ALT	chr7	152106204	152107466	40	0.643892	-0.162446	3	HET	2	1	1	NA	NA	1.75322283191456	0.669937828181755	2	NEUT	1	1
JFCF_6_T_1_P_ALT	chr7	152107479	152107491	3	0.933333	-0.162446	2	NLOH	2	0	2	1	1	1.75322283191456	1	2	NEUT	2	0
JFCF_6_T_1_P_ALT	chr7	152107556	152107603	2	0.589286	-0.162446	3	HET	2	1	1	NA	NA	1.75322283191456	0.605447619930477	2	NEUT	1	1
JFCF_6_T_1_P_ALT	chr7	152107675	152107907	7	0.904412	-0.162446	2	NLOH	2	0	2	1	1	1.75322283191456	0.977614439792622	2	NEUT	2	0
JFCF_6_T_1_P_ALT	chr7	152107966	152108204	16	0.553741	-0.162446	3	HET	2	1	1	NA	NA	1.75322283191456	0.563468634978426	2	NEUT	1	1
JFCF_6_T_1_P_ALT	chr7	152108218	152108338	5	0.866071	-0.162446	2	NLOH	2	0	2	1	1	1.75322283191456	0.932333352099654	2	NEUT	2	0
JFCF_6_T_1_P_ALT	chr7	152108421	152109032	24	0.58687	-0.162446	3	HET	2	1	1	NA	NA	1.75322283191456	0.602594300823875	2	NEUT	1	1
JFCF_6_T_1_P_ALT	chr7	152109035	152109303	8	0.883658	-0.162446	2	NLOH	2	0	2	1	1	1.75322283191456	0.953103767301559	2	NEUT	2	0
JFCF_6_T_1_P_ALT	chr7	152109350	152109509	8	0.576365	-0.162446	3	HET	2	1	1	NA	NA	1.75322283191456	0.590187795354153	2	NEUT	1	1
JFCF_6_T_1_P_ALT	chr7	152109634	152109787	6	0.877821	-0.162446	2	NLOH	2	0	2	1	1	1.75322283191456	0.946210214476545	2	NEUT	2	0
JFCF_6_T_1_P_ALT	chr7	152109839	152109904	4	0.663839	-0.162446	3	HET	2	1	1	NA	NA	1.75322283191456	0.693495425954679	2	NEUT	1	1
JFCF_6_T_1_P_ALT	chr7	152110011	152111089	50	0.861022	-0.47595	1	DLOH	1	0	1	1	1	1.34880882765305	0.945963887680252	1	HETD	1	0
JFCF_6_T_1_P_ALT	chr7	152111121	152111601	21	0.608247	-0.47595	3	HET	2	1	1	NA	NA	1.34880882765305	0.63371554351182	2	NEUT	1	1
JFCF_6_T_1_P_ALT	chr7	152111608	152112235	28	0.844952	-0.47595	1	DLOH	1	0	1	1	1	1.34880882765305	0.926112909969693	1	HETD	1	0
JFCF_6_T_1_P_ALT	chr7	152112247	152112643	15	0.571429	-0.47595	3	HET	2	1	1	NA	NA	1.34880882765305	0.588234940067677	2	NEUT	1	1
JFCF_6_T_1_P_ALT	chr7	152112646	152112820	14	0.854688	-0.47595	1	DLOH	1	0	1	1	1	1.34880882765305	0.938139613080459	1	HETD	1	0
JFCF_6_T_1_P_ALT	chr7	152112830	152112998	8	0.628501	-0.47595	3	HET	2	1	1	NA	NA	1.34880882765305	0.658734940061271	2	NEUT	1	1
JFCF_6_T_1_P_ALT	chr7	152113021	152113192	7	0.869565	-0.47595	1	DLOH	1	0	1	1	1	1.34880882765305	0.956516899664155	1	HETD	1	0
JFCF_6_T_1_P_ALT	chr7	152113202	152113396	11	0.584416	-0.47595	3	HET	2	1	1	NA	NA	1.34880882765305	0.604277544145277	2	NEUT	1	1
JFCF_6_T_1_P_ALT	chr7	152113401	159119220	4306	1	-1.017064	1	DLOH	1	0	1	1	1	0.827701029252632	1	1	HETD	1	0
JFCF_6_T_1_P_ALT	chr8	170692	218596	42	0.619048	-0.385713	3	HET	2	1	1	NA	NA	1.45635113424967	0.644989473770963	2	NEUT	1	1
JFCF_6_T_1_P_ALT	chr8	220987	304111	82	0.666667	-0.486824	1	DLOH	1	0	1	1	1	1.33629772630266	0.706247842008131	1	HETD	1	0
JFCF_6_T_1_P_ALT	chr8	414432	515967	22	0.6	-0.411471	3	HET	2	1	1	NA	NA	1.42496434645055	0.62227073969773	2	NEUT	1	1
JFCF_6_T_1_P_ALT	chr8	517149	564381	61	0.681818	-0.469171	1	DLOH	1	0	1	1	1	1.35665627228631	0.724349009313274	1	HETD	1	0
JFCF_6_T_1_P_ALT	chr8	564419	570648	32	0.567251	-0.42958	3	HET	2	1	1	NA	NA	1.40323114815913	0.582460263013358	2	NEUT	1	1
JFCF_6_T_1_P_ALT	chr8	570779	643831	99	0.666667	-0.465429	1	DLOH	1	0	1	1	1	1.36100387348697	0.705529335523777	1	HETD	1	0
JFCF_6_T_1_P_ALT	chr8	645054	933286	410	0.615385	-0.385639	3	HET	2	1	1	NA	NA	1.45644211484771	0.640526707287539	2	NEUT	1	1
JFCF_6_T_1_P_ALT	chr8	934041	1049911	155	0.65	-0.482582	1	DLOH	1	0	1	1	1	1.34116715253164	0.685493349928577	1	HETD	1	0
JFCF_6_T_1_P_ALT	chr8	1060365	1146770	119	0.631579	-0.400896	3	HET	2	1	1	NA	NA	1.43778248741008	0.66062136852514	2	NEUT	1	1
JFCF_6_T_1_P_ALT	chr8	1146999	1150293	22	0.792857	-0.45989	1	DLOH	1	0	1	1	1	1.36746003455629	0.860821105713814	1	HETD	1	0
JFCF_6_T_1_P_ALT	chr8	1150384	1170539	56	0.609524	-0.299421	3	HET	2	1	1	NA	NA	1.56567864032245	0.631723608207748	2	NEUT	1	1
JFCF_6_T_1_P_ALT	chr8	1171144	1209894	47	0.678571	-0.452367	1	DLOH	1	0	1	1	1	1.37626850102772	0.71974721287798	1	HETD	1	0
JFCF_6_T_1_P_ALT	chr8	1210074	1494777	401	0.647059	-0.395722	3	HET	2	1	1	NA	NA	1.4440882964193	0.679376406441151	2	NEUT	1	1
JFCF_6_T_1_P_ALT	chr8	1495146	1509853	30	0.69398	-0.540209	1	DLOH	1	0	1	1	1	1.27622501040984	0.742215673153447	1	HETD	1	0
JFCF_6_T_1_P_ALT	chr8	1513121	1988587	695	0.65	-0.333736	3	HET	2	1	1	NA	NA	1.52141860784812	0.681288242967429	2	NEUT	1	1
JFCF_6_T_1_P_ALT	chr8	1989320	2005624	41	0.7	-0.466533	1	DLOH	1	0	1	1	1	1.35972003042734	0.746678741694159	1	HETD	1	0
JFCF_6_T_1_P_ALT	chr8	2006596	2107717	233	0.642857	-0.411629	3	HET	2	1	1	NA	NA	1.42477354340411	0.674676571257733	2	NEUT	1	1
JFCF_6_T_1_P_ALT	chr8	2120055	2139753	62	0.696154	-0.487083	1	DLOH	1	0	1	1	1	1.33600088162487	0.74274790008404	1	HETD	1	0
JFCF_6_T_1_P_ALT	chr8	2140989	11769918	10973	0.571429	-0.108952	3	HET	2	1	1	NA	NA	1.83143919079553	0.583806151496056	2	NEUT	1	1
JFCF_6_T_1_P_ALT	chr8	11770158	11778679	39	0.5625	0.322522	5	GAIN	3	1	2	1	1	2.58053023158938	0.570186165049014	3	GAIN	2	1
JFCF_6_T_1_P_ALT	chr8	11791650	29096520	16882	0.567568	0.00111	3	HET	2	1	1	NA	NA	2.00178363987654	0.57827980279205	2	NEUT	1	1
JFCF_6_T_1_P_ALT	chr8	29178229	29189976	22	0.559028	0.566442	5	GAIN	3	1	2	1	1	3.11433701290504	0.565042937255606	3	GAIN	2	1
JFCF_6_T_1_P_ALT	chr8	29190157	96219799	38294	0.565217	-0.003421	3	HET	2	1	1	NA	NA	1.99451147841882	0.575593787359036	2	NEUT	1	1
JFCF_6_T_1_P_ALT	chr8	96220310	96228479	16	0.56993	-0.691832	1	DLOH	1	0	1	1	1	1.11724540908297	0.589793400054632	1	HETD	1	0
JFCF_6_T_1_P_ALT	chr8	96230197	108568845	8982	0.565217	0.053981	3	HET	2	1	1	NA	NA	2.08835035962755	0.575127512094532	2	NEUT	1	1
JFCF_6_T_1_P_ALT	chr8	108573270	108599838	63	0.575758	0.406815	5	GAIN	3	1	2	1	1	2.75489010787728	0.584484957505893	3	GAIN	2	1
JFCF_6_T_1_P_ALT	chr8	108600276	146288858	24746	0.565217	-0.007259	3	HET	2	1	1	NA	NA	1.98836940914474	0.575625841235196	2	NEUT	1	1
JFCF_6_T_1_P_ALT	chr9	212189	33708793	26757	0.566667	-0.042761	3	HET	2	1	1	NA	NA	1.93232244035312	0.577615886531793	2	NEUT	1	1
JFCF_6_T_1_P_ALT	chr9	33711245	33719406	11	0.533333	0.48883	5	GAIN	3	1	2	1	1	2.93460202841443	0.53693765602956	3	GAIN	2	1
JFCF_6_T_1_P_ALT	chr9	33720684	33790164	52	0.555556	0.187749	3	HET	2	1	1	NA	NA	2.32207736579029	0.563148642018154	2	NEUT	1	1
JFCF_6_T_1_P_ALT	chr9	33793811	33795780	25	0.842105	-0.164351	2	NLOH	2	0	2	1	1	1.75049055776068	0.904125932138342	2	NEUT	2	0
JFCF_6_T_1_P_ALT	chr9	33795787	33798112	72	0.735088	-0.164351	3	HET	2	1	1	NA	NA	1.75049055776068	0.777707596014494	2	NEUT	1	1
JFCF_6_T_1_P_ALT	chr9	33798163	33803901	95	0.833333	-0.003326	2	NLOH	2	0	2	1	1	1.99466371716299	0.886366130397326	2	NEUT	2	0
JFCF_6_T_1_P_ALT	chr9	33803918	34168515	62	0.565217	0.116383	3	HET	2	1	1	NA	NA	2.19468917371571	0.574647320131241	2	NEUT	1	1
JFCF_6_T_1_P_ALT	chr9	34170980	34201224	27	0.583333	0.332168	5	GAIN	3	1	2	1	1	2.59997066050422	0.593504551670559	3	GAIN	2	1
JFCF_6_T_1_P_ALT	chr9	34204241	68412220	2647	0.568966	0.023555	3	HET	2	1	1	NA	NA	2.03814612479508	0.579704369912141	2	NEUT	1	1
JFCF_6_T_1_P_ALT	chr9	68412248	68419787	217	0.677966	-0.018861	5	GAIN	3	1	2	1	1	1.96990141654913	0.706636230647268	3	GAIN	2	1
JFCF_6_T_1_P_ALT	chr9	68419798	95569794	17241	0.566667	0.004135	3	HET	2	1	1	NA	NA	2.00665143197943	0.577210325465048	2	NEUT	1	1
JFCF_6_T_1_P_ALT	chr9	95570008	95579850	17	0.548387	0.427752	5	GAIN	3	1	2	1	1	2.79980084946972	0.553871539841526	3	GAIN	2	1
JFCF_6_T_1_P_ALT	chr9	95580376	136139617	28037	0.566667	0.021264	3	HET	2	1	1	NA	NA	2.03440856474885	0.577066474082472	2	NEUT	1	1
JFCF_6_T_1_P_ALT	chr9	136140462	136149830	50	0.577935	0.303136	5	GAIN	3	1	2	1	1	2.54185085191739	0.587665185409867	3	GAIN	2	1
JFCF_6_T_1_P_ALT	chr9	136150403	141007995	3803	0.571429	-0.023314	3	HET	2	1	1	NA	NA	1.96285250583461	0.582977499060887	2	NEUT	1	1
JFCF_6_T_1_P_ALT	chr10	131636	34639563	25736	1	-0.876321	1	DLOH	1	0	1	1	1	0.945037570115514	1	1	HETD	1	0
JFCF_6_T_1_P_ALT	chr10	34669570	37749512	1542	0.6	-0.130961	3	HET	2	1	1	NA	NA	1.79890716341106	0.617641271703077	2	NEUT	1	1
JFCF_6_T_1_P_ALT	chr10	37750601	37869332	158	0.597297	0.289396	5	GAIN	3	1	2	1	1	2.51474953225083	0.609575444561186	3	GAIN	2	1
JFCF_6_T_1_P_ALT	chr10	37870212	43379611	358	0.604957	-0.09232	3	HET	2	1	1	NA	NA	1.85635468688363	0.622899753462628	2	NEUT	1	1
JFCF_6_T_1_P_ALT	chr10	43380113	43501174	94	0.647059	-0.492375	1	DLOH	1	0	1	1	1	1.32994727672701	0.682150006409776	1	HETD	1	0
JFCF_6_T_1_P_ALT	chr10	43509672	44208251	392	0.636364	-0.328247	3	HET	2	1	1	NA	NA	1.52842786889875	0.664677491247625	2	NEUT	1	1
JFCF_6_T_1_P_ALT	chr10	44221015	44589893	249	0.722222	-0.467963	1	DLOH	1	0	1	1	1	1.35805854129891	0.774150670129318	1	HETD	1	0
JFCF_6_T_1_P_ALT	chr10	44590108	44599862	30	0.68375	-0.340728	3	HET	2	1	1	NA	NA	1.51252860276573	0.722303374024685	2	NEUT	1	1
JFCF_6_T_1_P_ALT	chr10	44610008	45689582	987	0.714286	-0.484086	1	DLOH	1	0	1	1	1	1.33943906022764	0.765056270652861	1	HETD	1	0
JFCF_6_T_1_P_ALT	chr10	45690064	45707936	45	0.666667	-0.280607	3	HET	2	1	1	NA	NA	1.59039579162331	0.699923997697802	2	NEUT	1	1
JFCF_6_T_1_P_ALT	chr10	45708788	47020724	342	0.612374	-0.682056	1	DLOH	1	0	1	1	1	1.12699953564903	0.644017225265354	1	HETD	1	0
JFCF_6_T_1_P_ALT	chr10	47021210	47026425	30	0.565942	-0.535627	3	HET	2	1	1	NA	NA	1.28129425126372	0.582274470311832	2	NEUT	1	1
JFCF_6_T_1_P_ALT	chr10	47026551	47028521	10	0.817316	-0.535627	1	DLOH	1	0	1	1	1	1.28129425126372	0.89590861395574	1	HETD	1	0
JFCF_6_T_1_P_ALT	chr10	47028893	47041728	73	0.588235	-0.496837	3	HET	2	1	1	NA	NA	1.32486034851157	0.609370349200233	2	NEUT	1	1
JFCF_6_T_1_P_ALT	chr10	47041802	47111530	364	0.657306	-0.686168	1	DLOH	1	0	1	1	1	1.12288868089253	0.701763723851345	1	HETD	1	0
JFCF_6_T_1_P_ALT	chr10	47111888	47114505	18	0.669872	-0.448802	3	HET	2	1	1	NA	NA	1.3804587256712	0.7089234364898	2	NEUT	1	1
JFCF_6_T_1_P_ALT	chr10	47114672	47139659	186	0.694396	-0.620276	1	DLOH	1	0	1	1	1	1.19019380555127	0.746229230711169	1	HETD	1	0
JFCF_6_T_1_P_ALT	chr10	47139906	47148128	57	0.596491	-0.529481	3	HET	2	1	1	NA	NA	1.28811913516737	0.620263202197836	2	NEUT	1	1
JFCF_6_T_1_P_ALT	chr10	47148238	48357313	425	0.72	-0.676727	1	DLOH	1	0	1	1	1	1.13234451287295	0.781657049855988	1	HETD	1	0
JFCF_6_T_1_P_ALT	chr10	48357324	48358450	76	0.575758	-0.52301	3	HET	2	1	1	NA	NA	1.29533640920081	0.594318281895947	2	NEUT	1	1
JFCF_6_T_1_P_ALT	chr10	48358464	48359128	53	0.652174	-0.52301	1	DLOH	1	0	1	1	1	1.29533640920081	0.689455770073574	1	HETD	1	0
JFCF_6_T_1_P_ALT	chr10	48359170	48360017	73	0.590909	-0.52301	3	HET	2	1	1	NA	NA	1.29533640920081	0.613181191278527	2	NEUT	1	1
JFCF_6_T_1_P_ALT	chr10	48361760	49518130	302	0.692308	-0.46393	1	DLOH	1	0	1	1	1	1.3627486358993	0.737091727164965	1	HETD	1	0
JFCF_6_T_1_P_ALT	chr10	49518817	49620267	73	0.68	-0.383026	3	HET	2	1	1	NA	NA	1.45965770707613	0.719134529823055	2	NEUT	1	1
JFCF_6_T_1_P_ALT	chr10	49621560	49730982	89	0.722222	-0.442903	1	DLOH	1	0	1	1	1	1.38741506621754	0.773051903555593	1	HETD	1	0
JFCF_6_T_1_P_ALT	chr10	49731825	49780499	113	0.6875	-0.321373	3	HET	2	1	1	NA	NA	1.53724342062015	0.726207691328348	2	NEUT	1	1
JFCF_6_T_1_P_ALT	chr10	49780565	49875588	98	0.7	-0.445072	1	DLOH	1	0	1	1	1	1.38485398618719	0.745831561095794	1	HETD	1	0
JFCF_6_T_1_P_ALT	chr10	49879717	49899085	34	0.69398	-0.292721	3	HET	2	1	1	NA	NA	1.57444392555733	0.733079247342577	2	NEUT	1	1
JFCF_6_T_1_P_ALT	chr10	49899532	50723684	690	0.733333	-0.567436	1	DLOH	1	0	1	1	1	1.24643256421672	0.792741148582276	1	HETD	1	0
JFCF_6_T_1_P_ALT	chr10	50726890	50829219	96	0.587221	-0.204013	3	HET	2	1	1	NA	NA	1.69441661525751	0.603556765865551	2	NEUT	1	1
JFCF_6_T_1_P_ALT	chr10	50830171	50833839	4	0.563859	-1.09882	1	DLOH	1	0	1	1	1	0.764616541416239	0.590363344285897	1	HETD	1	0
JFCF_6_T_1_P_ALT	chr10	50857835	51491589	107	0.578947	-0.257488	3	HET	2	1	1	NA	NA	1.62121343578107	0.594400756934171	2	NEUT	1	1
JFCF_6_T_1_P_ALT	chr10	51491927	51509408	39	0.727273	-0.603022	1	DLOH	1	0	1	1	1	1.20833161346343	0.786962830639885	1	HETD	1	0
JFCF_6_T_1_P_ALT	chr10	51510203	51524971	34	0.65942	-0.358452	3	HET	2	1	1	NA	NA	1.49018544724687	0.693370105402385	2	NEUT	1	1
JFCF_6_T_1_P_ALT	chr10	51525699	51586514	60	0.704793	-0.461104	1	DLOH	1	0	1	1	1	1.36604289571409	0.752369162733789	1	HETD	1	0
JFCF_6_T_1_P_ALT	chr10	52000999	52853346	482	0.6	-0.20474	3	HET	2	1	1	NA	NA	1.69340310518159	0.618740375484869	2	NEUT	1	1
JFCF_6_T_1_P_ALT	chr10	52865767	53189876	182	0.589572	-0.697333	1	DLOH	1	0	1	1	1	1.11178570815957	0.615139591832605	1	HETD	1	0
JFCF_6_T_1_P_ALT	chr10	53191646	69449238	13692	0.6	-0.185028	3	HET	2	1	1	NA	NA	1.72106521181256	0.618439167685531	2	NEUT	1	1
JFCF_6_T_1_P_ALT	chr10	69482437	69485607	4	0.608696	1.133603	11	UBCNA	5	2	3	1	1	4.76705513476235	0.61593205780427	5	HLAMP	3	2
JFCF_6_T_1_P_ALT	chr10	69485653	69485653	1	0.976608	1.133603	9	ALOH	5	0	5	1	1	4.76705513476235	1	5	HLAMP	5	0
JFCF_6_T_1_P_ALT	chr10	69517922	81837918	7680	0.6	-0.164181	3	HET	2	1	1	NA	NA	1.75073423616407	0.618126686154193	2	NEUT	1	1
JFCF_6_T_1_P_ALT	chr10	81865695	81865841	12	0.95	-0.216627	2	NLOH	2	0	2	1	1	1.67690369003125	1	2	NEUT	2	0
JFCF_6_T_1_P_ALT	chr10	81894113	132157052	34337	0.6	-0.206491	3	HET	2	1	1	NA	NA	1.69096413297256	0.618767405777294	2	NEUT	1	1
JFCF_6_T_1_P_ALT	chr10	132157842	132168379	18	0.622024	-0.595831	1	DLOH	1	0	1	1	1	1.21595523790458	0.653870837319377	1	HETD	1	0
JFCF_6_T_1_P_ALT	chr10	132194398	132485762	282	0.6	-0.367826	3	HET	2	1	1	NA	NA	1.47847894659506	0.621464634387545	2	NEUT	1	1
JFCF_6_T_1_P_ALT	chr10	132487726	132589909	87	0.608696	-0.57166	1	DLOH	1	0	1	1	1	1.24186073346245	0.636472614222358	1	HETD	1	0
JFCF_6_T_1_P_ALT	chr10	132590171	132799644	437	0.608696	-0.359085	3	HET	2	1	1	NA	NA	1.48939254299706	0.631856238496876	2	NEUT	1	1
JFCF_6_T_1_P_ALT	chr10	132800176	132808099	27	0.678571	-0.527928	1	DLOH	1	0	1	1	1	1.28984828519299	0.72250603129486	1	HETD	1	0
JFCF_6_T_1_P_ALT	chr10	132810435	132833085	51	0.6	-0.385634	3	HET	2	1	1	NA	NA	1.45644826235373	0.621789315047182	2	NEUT	1	1
JFCF_6_T_1_P_ALT	chr10	132847337	132860024	11	0.666667	-0.615759	1	DLOH	1	0	1	1	1	1.19492124064357	0.710930828762575	1	HETD	1	0
JFCF_6_T_1_P_ALT	chr10	132867199	135429761	2188	0.6	-0.299972	3	HET	2	1	1	NA	NA	1.56495960358946	0.620278485122272	2	NEUT	1	1
JFCF_6_T_1_P_ALT	chr11	190010	190089	4	0.598368	-0.630858	3	HET	2	1	1	NA	NA	1.1791766010332	0.624841638170201	2	NEUT	1	1
JFCF_6_T_1_P_ALT	chr11	190214	48341203	30642	1	-0.95897	1	DLOH	1	0	1	1	1	0.874750525801624	1	1	HETD	1	0
JFCF_6_T_1_P_ALT	chr11	48341232	48342931	64	0.578462	-0.54726	3	HET	2	1	1	NA	NA	1.26845560354776	0.598092110432438	2	NEUT	1	1
JFCF_6_T_1_P_ALT	chr11	48343056	48343753	34	0.680195	-0.54726	1	DLOH	1	0	1	1	1	1.26845560354776	0.725277304164731	1	HETD	1	0
JFCF_6_T_1_P_ALT	chr11	48343799	48349822	281	0.589744	-0.54726	3	HET	2	1	1	NA	NA	1.26845560354776	0.612196711257025	2	NEUT	1	1
JFCF_6_T_1_P_ALT	chr11	48349871	48355859	241	0.607143	-0.605071	1	DLOH	1	0	1	1	1	1.20616628895404	0.635333011706322	1	HETD	1	0
JFCF_6_T_1_P_ALT	chr11	48355936	48356446	21	0.571429	-0.605071	3	HET	2	1	1	NA	NA	1.20616628895404	0.59022242883969	2	NEUT	1	1
JFCF_6_T_1_P_ALT	chr11	48356474	48358773	99	0.674419	-0.605071	1	DLOH	1	0	1	1	1	1.20616628895404	0.7203097595625	1	HETD	1	0
JFCF_6_T_1_P_ALT	chr11	48358833	48380305	60	0.564272	-0.605071	3	HET	2	1	1	NA	NA	1.20616628895404	0.581182376155126	2	NEUT	1	1
JFCF_6_T_1_P_ALT	chr11	48380376	48383088	110	0.605263	-0.625775	1	DLOH	1	0	1	1	1	1.18445856377157	0.633465948282374	1	HETD	1	0
JFCF_6_T_1_P_ALT	chr11	48383607	48384696	45	0.552632	-0.625775	3	HET	2	1	1	NA	NA	1.18445856377157	0.566733608105392	2	NEUT	1	1
JFCF_6_T_1_P_ALT	chr11	48384701	49926360	524	0.923077	-0.654794	1	DLOH	1	0	1	1	1	1.1545523085275	1	1	HETD	1	0
JFCF_6_T_1_P_ALT	chr11	50000117	58428763	5098	0.575758	-0.047325	3	HET	2	1	1	NA	NA	1.92521679324877	0.588245844999669	2	NEUT	1	1
JFCF_6_T_1_P_ALT	chr11	58430268	58439080	20	0.57634	0.602631	5	GAIN	3	1	2	1	1	3.20150722462162	0.583907219113846	3	GAIN	2	1
JFCF_6_T_1_P_ALT	chr11	58440166	65117808	2650	0.571429	0.1082	3	HET	2	1	1	NA	NA	2.18048116040856	0.581824870751776	2	NEUT	1	1
JFCF_6_T_1_P_ALT	chr11	65120391	65249731	84	0.568323	0.289545	5	GAIN	3	1	2	1	1	2.51504204357514	0.576944053061076	3	GAIN	2	1
JFCF_6_T_1_P_ALT	chr11	65250967	71266005	2933	0.571429	0.071936	3	HET	2	1	1	NA	NA	2.11847748684494	0.582129137462423	2	NEUT	1	1
JFCF_6_T_1_P_ALT	chr11	71272256	71274634	16	0.831301	0.053307	2	NLOH	2	0	2	1	1	2.08722672409166	0.881673297553298	2	NEUT	2	0
JFCF_6_T_1_P_ALT	chr11	71274655	77379758	2861	0.571429	0.110581	3	HET	2	1	1	NA	NA	2.18460694337504	0.581805237422953	2	NEUT	1	1
JFCF_6_T_1_P_ALT	chr11	77380234	77499534	133	0.576923	0.273137	5	GAIN	3	1	2	1	1	2.4830112882418	0.586754417959071	3	GAIN	2	1
JFCF_6_T_1_P_ALT	chr11	77500736	85688209	5964	0.571429	0.039671	3	HET	2	1	1	NA	NA	2.06460632282373	0.582408332994238	2	NEUT	1	1
JFCF_6_T_1_P_ALT	chr11	85689785	85799553	126	0.579211	0.310722	5	GAIN	3	1	2	1	1	2.55692473999399	0.589042192294511	3	GAIN	2	1
JFCF_6_T_1_P_ALT	chr11	85800207	85998216	163	0.560976	0.18152	3	HET	2	1	1	NA	NA	2.31070590382653	0.569350384506889	2	NEUT	1	1
JFCF_6_T_1_P_ALT	chr11	86000593	86039911	52	0.593915	0.32701	5	GAIN	3	1	2	1	1	2.589559123274	0.605424269824985	3	GAIN	2	1
JFCF_6_T_1_P_ALT	chr11	86040441	125298871	25706	0.571429	-0.086474	3	HET	2	1	1	NA	NA	1.86518070961662	0.583582246172565	2	NEUT	1	1
JFCF_6_T_1_P_ALT	chr11	125301587	129539589	2816	0.647059	-0.879443	1	DLOH	1	0	1	1	1	0.94230870995543	0.69658543217582	1	HETD	1	0
JFCF_6_T_1_P_ALT	chr11	129540016	129549483	24	0.642857	0.844488	7	ASCNA	4	1	3	1	1	3.84374718900396	0.654651657936967	4	AMP	3	1
JFCF_6_T_1_P_ALT	chr11	129551393	134939568	3761	0.647059	-0.935051	1	DLOH	1	0	1	1	1	0.894679573115643	0.699222019939944	1	HETD	1	0
JFCF_6_T_1_P_ALT	chr12	260214	2998892	1652	0.565217	0.013602	3	HET	2	1	1	NA	NA	2.02195173221233	0.575452962197803	2	NEUT	1	1
JFCF_6_T_1_P_ALT	chr12	3000403	3019487	94	0.566392	0.357441	5	GAIN	3	1	2	1	1	2.6515262740611	0.57433818106212	3	GAIN	2	1
JFCF_6_T_1_P_ALT	chr12	3020644	11172632	5591	0.565217	0.021759	3	HET	2	1	1	NA	NA	2.03521561006233	0.57538625253245	2	NEUT	1	1
JFCF_6_T_1_P_ALT	chr12	11174143	11174492	18	0.835668	0.033549	2	NLOH	2	0	2	1	1	2.05452003234663	0.887516739276514	2	NEUT	2	0
JFCF_6_T_1_P_ALT	chr12	11174753	11274703	625	0.708333	-0.042071	3	HET	2	1	1	NA	NA	1.9333986520767	0.742528999046639	2	NEUT	1	1
JFCF_6_T_1_P_ALT	chr12	11275014	11275872	22	0.831301	-0.011061	2	NLOH	2	0	2	1	1	1.98230104106106	0.884339566508982	2	NEUT	2	0
JFCF_6_T_1_P_ALT	chr12	11276541	11278468	35	0.74	-0.011061	3	HET	2	1	1	NA	NA	1.98230104106106	0.778422026984995	2	NEUT	1	1
JFCF_6_T_1_P_ALT	chr12	11278682	11280158	32	0.862988	-0.011061	2	NLOH	2	0	2	1	1	1.98230104106106	0.921099394713455	2	NEUT	2	0
JFCF_6_T_1_P_ALT	chr12	11281492	11284772	40	0.714286	0.002893	3	HET	2	1	1	NA	NA	2.00465158603909	0.748208944058891	2	NEUT	1	1
JFCF_6_T_1_P_ALT	chr12	11284914	11285187	23	0.909091	0.002893	2	NLOH	2	0	2	1	1	2.00465158603909	0.973852912154763	2	NEUT	2	0
JFCF_6_T_1_P_ALT	chr12	11285233	49509441	23962	0.566667	0.041203	3	HET	2	1	1	NA	NA	2.06713706934022	0.576901821607169	2	NEUT	1	1
JFCF_6_T_1_P_ALT	chr12	49509818	49549952	41	0.583333	0.280841	5	GAIN	3	1	2	1	1	2.49800523276626	0.593919741600205	3	GAIN	2	1
JFCF_6_T_1_P_ALT	chr12	49556303	53779775	2975	0.566667	0.058688	3	HET	2	1	1	NA	NA	2.09621212135735	0.576759861751302	2	NEUT	1	1
JFCF_6_T_1_P_ALT	chr12	53780692	53804307	37	0.564103	0.323617	5	GAIN	3	1	2	1	1	2.58273054655103	0.571979583762115	3	GAIN	2	1
JFCF_6_T_1_P_ALT	chr12	53811034	56879548	1653	0.571429	0.083012	3	HET	2	1	1	NA	NA	2.13725003052923	0.582035152764764	2	NEUT	1	1
JFCF_6_T_1_P_ALT	chr12	56880672	56969281	56	0.6	0.381605	5	GAIN	3	1	2	1	1	2.70167137648192	0.611746436044961	3	GAIN	2	1
JFCF_6_T_1_P_ALT	chr12	56972164	59919033	1827	0.564103	0.060695	3	HET	2	1	1	NA	NA	2.09957207628522	0.573792161765227	2	NEUT	1	1
JFCF_6_T_1_P_ALT	chr12	59920382	59940367	40	0.636364	0.577479	5	GAIN	3	1	2	1	1	3.14069100920021	0.650142855978484	3	GAIN	2	1
JFCF_6_T_1_P_ALT	chr12	59946684	77422730	12136	0.564103	0.036162	3	HET	2	1	1	NA	NA	2.05881984102779	0.573983948822956	2	NEUT	1	1
JFCF_6_T_1_P_ALT	chr12	77424135	77449790	32	1	-1.010438	1	DLOH	1	0	1	1	1	0.832972107536268	1	1	HETD	1	0
JFCF_6_T_1_P_ALT	chr12	77450413	96907972	12228	0.564103	0.071145	3	HET	2	1	1	NA	NA	2.11714233875918	0.573711750962301	2	NEUT	1	1
JFCF_6_T_1_P_ALT	chr12	96910160	96918529	15	0.551724	-0.881288	1	DLOH	1	0	1	1	1	0.940698816668112	0.569173385819761	1	HETD	1	0
JFCF_6_T_1_P_ALT	chr12	96921724	123914765	18563	0.566667	-0.000562	3	HET	2	1	1	NA	NA	1.99909745504912	0.577250165462408	2	NEUT	1	1
JFCF_6_T_1_P_ALT	chr12	123932903	123949011	31	0.538462	0.317234	5	GAIN	3	1	2	1	1	2.56992789287367	0.543211518301582	3	GAIN	2	1
JFCF_6_T_1_P_ALT	chr12	123951316	133812415	9223	0.571429	-0.083061	3	HET	2	1	1	NA	NA	1.87035005965999	0.583548656533393	2	NEUT	1	1
JFCF_6_T_1_P_ALT	chr13	20140719	22446789	1657	0.611111	-0.194896	3	HET	2	1	1	NA	NA	1.70717007460813	0.63176570074023	2	NEUT	1	1
JFCF_6_T_1_P_ALT	chr13	22447611	22496925	106	0.636364	-0.48879	1	DLOH	1	0	1	1	1	1.33404578990659	0.66880301327534	1	HETD	1	0
JFCF_6_T_1_P_ALT	chr13	22496991	25016589	2294	0.608696	-0.270384	3	HET	2	1	1	NA	NA	1.60396217145649	0.630201922723824	2	NEUT	1	1
JFCF_6_T_1_P_ALT	chr13	25016707	25021245	10	0.916522	-0.24404	2	NLOH	2	0	2	1	1	1.63936812835089	0.997152638247731	2	NEUT	2	0
JFCF_6_T_1_P_ALT	chr13	25021358	53519447	18845	0.6	-0.219009	3	HET	2	1	1	NA	NA	1.67361374102143	0.618961967902449	2	NEUT	1	1
JFCF_6_T_1_P_ALT	chr13	53522196	53537977	35	0.65	-0.511168	1	DLOH	1	0	1	1	1	1.3086282180985	0.686375889193868	1	HETD	1	0
JFCF_6_T_1_P_ALT	chr13	53538323	63604043	5729	0.590909	-0.234101	3	HET	2	1	1	NA	NA	1.65289487232194	0.608363213670124	2	NEUT	1	1
JFCF_6_T_1_P_ALT	chr13	63604049	63608134	22	0.876894	-0.223047	2	NLOH	2	0	2	1	1	1.66804896728563	0.948598938571772	2	NEUT	2	0
JFCF_6_T_1_P_ALT	chr13	63609687	63633671	449	0.678571	-0.093886	3	HET	2	1	1	NA	NA	1.85399647895362	0.709137144768279	2	NEUT	1	1
JFCF_6_T_1_P_ALT	chr13	63633680	63634760	60	0.777378	-0.042357	5	GAIN	3	1	2	1	1	1.93295250765657	0.822917626967288	3	GAIN	2	1
JFCF_6_T_1_P_ALT	chr13	63634768	66799170	3289	0.625	-0.185185	3	HET	2	1	1	NA	NA	1.72084339515552	0.648051930617049	2	NEUT	1	1
JFCF_6_T_1_P_ALT	chr13	66810793	67009502	95	0.666667	-0.49778	1	DLOH	1	0	1	1	1	1.32378728843547	0.706621900339858	1	HETD	1	0
JFCF_6_T_1_P_ALT	chr13	67010450	100927399	25458	0.586207	-0.161184	3	HET	2	1	1	NA	NA	1.75503486161628	0.601795180441363	2	NEUT	1	1
JFCF_6_T_1_P_ALT	chr13	100940921	101117251	48	0.738636	-0.918572	1	DLOH	1	0	1	1	1	0.908603196412393	0.821984989805595	1	HETD	1	0
JFCF_6_T_1_P_ALT	chr13	101145653	112067056	9517	0.608696	-0.249086	3	HET	2	1	1	NA	NA	1.63253622489077	0.629825507563355	2	NEUT	1	1
JFCF_6_T_1_P_ALT	chr13	112067486	112089435	53	0.666667	-0.480228	1	DLOH	1	0	1	1	1	1.34387551179995	0.706024655315684	1	HETD	1	0
JFCF_6_T_1_P_ALT	chr13	112089978	112334749	94	0.609903	-0.382044	3	HET	2	1	1	NA	NA	1.46086767567284	0.633777666174936	2	NEUT	1	1
JFCF_6_T_1_P_ALT	chr13	112335811	112538901	80	0.615385	-0.522647	1	DLOH	1	0	1	1	1	1.29574223221965	0.64364481929293	1	HETD	1	0
JFCF_6_T_1_P_ALT	chr13	112539299	112556865	29	0.576923	-0.302286	3	HET	2	1	1	NA	NA	1.56194290686528	0.5925519462723	2	NEUT	1	1
JFCF_6_T_1_P_ALT	chr13	112558503	112582344	65	0.590909	-0.568706	1	DLOH	1	0	1	1	1	1.24505657688217	0.614080621925813	1	HETD	1	0
JFCF_6_T_1_P_ALT	chr13	112583602	112826557	100	0.615385	-0.419457	3	HET	2	1	1	NA	NA	1.41534645555201	0.641256715853815	2	NEUT	1	1
JFCF_6_T_1_P_ALT	chr13	112833723	112868918	54	0.613248	-0.494864	1	DLOH	1	0	1	1	1	1.32710773806254	0.64032889414104	1	HETD	1	0
JFCF_6_T_1_P_ALT	chr13	112870029	112879401	16	0.6	-0.316693	3	HET	2	1	1	NA	NA	1.54326935853705	0.620563493898712	2	NEUT	1	1
JFCF_6_T_1_P_ALT	chr13	112880348	112907511	76	0.625	-0.500932	1	DLOH	1	0	1	1	1	1.32020564562211	0.655047411688836	1	HETD	1	0
JFCF_6_T_1_P_ALT	chr13	112907935	114839484	1951	0.631579	-0.341093	3	HET	2	1	1	NA	NA	1.51206570435324	0.659194604757213	2	NEUT	1	1
JFCF_6_T_1_P_ALT	chr13	114860226	114879093	24	0.650452	-0.559985	1	DLOH	1	0	1	1	1	1.25452982988946	0.688510845764632	1	HETD	1	0
JFCF_6_T_1_P_ALT	chr13	114880916	115093704	201	0.647059	-0.276288	3	HET	2	1	1	NA	NA	1.59611557298984	0.676298228788972	2	NEUT	1	1
JFCF_6_T_1_P_ALT	chr14	20210007	29183047	7368	0.565217	0.045875	3	HET	2	1	1	NA	NA	2.07487147027019	0.575191893285324	2	NEUT	1	1
JFCF_6_T_1_P_ALT	chr14	29190086	29218473	29	0.571429	0.387762	5	GAIN	3	1	2	1	1	2.71458320850955	0.579779453303193	3	GAIN	2	1
JFCF_6_T_1_P_ALT	chr14	29219527	31886265	1348	0.5625	0.129091	3	HET	2	1	1	NA	NA	2.21691424900524	0.571446841891998	2	NEUT	1	1
JFCF_6_T_1_P_ALT	chr14	31895275	31919728	41	0.571429	0.404379	5	GAIN	3	1	2	1	1	2.74970698731614	0.579672787583496	3	GAIN	2	1
JFCF_6_T_1_P_ALT	chr14	31921538	34935171	2469	0.565217	0.097103	3	HET	2	1	1	NA	NA	2.1613419089082	0.574792820193651	2	NEUT	1	1
JFCF_6_T_1_P_ALT	chr14	34982353	35519367	448	0.564103	0.294655	5	GAIN	3	1	2	1	1	2.52509211390596	0.572159376784375	3	GAIN	2	1
JFCF_6_T_1_P_ALT	chr14	35520127	39579958	2037	0.564103	0.110926	3	HET	2	1	1	NA	NA	2.18520532236151	0.573412465466109	2	NEUT	1	1
JFCF_6_T_1_P_ALT	chr14	39580471	39598673	21	0.538462	0.377337	5	GAIN	3	1	2	1	1	2.6927532457446	0.542994877113875	3	GAIN	2	1
JFCF_6_T_1_P_ALT	chr14	39600212	50087753	7026	0.565217	0.02332	3	HET	2	1	1	NA	NA	2.03776247023427	0.575373542678072	2	NEUT	1	1
JFCF_6_T_1_P_ALT	chr14	50090603	50381272	66	0.565942	0.296911	5	GAIN	3	1	2	1	1	2.52954043170584	0.574214925807861	3	GAIN	2	1
JFCF_6_T_1_P_ALT	chr14	50394591	50597012	194	0.560488	0.199273	3	HET	2	1	1	NA	NA	2.3432450882086	0.56868000388751	2	NEUT	1	1
JFCF_6_T_1_P_ALT	chr14	50600480	50654288	74	0.55719	0.279922	5	GAIN	3	1	2	1	1	2.49621241613408	0.564460716275435	3	GAIN	2	1
JFCF_6_T_1_P_ALT	chr14	50704435	51309741	386	0.563301	0.149906	3	HET	2	1	1	NA	NA	2.25374329990047	0.572214428031161	2	NEUT	1	1
JFCF_6_T_1_P_ALT	chr14	51310200	51437560	106	0.554094	0.276005	5	GAIN	3	1	2	1	1	2.48858379286595	0.560992195021343	3	GAIN	2	1
JFCF_6_T_1_P_ALT	chr14	51443360	64278769	8979	0.5625	0.095988	3	HET	2	1	1	NA	NA	2.15942696930162	0.571685020635535	2	NEUT	1	1
JFCF_6_T_1_P_ALT	chr14	64280206	64299807	27	0.525	0.318502	5	GAIN	3	1	2	1	1	2.57246666769378	0.528084103133083	3	GAIN	2	1
JFCF_6_T_1_P_ALT	chr14	64301039	64829883	487	0.558824	0.181583	3	HET	2	1	1	NA	NA	2.31082066899772	0.566902429691843	2	NEUT	1	1
JFCF_6_T_1_P_ALT	chr14	64830017	64849957	39	0.571429	0.324514	5	GAIN	3	1	2	1	1	2.58453424112246	0.580199632619069	3	GAIN	2	1
JFCF_6_T_1_P_ALT	chr14	64850435	65841322	434	0.566667	0.155243	3	HET	2	1	1	NA	NA	2.26327222829865	0.576014872022522	2	NEUT	1	1
JFCF_6_T_1_P_ALT	chr14	65850968	65915778	83	0.571429	0.313716	5	GAIN	3	1	2	1	1	2.56289586647085	0.580273682539328	3	GAIN	2	1
JFCF_6_T_1_P_ALT	chr14	65920435	73816390	4650	0.565217	0.087257	3	HET	2	1	1	NA	NA	2.14448310608165	0.574868100275872	2	NEUT	1	1
JFCF_6_T_1_P_ALT	chr14	73820542	73951538	94	0.578947	0.2764	5	GAIN	3	1	2	1	1	2.48935214348666	0.589011401069381	3	GAIN	2	1
JFCF_6_T_1_P_ALT	chr14	73964064	74280574	85	0.575758	0.17949	3	HET	2	1	1	NA	NA	2.30701059614157	0.58617919570021	2	NEUT	1	1
JFCF_6_T_1_P_ALT	chr14	74286385	74329567	91	0.566667	0.346651	5	GAIN	3	1	2	1	1	2.62940470260486	0.574713223968986	3	GAIN	2	1
JFCF_6_T_1_P_ALT	chr14	74330463	91418457	13485	0.566667	0.031023	3	HET	2	1	1	NA	NA	2.05037078267569	0.576985513763962	2	NEUT	1	1
JFCF_6_T_1_P_ALT	chr14	91418983	91419128	14	0.87936	0.063261	2	NLOH	2	0	2	1	1	2.10387467713287	0.936582958853013	2	NEUT	2	0
JFCF_6_T_1_P_ALT	chr14	91419557	107008570	14370	0.571429	-0.021424	3	HET	2	1	1	NA	NA	1.96584163861545	0.582959939153499	2	NEUT	1	1
JFCF_6_T_1_P_ALT	chr14	107009740	107010289	29	0.842105	-0.141018	2	NLOH	2	0	2	1	1	1.78420607386371	0.90295394434676	2	NEUT	2	0
JFCF_6_T_1_P_ALT	chr14	107010826	107032496	255	0.675676	-0.121822	3	HET	2	1	1	NA	NA	1.81235550968128	0.706437512262442	2	NEUT	1	1
JFCF_6_T_1_P_ALT	chr14	107032508	107033515	51	0.833333	-0.225186	2	NLOH	2	0	2	1	1	1.66510751270069	0.8968623878649	2	NEUT	2	0
JFCF_6_T_1_P_ALT	chr14	107034379	107268495	1590	0.657143	-0.202037	3	HET	2	1	1	NA	NA	1.69717393716514	0.686526757158007	2	NEUT	1	1
JFCF_6_T_1_P_ALT	chr15	21910133	28517436	4503	0.571429	-0.099129	3	HET	2	1	1	NA	NA	1.84611975625205	0.583707726904646	2	NEUT	1	1
JFCF_6_T_1_P_ALT	chr15	28517859	28518234	10	0.88593	-0.122266	2	NLOH	2	0	2	1	1	1.81170017797709	0.95353220357087	2	NEUT	2	0
JFCF_6_T_1_P_ALT	chr15	29106221	36381015	4169	0.565217	-0.001689	3	HET	2	1	1	NA	NA	1.99728860639983	0.575579358965245	2	NEUT	1	1
JFCF_6_T_1_P_ALT	chr15	36381030	36381182	19	0.833333	-0.023523	2	NLOH	2	0	2	1	1	1.96252220191479	0.887234688810404	2	NEUT	2	0
JFCF_6_T_1_P_ALT	chr15	36381553	61189609	16189	0.566667	0.021192	3	HET	2	1	1	NA	NA	2.03429119940559	0.577067074064346	2	NEUT	1	1
JFCF_6_T_1_P_ALT	chr15	61190011	61197157	12	0.561562	-1.060045	1	DLOH	1	0	1	1	1	0.794090633041707	0.586164615957038	1	HETD	1	0
JFCF_6_T_1_P_ALT	chr15	61200750	65052719	2418	0.565217	0.004583	3	HET	2	1	1	NA	NA	2.0073732160906	0.575527300710804	2	NEUT	1	1
JFCF_6_T_1_P_ALT	chr15	65081959	67188057	1607	0.636364	0.508005	5	GAIN	3	1	2	1	1	2.97811255097745	0.650895058967025	3	GAIN	2	1
JFCF_6_T_1_P_ALT	chr15	67194715	67328626	86	0.718623	0.825433	7	ASCNA	4	1	3	1	1	3.78914910811039	0.736933187595318	4	AMP	3	1
JFCF_6_T_1_P_ALT	chr15	67330677	67359883	27	0.75	1.092638	10	ASCNA	5	1	4	1	1	4.62471501716438	0.767155116542621	5	HLAMP	4	1
JFCF_6_T_1_P_ALT	chr15	67360728	67550429	151	0.741935	0.975006	7	ASCNA	4	1	3	1	1	4.23774766909175	0.7600526659234	4	AMP	3	1
JFCF_6_T_1_P_ALT	chr15	67555037	67659787	115	0.754098	1.0751	10	ASCNA	5	1	4	1	1	4.56500091149188	0.771762405193051	5	HLAMP	4	1
JFCF_6_T_1_P_ALT	chr15	67660134	67676743	15	0.759259	0.923677	7	ASCNA	4	1	3	1	1	4.07853299622823	0.779431907697793	4	AMP	3	1
JFCF_6_T_1_P_ALT	chr15	67681907	67929567	38	0.7775	1.078826	10	ASCNA	5	1	4	1	1	4.57762669244979	0.796738059102037	5	HLAMP	4	1
JFCF_6_T_1_P_ALT	chr15	67982327	68432140	390	0.745763	1.014455	7	ASCNA	4	1	3	1	1	4.36402062842836	0.763634802028724	4	AMP	3	1
JFCF_6_T_1_P_ALT	chr15	68436575	68589371	115	0.758621	1.073162	10	ASCNA	5	1	4	1	1	4.55844675860649	0.776625685511861	5	HLAMP	4	1
JFCF_6_T_1_P_ALT	chr15	68593127	68719880	145	0.758065	0.956449	7	ASCNA	4	1	3	1	1	4.17953187593005	0.77765976709033	4	AMP	3	1
JFCF_6_T_1_P_ALT	chr15	68722233	68750754	96	0.736842	1.04933	10	ASCNA	5	1	4	1	1	4.47856466861451	0.753624571657779	5	HLAMP	4	1
JFCF_6_T_1_P_ALT	chr15	68751194	69509826	363	0.740741	0.936981	7	ASCNA	4	1	3	1	1	4.11925768949654	0.759287832044817	4	AMP	3	1
JFCF_6_T_1_P_ALT	chr15	69511133	69559218	45	0.740741	1.215875	10	ASCNA	5	1	4	1	1	5.0654282502555	0.755823472150812	5	HLAMP	4	1
JFCF_6_T_1_P_ALT	chr15	69560081	70300489	552	0.74218	0.917521	7	ASCNA	4	1	3	1	1	4.05981566328206	0.761110871173775	4	AMP	3	1
JFCF_6_T_1_P_ALT	chr15	70315433	70428791	128	0.666667	0.33688	5	GAIN	3	1	2	1	1	2.60951452677121	0.686935823429795	3	GAIN	2	1
JFCF_6_T_1_P_ALT	chr15	70430196	70572002	175	0.611111	0.186807	3	HET	2	1	1	NA	NA	2.32035452828277	0.626307422173383	2	NEUT	1	1
JFCF_6_T_1_P_ALT	chr15	70573257	70819162	195	0.64	0.374005	5	GAIN	3	1	2	1	1	2.68580923409361	0.656542133182694	3	GAIN	2	1
JFCF_6_T_1_P_ALT	chr15	70822341	71459982	248	0.701064	0.819047	7	ASCNA	4	1	3	1	1	3.77101211514807	0.717984571622453	4	AMP	3	1
JFCF_6_T_1_P_ALT	chr15	71486201	71558551	78	0.707487	0.691953	5	GAIN	3	1	2	1	1	3.42625697686637	0.72670506237035	3	GAIN	2	1
JFCF_6_T_1_P_ALT	chr15	71560102	71648497	107	0.716981	0.766661	7	ASCNA	4	1	3	1	1	3.62522167546333	0.73597540869985	4	AMP	3	1
JFCF_6_T_1_P_ALT	chr15	71649544	71828726	215	0.685185	0.724289	5	GAIN	3	1	2	1	1	3.51111211806612	0.701922852954659	3	GAIN	2	1
JFCF_6_T_1_P_ALT	chr15	71830550	71930620	129	0.709677	0.796081	7	ASCNA	4	1	3	1	1	3.70644549611945	0.727629784431275	4	AMP	3	1
JFCF_6_T_1_P_ALT	chr15	71931601	71956647	51	0.693878	0.671433	5	GAIN	3	1	2	1	1	3.37338711567452	0.71211699856505	3	GAIN	2	1
JFCF_6_T_1_P_ALT	chr15	71970075	72888850	223	0.710526	0.838938	7	ASCNA	4	1	3	1	1	3.82777033657779	0.727980142061475	4	AMP	3	1
JFCF_6_T_1_P_ALT	chr15	72902893	73959013	562	0.676073	0.658236	5	GAIN	3	1	2	1	1	3.33978017575282	0.692803677255494	3	GAIN	2	1
JFCF_6_T_1_P_ALT	chr15	73961176	74139953	131	0.607143	0.198769	3	HET	2	1	1	NA	NA	2.34231578177987	0.621659335529938	2	NEUT	1	1
JFCF_6_T_1_P_ALT	chr15	74140318	74168864	41	0.666667	0.350948	5	GAIN	3	1	2	1	1	2.63819455815922	0.68671547937277	3	GAIN	2	1
JFCF_6_T_1_P_ALT	chr15	74170030	74288796	103	0.745098	0.96857	7	ASCNA	4	1	3	1	1	4.21747220306886	0.763540771204796	4	AMP	3	1
JFCF_6_T_1_P_ALT	chr15	74290913	74479539	97	0.709091	0.677495	5	GAIN	3	1	2	1	1	3.38892769693603	0.728670954420176	3	GAIN	2	1
JFCF_6_T_1_P_ALT	chr15	74482162	76640009	896	0.727273	0.84425	7	ASCNA	4	1	3	1	1	3.84306079344323	0.74604062123761	4	AMP	3	1
JFCF_6_T_1_P_ALT	chr15	76650702	77997243	808	0.607143	0.31711	5	GAIN	3	1	2	1	1	2.5696797412717	0.620374937528744	3	GAIN	2	1
JFCF_6_T_1_P_ALT	chr15	78000117	78127406	131	0.59375	0.156374	3	HET	2	1	1	NA	NA	2.26529609898533	0.606883634902861	2	NEUT	1	1
JFCF_6_T_1_P_ALT	chr15	78130320	79298294	823	0.604167	0.271505	5	GAIN	3	1	2	1	1	2.47984526514277	0.617497431689149	3	GAIN	2	1
JFCF_6_T_1_P_ALT	chr15	79301455	79428249	126	0.6	0.192765	3	HET	2	1	1	NA	NA	2.33127016813778	0.613612755171871	2	NEUT	1	1
JFCF_6_T_1_P_ALT	chr15	79430135	79888312	518	0.606061	0.234158	5	GAIN	3	1	2	1	1	2.40836357287099	0.620036659396246	3	GAIN	2	1
JFCF_6_T_1_P_ALT	chr15	79889758	79966600	121	0.611111	0.173007	3	HET	2	1	1	NA	NA	2.29524403422914	0.626473674503389	2	NEUT	1	1
JFCF_6_T_1_P_ALT	chr15	79970991	81431903	872	0.606061	0.308174	5	GAIN	3	1	2	1	1	2.55185285120421	0.619250815776755	3	GAIN	2	1
JFCF_6_T_1_P_ALT	chr15	81433836	81725977	99	0.576923	0.189829	3	HET	2	1	1	NA	NA	2.32588549465765	0.587418581931212	2	NEUT	1	1
JFCF_6_T_1_P_ALT	chr15	81729543	81858503	93	0.6	0.280594	5	GAIN	3	1	2	1	1	2.49752326448966	0.612706592362746	3	GAIN	2	1
JFCF_6_T_1_P_ALT	chr15	81860430	82109420	223	0.592593	0.191294	3	HET	2	1	1	NA	NA	2.3285709595737	0.605212069100727	2	NEUT	1	1
JFCF_6_T_1_P_ALT	chr15	82120086	84570033	665	0.609756	0.292907	5	GAIN	3	1	2	1	1	2.52165023600309	0.623568810801587	3	GAIN	2	1
JFCF_6_T_1_P_ALT	chr15	84570175	84645052	108	0.613248	0.167781	3	HET	2	1	1	NA	NA	2.28579732691238	0.628970856853968	2	NEUT	1	1
JFCF_6_T_1_P_ALT	chr15	84686061	86559534	1279	0.608696	0.356509	5	GAIN	3	1	2	1	1	2.64960896018802	0.621714783914753	3	GAIN	2	1
JFCF_6_T_1_P_ALT	chr15	86560499	87359481	660	0.615385	0.197005	3	HET	2	1	1	NA	NA	2.33906576470486	0.63103972928777	2	NEUT	1	1
JFCF_6_T_1_P_ALT	chr15	87361048	88445007	631	0.612903	0.29207	5	GAIN	3	1	2	1	1	2.52000362737002	0.627121145559174	3	GAIN	2	1
JFCF_6_T_1_P_ALT	chr15	88448972	89045769	148	0.608586	0.16807	3	HET	2	1	1	NA	NA	2.28631884042796	0.623658166397312	2	NEUT	1	1
JFCF_6_T_1_P_ALT	chr15	89049772	89165031	51	0.6	0.307096	5	GAIN	3	1	2	1	1	2.54970974720976	0.612446518696128	3	GAIN	2	1
JFCF_6_T_1_P_ALT	chr15	89171722	89239725	70	0.634848	0.1235	3	HET	2	1	1	NA	NA	2.20711200272439	0.654237150293997	2	NEUT	1	1
JFCF_6_T_1_P_ALT	chr15	89240265	98819843	7764	0.641509	0.386239	5	GAIN	3	1	2	1	1	2.71138419706028	0.658071719294393	3	GAIN	2	1
JFCF_6_T_1_P_ALT	chr15	98820733	98899773	151	0.606061	0.120273	3	HET	2	1	1	NA	NA	2.20147163185946	0.621350076865524	2	NEUT	1	1
JFCF_6_T_1_P_ALT	chr15	98900780	98929257	77	0.642857	0.296605	5	GAIN	3	1	2	1	1	2.52893666161026	0.660783776885592	3	GAIN	2	1
JFCF_6_T_1_P_ALT	chr15	98930555	98959313	73	0.625	0.169791	3	HET	2	1	1	NA	NA	2.28942662678511	0.64232694207529	2	NEUT	1	1
JFCF_6_T_1_P_ALT	chr15	98960553	100415741	1171	0.609756	0.306081	5	GAIN	3	1	2	1	1	2.54769335273784	0.623427613022131	3	GAIN	2	1
JFCF_6_T_1_P_ALT	chr15	100436626	100800514	403	0.609756	0.156968	3	HET	2	1	1	NA	NA	2.26635966935721	0.62512473343125	2	NEUT	1	1
JFCF_6_T_1_P_ALT	chr15	100800905	102130804	1379	0.615385	0.329222	5	GAIN	3	1	2	1	1	2.59401953588793	0.629501100833532	3	GAIN	2	1
JFCF_6_T_1_P_ALT	chr15	102131222	102186319	46	0.569498	0.146839	3	HET	2	1	1	NA	NA	2.24828326343895	0.579307794715419	2	NEUT	1	1
JFCF_6_T_1_P_ALT	chr15	102190057	102399429	158	0.612007	0.31593	5	GAIN	3	1	2	1	1	2.56731936551307	0.625852349032588	3	GAIN	2	1
JFCF_6_T_1_P_ALT	chr16	90024	24709089	20488	0.571429	-0.042403	3	HET	2	1	1	NA	NA	1.93288075841866	0.583156573065001	2	NEUT	1	1
JFCF_6_T_1_P_ALT	chr16	24710690	24729996	52	0.573593	0.347819	5	GAIN	3	1	2	1	1	2.63179134921128	0.582467087204717	3	GAIN	2	1
JFCF_6_T_1_P_ALT	chr16	24732549	32531684	4098	0.576923	-0.030138	3	HET	2	1	1	NA	NA	1.95209253219327	0.589428309747981	2	NEUT	1	1
JFCF_6_T_1_P_ALT	chr16	32531726	32532069	15	0.8	-0.326687	1	DLOH	1	0	1	1	1	1.53042480579844	0.862208237709117	1	HETD	1	0
JFCF_6_T_1_P_ALT	chr16	32532112	32542447	210	0.693878	-0.326687	3	HET	2	1	1	NA	NA	1.53042480579844	0.734080695701894	2	NEUT	1	1
JFCF_6_T_1_P_ALT	chr16	32542529	32542962	13	0.811594	-0.339966	1	DLOH	1	0	1	1	1	1.51349536000433	0.876929110890992	1	HETD	1	0
JFCF_6_T_1_P_ALT	chr16	32543002	32601972	633	0.678571	-0.254241	3	HET	2	1	1	NA	NA	1.62558137516735	0.71343208148215	2	NEUT	1	1
JFCF_6_T_1_P_ALT	chr16	32601995	32603400	41	0.814815	-0.264796	1	DLOH	1	0	1	1	1	1.61141843353391	0.876814149180092	1	HETD	1	0
JFCF_6_T_1_P_ALT	chr16	32603535	33909759	232	0.657143	-0.071408	3	HET	2	1	1	NA	NA	1.88809220521891	0.68355555903007	2	NEUT	1	1
JFCF_6_T_1_P_ALT	chr16	33931358	33931453	9	0.865385	-0.007935	2	NLOH	2	0	2	1	1	1.98728927700933	0.923733307803035	2	NEUT	2	0
JFCF_6_T_1_P_ALT	chr16	33931737	33964596	708	0.644068	-0.135209	3	HET	2	1	1	NA	NA	1.79268503170007	0.669571640323636	2	NEUT	1	1
JFCF_6_T_1_P_ALT	chr16	33964599	33964714	11	0.834951	0.041157	2	NLOH	2	0	2	1	1	2.06706104172659	0.886375090207202	2	NEUT	2	0
JFCF_6_T_1_P_ALT	chr16	33964718	33965884	103	0.626316	0.041157	3	HET	2	1	1	NA	NA	2.06706104172659	0.645708942187403	2	NEUT	1	1
JFCF_6_T_1_P_ALT	chr16	33965885	33965887	2	0.882202	0.041157	2	NLOH	2	0	2	1	1	2.06706104172659	0.940880404081113	2	NEUT	2	0
JFCF_6_T_1_P_ALT	chr16	33965898	33967711	107	0.689815	0.041157	5	GAIN	3	1	2	1	1	2.06706104172659	0.718956766057364	3	GAIN	2	1
JFCF_6_T_1_P_ALT	chr16	33967771	33968341	26	0.62929	0.041157	3	HET	2	1	1	NA	NA	2.06706104172659	0.649139532089437	2	NEUT	1	1
JFCF_6_T_1_P_ALT	chr16	33968351	33969958	51	0.702359	0.041157	5	GAIN	3	1	2	1	1	2.06706104172659	0.733426611293112	3	GAIN	2	1
JFCF_6_T_1_P_ALT	chr16	33970046	33970893	36	0.698739	-0.332243	3	HET	2	1	1	NA	NA	1.52332247706287	0.74014181690172	2	NEUT	1	1
JFCF_6_T_1_P_ALT	chr16	33970988	33970988	1	0.862319	-0.332243	1	DLOH	1	0	1	1	1	1.52332247706287	0.93780004406792	1	HETD	1	0
JFCF_6_T_1_P_ALT	chr16	33971031	33971372	14	0.57313	-0.332243	3	HET	2	1	1	NA	NA	1.52332247706287	0.588364996654018	2	NEUT	1	1
JFCF_6_T_1_P_ALT	chr16	33971450	33971664	5	0.769036	-0.332243	1	DLOH	1	0	1	1	1	1.52332247706287	0.825083621493372	1	HETD	1	0
JFCF_6_T_1_P_ALT	chr16	33971682	34190073	578	0.641942	-0.254156	3	HET	2	1	1	NA	NA	1.62569585122496	0.669650324355191	2	NEUT	1	1
JFCF_6_T_1_P_ALT	chr16	34190091	34326140	267	0.681818	0.125295	5	GAIN	3	1	2	1	1	2.21025489121021	0.707923568539168	3	GAIN	2	1
JFCF_6_T_1_P_ALT	chr16	46440037	46501143	153	0.674699	0.022169	3	HET	2	1	1	NA	NA	2.03588428153142	0.701930776231008	2	NEUT	1	1
JFCF_6_T_1_P_ALT	chr16	46561893	48689319	501	0.65	0.286812	5	GAIN	3	1	2	1	1	2.50968152035816	0.668967552126186	3	GAIN	2	1
JFCF_6_T_1_P_ALT	chr16	48700581	49965088	842	0.65625	0.1057	3	HET	2	1	1	NA	NA	2.17615649678641	0.679036023550301	2	NEUT	1	1
JFCF_6_T_1_P_ALT	chr16	49969735	50450235	175	0.65625	0.313002	5	GAIN	3	1	2	1	1	2.56147076500527	0.675608391226774	3	GAIN	2	1
JFCF_6_T_1_P_ALT	chr16	50451193	51685859	573	0.653846	0.17524	3	HET	2	1	1	NA	NA	2.29929093238386	0.67507995645847	2	NEUT	1	1
JFCF_6_T_1_P_ALT	chr16	51690206	52140941	326	0.644009	0.259676	5	GAIN	3	1	2	1	1	2.45700416239274	0.662609404226266	3	GAIN	2	1
JFCF_6_T_1_P_ALT	chr16	52144065	52229812	90	0.619869	0.118404	3	HET	2	1	1	NA	NA	2.1982106310097	0.637174183882853	2	NEUT	1	1
JFCF_6_T_1_P_ALT	chr16	52240559	52298333	78	0.657143	0.301637	5	GAIN	3	1	2	1	1	2.53888160597776	0.67678524984227	3	GAIN	2	1
JFCF_6_T_1_P_ALT	chr16	52299679	53087908	819	0.65	0.157811	3	HET	2	1	1	NA	NA	2.26786983175855	0.670989967938595	2	NEUT	1	1
JFCF_6_T_1_P_ALT	chr16	53090931	53928607	589	0.64	0.268359	5	GAIN	3	1	2	1	1	2.47375223193323	0.657960171386673	3	GAIN	2	1
JFCF_6_T_1_P_ALT	chr16	53930607	54039486	92	0.644009	0.182264	3	HET	2	1	1	NA	NA	2.31206154577938	0.663775459370231	2	NEUT	1	1
JFCF_6_T_1_P_ALT	chr16	54042041	54269602	251	0.645161	0.214614	5	GAIN	3	1	2	1	1	2.37168767087785	0.664584661254988	3	GAIN	2	1
JFCF_6_T_1_P_ALT	chr16	54270657	56178907	1542	0.652174	0.139542	3	HET	2	1	1	NA	NA	2.23533932148056	0.673778073131844	2	NEUT	1	1
JFCF_6_T_1_P_ALT	chr16	56200376	59129451	2515	0.655172	0.313471	5	GAIN	3	1	2	1	1	2.56240678157952	0.674389811211984	3	GAIN	2	1
JFCF_6_T_1_P_ALT	chr16	59140569	59379282	226	0.65	0.175372	3	HET	2	1	1	NA	NA	2.29953035402747	0.670700972689552	2	NEUT	1	1
JFCF_6_T_1_P_ALT	chr16	59380464	59839925	415	0.657143	0.240707	5	GAIN	3	1	2	1	1	2.4207648604838	0.677743657105784	3	GAIN	2	1
JFCF_6_T_1_P_ALT	chr16	59851280	60211616	424	0.647059	0.163378	3	HET	2	1	1	NA	NA	2.27786482177088	0.667547129043588	2	NEUT	1	1
JFCF_6_T_1_P_ALT	chr16	60212849	60319835	123	0.65	0.26998	5	GAIN	3	1	2	1	1	2.4768900534967	0.669218662931896	3	GAIN	2	1
JFCF_6_T_1_P_ALT	chr16	60330362	60887020	303	0.636364	0.178943	3	HET	2	1	1	NA	NA	2.30601575443635	0.655130189695555	2	NEUT	1	1
JFCF_6_T_1_P_ALT	chr16	60891952	62358480	1159	0.636364	0.286197	5	GAIN	3	1	2	1	1	2.50847665455151	0.653615557438324	3	GAIN	2	1
JFCF_6_T_1_P_ALT	chr16	62359602	63069599	444	0.642857	0.176564	3	HET	2	1	1	NA	NA	2.30169339639535	0.662553664795354	2	NEUT	1	1
JFCF_6_T_1_P_ALT	chr16	63071187	63415572	138	0.642857	0.229042	5	GAIN	3	1	2	1	1	2.39871492576861	0.661756987990842	3	GAIN	2	1
JFCF_6_T_1_P_ALT	chr16	63430969	64086228	475	0.64	0.178611	3	HET	2	1	1	NA	NA	2.30541212218399	0.659271614661068	2	NEUT	1	1
JFCF_6_T_1_P_ALT	chr16	64090527	64239702	54	0.675445	0.245348	5	GAIN	3	1	2	1	1	2.42958727451319	0.698361438913656	3	GAIN	2	1
JFCF_6_T_1_P_ALT	chr16	64240955	64810506	420	0.65625	0.199531	3	HET	2	1	1	NA	NA	2.34372093024104	0.677406935770427	2	NEUT	1	1
JFCF_6_T_1_P_ALT	chr16	64816064	64978844	258	0.666667	0.205172	5	GAIN	3	1	2	1	1	2.3541462013986	0.689134503993247	3	GAIN	2	1
JFCF_6_T_1_P_ALT	chr16	64983881	66248320	1038	0.652174	0.117092	3	HET	2	1	1	NA	NA	2.19592399708716	0.674165851375463	2	NEUT	1	1
JFCF_6_T_1_P_ALT	chr16	66249317	68699082	404	0.657143	0.254727	5	GAIN	3	1	2	1	1	2.44750336306313	0.677518598896888	3	GAIN	2	1
JFCF_6_T_1_P_ALT	chr16	68701491	68734554	62	0.642581	0.151589	3	HET	2	1	1	NA	NA	2.25674440200894	0.662631163688229	2	NEUT	1	1
JFCF_6_T_1_P_ALT	chr16	68736169	71399883	916	0.647854	0.307601	5	GAIN	3	1	2	1	1	2.55071350657432	0.666249433913358	3	GAIN	2	1
JFCF_6_T_1_P_ALT	chr16	71400761	71559121	130	0.636364	0.150782	3	HET	2	1	1	NA	NA	2.25530493398203	0.655552149875717	2	NEUT	1	1
JFCF_6_T_1_P_ALT	chr16	71562748	72108818	219	0.642857	0.273721	5	GAIN	3	1	2	1	1	2.48414509826733	0.661107014188826	3	GAIN	2	1
JFCF_6_T_1_P_ALT	chr16	72110323	72168337	50	0.622845	0.145076	3	HET	2	1	1	NA	NA	2.24514992694466	0.640209039975121	2	NEUT	1	1
JFCF_6_T_1_P_ALT	chr16	72173710	72559894	321	0.648649	0.219708	5	GAIN	3	1	2	1	1	2.3811991542542	0.668459932230352	3	GAIN	2	1
JFCF_6_T_1_P_ALT	chr16	72570004	72588685	21	0.653846	-0.133828	3	HET	2	1	1	NA	NA	1.79470580085312	0.681049925858147	2	NEUT	1	1
JFCF_6_T_1_P_ALT	chr16	72590836	73139964	310	0.648649	0.269041	5	GAIN	3	1	2	1	1	2.4750719715403	0.667708556899488	3	GAIN	2	1
JFCF_6_T_1_P_ALT	chr16	73140723	73168311	60	0.64611	0.153698	3	HET	2	1	1	NA	NA	2.2605100871323	0.66662219476125	2	NEUT	1	1
JFCF_6_T_1_P_ALT	chr16	73170481	73319806	126	0.65625	0.258781	5	GAIN	3	1	2	1	1	2.45528357907181	0.67644561145913	3	GAIN	2	1
JFCF_6_T_1_P_ALT	chr16	73320201	74139872	598	0.641941	0.154792	3	HET	2	1	1	NA	NA	2.26246562763854	0.661850690581927	2	NEUT	1	1
JFCF_6_T_1_P_ALT	chr16	74140429	75279366	1030	0.652174	0.311074	5	GAIN	3	1	2	1	1	2.55762611357043	0.671055741126867	3	GAIN	2	1
JFCF_6_T_1_P_ALT	chr16	75280359	75289942	31	0.645161	0.091	3	HET	2	1	1	NA	NA	2.15087850166952	0.666578694158924	2	NEUT	1	1
JFCF_6_T_1_P_ALT	chr16	75290608	75938409	103	0.645161	0.277702	5	GAIN	3	1	2	1	1	2.49188627279878	0.663647741720369	3	GAIN	2	1
JFCF_6_T_1_P_ALT	chr16	75948589	77208500	1736	0.645161	0.172455	3	HET	2	1	1	NA	NA	2.29424460187475	0.66524031407319	2	NEUT	1	1
JFCF_6_T_1_P_ALT	chr16	77211179	77238044	74	0.621156	0.341009	5	GAIN	3	1	2	1	1	2.61790322563716	0.635842894605396	3	GAIN	2	1
JFCF_6_T_1_P_ALT	chr16	77240217	77276815	74	0.644009	0.180112	3	HET	2	1	1	NA	NA	2.3081423005155	0.663809022986414	2	NEUT	1	1
JFCF_6_T_1_P_ALT	chr16	77280659	77319899	62	0.657143	0.272205	5	GAIN	3	1	2	1	1	2.48120280211342	0.677241859626501	3	GAIN	2	1
JFCF_6_T_1_P_ALT	chr16	77320144	77349653	56	0.648352	0.10727	3	HET	2	1	1	NA	NA	2.178871510109	0.669959296196063	2	NEUT	1	1
JFCF_6_T_1_P_ALT	chr16	77350083	77449432	65	0.647059	0.334991	5	GAIN	3	1	2	1	1	2.60568472969603	0.66496952765533	3	GAIN	2	1
JFCF_6_T_1_P_ALT	chr16	77450053	77648853	253	0.636364	0.154776	3	HET	2	1	1	NA	NA	2.26243701672522	0.655491661353123	2	NEUT	1	1
JFCF_6_T_1_P_ALT	chr16	77649950	77879776	284	0.648649	0.290213	5	GAIN	3	1	2	1	1	2.51635380801186	0.667395876898512	3	GAIN	2	1
JFCF_6_T_1_P_ALT	chr16	77880884	77930524	96	0.633971	0.098563	3	HET	2	1	1	NA	NA	2.16385160222388	0.653619163605479	2	NEUT	1	1
JFCF_6_T_1_P_ALT	chr16	77933986	78010013	135	0.666667	0.220945	5	GAIN	3	1	2	1	1	2.38351394485563	0.688857677463737	3	GAIN	2	1
JFCF_6_T_1_P_ALT	chr16	78012073	80403759	2662	0.64	0.127126	3	HET	2	1	1	NA	NA	2.21346484390183	0.660072157087152	2	NEUT	1	1
JFCF_6_T_1_P_ALT	chr16	80411798	80639912	322	0.641941	0.289442	5	GAIN	3	1	2	1	1	2.51483983453673	0.659852673729642	3	GAIN	2	1
JFCF_6_T_1_P_ALT	chr16	80640065	80649830	34	0.638095	0.075132	3	HET	2	1	1	NA	NA	2.12387955316014	0.658729156041122	2	NEUT	1	1
JFCF_6_T_1_P_ALT	chr16	80650805	82293863	1526	0.647059	0.278276	5	GAIN	3	1	2	1	1	2.49300419616805	0.665779060112224	3	GAIN	2	1
JFCF_6_T_1_P_ALT	chr16	82300059	82459672	279	0.62963	0.170332	3	HET	2	1	1	NA	NA	2.29040433213668	0.647591061693562	2	NEUT	1	1
JFCF_6_T_1_P_ALT	chr16	82462538	82795419	594	0.650581	0.30119	5	GAIN	3	1	2	1	1	2.5379967773985	0.669409587920756	3	GAIN	2	1
JFCF_6_T_1_P_ALT	chr16	82803959	82839987	107	0.625	0.179365	3	HET	2	1	1	NA	NA	2.30678322246473	0.642196571468709	2	NEUT	1	1
JFCF_6_T_1_P_ALT	chr16	82840376	83489146	802	0.642857	0.278327	5	GAIN	3	1	2	1	1	2.49310354537107	0.661041436572903	3	GAIN	2	1
JFCF_6_T_1_P_ALT	chr16	83490561	83508693	58	0.632468	0.110069	3	HET	2	1	1	NA	NA	2.18371917798546	0.651718979485548	2	NEUT	1	1
JFCF_6_T_1_P_ALT	chr16	83510344	83944202	715	0.647059	0.239102	5	GAIN	3	1	2	1	1	2.4177203980343	0.66636197169608	3	GAIN	2	1
JFCF_6_T_1_P_ALT	chr16	83949554	84098815	256	0.647059	0.122018	3	HET	2	1	1	NA	NA	2.20452009535752	0.668228772283125	2	NEUT	1	1
JFCF_6_T_1_P_ALT	chr16	84100602	84109997	19	0.689655	-1.300584	1	DLOH	1	0	1	1	1	0.623405592666547	0.786200545943504	1	HETD	1	0
JFCF_6_T_1_P_ALT	chr16	84112158	84439763	191	0.645161	0.208866	5	GAIN	3	1	2	1	1	2.36099529419691	0.664672626319202	3	GAIN	2	1
JFCF_6_T_1_P_ALT	chr16	84440081	84477598	86	0.65	0.192149	3	HET	2	1	1	NA	NA	2.33013950519779	0.670429040815511	2	NEUT	1	1
JFCF_6_T_1_P_ALT	chr16	84479189	85549332	1425	0.647059	0.273655	5	GAIN	3	1	2	1	1	2.48401693919796	0.66584678992037	3	GAIN	2	1
JFCF_6_T_1_P_ALT	chr16	85552082	85579382	51	0.645161	0.10835	3	HET	2	1	1	NA	NA	2.18074087861443	0.666285407018514	2	NEUT	1	1
JFCF_6_T_1_P_ALT	chr16	85581555	86649008	853	0.642857	0.242402	5	GAIN	3	1	2	1	1	2.42398371975489	0.661559965255503	3	GAIN	2	1
JFCF_6_T_1_P_ALT	chr16	86650293	87049480	323	0.64	0.172674	3	HET	2	1	1	NA	NA	2.29464107003729	0.659362075678774	2	NEUT	1	1
JFCF_6_T_1_P_ALT	chr16	87050050	87067192	36	0.666667	0.310862	5	GAIN	3	1	2	1	1	2.55720367489803	0.687350447978667	3	GAIN	2	1
JFCF_6_T_1_P_ALT	chr16	87069386	87373762	363	0.645161	0.146394	3	HET	2	1	1	NA	NA	2.24749201459382	0.665658006273052	2	NEUT	1	1
JFCF_6_T_1_P_ALT	chr16	87375753	87549542	162	0.651923	0.279019	5	GAIN	3	1	2	1	1	2.49445192487591	0.67125100500974	3	GAIN	2	1
JFCF_6_T_1_P_ALT	chr16	87553641	87682180	158	0.656534	0.15781	3	HET	2	1	1	NA	NA	2.26786803982126	0.678438308249496	2	NEUT	1	1
JFCF_6_T_1_P_ALT	chr16	87682775	87847308	173	0.659574	0.233154	5	GAIN	3	1	2	1	1	2.40646735472475	0.680617636772867	3	GAIN	2	1
JFCF_6_T_1_P_ALT	chr16	87848401	88086385	264	0.631481	0.205602	3	HET	2	1	1	NA	NA	2.35494256832826	0.649199270122459	2	NEUT	1	1
JFCF_6_T_1_P_ALT	chr16	88090895	88946761	565	0.647059	0.290785	5	GAIN	3	1	2	1	1	2.51747753822182	0.665597075396397	3	GAIN	2	1
JFCF_6_T_1_P_ALT	chr16	88956407	89087382	73	0.62963	0.102269	3	HET	2	1	1	NA	NA	2.17023351515114	0.64858560695451	2	NEUT	1	1
JFCF_6_T_1_P_ALT	chr16	89104697	89339847	402	0.64	0.287566	5	GAIN	3	1	2	1	1	2.51115940646447	0.657692629921984	3	GAIN	2	1
JFCF_6_T_1_P_ALT	chr16	89340504	89399455	67	0.652174	0.149834	3	HET	2	1	1	NA	NA	2.25361498858011	0.673602875127503	2	NEUT	1	1
JFCF_6_T_1_P_ALT	chr16	89402473	90149922	1016	0.647854	0.325051	5	GAIN	3	1	2	1	1	2.58561458166613	0.666001129148638	3	GAIN	2	1
JFCF_6_T_1_P_ALT	chr17	1665	19395340	15084	0.571429	0.017712	3	HET	2	1	1	NA	NA	2.0286255186873	0.58260306840813	2	NEUT	1	1
JFCF_6_T_1_P_ALT	chr17	19402097	19628463	194	0.58435	0.264568	5	GAIN	3	1	2	1	1	2.46642762155966	0.595203138658258	3	GAIN	2	1
JFCF_6_T_1_P_ALT	chr17	19629804	41380777	10650	0.576923	0.0091	3	HET	2	1	1	NA	NA	2.01466320515356	0.589039924411659	2	NEUT	1	1
JFCF_6_T_1_P_ALT	chr17	41381934	41382468	3	0.794165	0.062468	1	DLOH	1	0	1	1	1	2.10254417858455	0.838565157309488	1	HETD	1	0
JFCF_6_T_1_P_ALT	chr17	41401810	48069288	3169	0.565217	0.103738	3	HET	2	1	1	NA	NA	2.17276774539649	0.574742464256619	2	NEUT	1	1
JFCF_6_T_1_P_ALT	chr17	48070225	48109168	64	0.585786	0.422037	5	GAIN	3	1	2	1	1	2.78747719195824	0.595552607522399	3	GAIN	2	1
JFCF_6_T_1_P_ALT	chr17	48111271	57818213	6810	0.566667	0.008145	3	HET	2	1	1	NA	NA	2.01312002680004	0.577176447455001	2	NEUT	1	1
JFCF_6_T_1_P_ALT	chr17	57820356	58049609	149	0.565217	0.267363	5	GAIN	3	1	2	1	1	2.47182599079026	0.573590009092801	3	GAIN	2	1
JFCF_6_T_1_P_ALT	chr17	58121453	63959960	3168	0.565217	0.08839	3	HET	2	1	1	NA	NA	2.1464172310923	0.574859403721375	2	NEUT	1	1
JFCF_6_T_1_P_ALT	chr17	63960269	63969921	76	0.552912	0.32094	5	GAIN	3	1	2	1	1	2.57735427692394	0.5594270641733	3	GAIN	2	1
JFCF_6_T_1_P_ALT	chr17	63970037	80329579	14485	0.566667	0.056858	3	HET	2	1	1	NA	NA	2.09315255669041	0.576774614504562	2	NEUT	1	1
JFCF_6_T_1_P_ALT	chr17	80330676	80339901	38	0.56	0.387728	5	GAIN	3	1	2	1	1	2.71451175576668	0.567014523323599	3	GAIN	2	1
JFCF_6_T_1_P_ALT	chr17	80340379	80469511	102	0.575188	0.064163	3	HET	2	1	1	NA	NA	2.10538894560355	0.586521259537369	2	NEUT	1	1
JFCF_6_T_1_P_ALT	chr17	80471266	80479328	16	0.574275	0.538087	5	GAIN	3	1	2	1	1	3.04754847537282	0.582009472116345	3	GAIN	2	1
JFCF_6_T_1_P_ALT	chr17	80480041	81102135	651	0.571429	0.028396	3	HET	2	1	1	NA	NA	2.04606332820668	0.582507836127794	2	NEUT	1	1
JFCF_6_T_1_P_ALT	chr18	130168	12088037	10924	0.566667	0.024619	3	HET	2	1	1	NA	NA	2.0398839642757	0.577038560104781	2	NEUT	1	1
JFCF_6_T_1_P_ALT	chr18	12088279	12089413	25	0.85	0.130645	2	NLOH	2	0	2	1	1	2.21964550439305	0.900040664112526	2	NEUT	2	0
JFCF_6_T_1_P_ALT	chr18	12089632	27680088	4528	0.583333	-0.12519	3	HET	2	1	1	NA	NA	1.80738946888604	0.597965007306955	2	NEUT	1	1
JFCF_6_T_1_P_ALT	chr18	27717694	27717765	11	0.888889	-0.131687	2	NLOH	2	0	2	1	1	1.79784247807093	0.957534593089138	2	NEUT	2	0
JFCF_6_T_1_P_ALT	chr18	28076288	48018953	11056	1	-0.938587	1	DLOH	1	0	1	1	1	0.891712564157056	1	1	HETD	1	0
JFCF_6_T_1_P_ALT	chr18	48020500	48350316	291	0.615385	-0.224644	3	HET	2	1	1	NA	NA	1.66585243373861	0.637366203491456	2	NEUT	1	1
JFCF_6_T_1_P_ALT	chr18	48354603	49541753	535	1	-0.983405	1	DLOH	1	0	1	1	1	0.854729880221861	1	1	HETD	1	0
JFCF_6_T_1_P_ALT	chr18	49546615	49739791	173	0.608696	-0.21302	3	HET	2	1	1	NA	NA	1.6818959253704	0.629205406076172	2	NEUT	1	1
JFCF_6_T_1_P_ALT	chr18	49740360	50932513	730	1	-0.959097	1	DLOH	1	0	1	1	1	0.874645590169544	1	1	HETD	1	0
JFCF_6_T_1_P_ALT	chr18	50953078	50959356	4	1	3.077476	4	ALOH	3	0	3	1	1	19.2442437680511	1	3	GAIN	3	0
JFCF_6_T_1_P_ALT	chr18	50960222	56545402	4011	1	-0.863722	1	DLOH	1	0	1	1	1	0.956110231011541	1	1	HETD	1	0
JFCF_6_T_1_P_ALT	chr18	56546078	57125622	402	0.62069	-0.146352	3	HET	2	1	1	NA	NA	1.77645044754275	0.642250400780252	2	NEUT	1	1
JFCF_6_T_1_P_ALT	chr18	57129997	59699229	1942	1	-0.839792	1	DLOH	1	0	1	1	1	0.977409288379472	1	1	HETD	1	0
JFCF_6_T_1_P_ALT	chr18	59699868	59702214	8	0.618182	-0.11256	3	HET	2	1	1	NA	NA	1.82607205138774	0.638720658118674	2	NEUT	1	1
JFCF_6_T_1_P_ALT	chr18	59730525	60088551	150	0.558482	0.277095	5	GAIN	3	1	2	1	1	2.49070456234998	0.565933413086551	3	GAIN	2	1
JFCF_6_T_1_P_ALT	chr18	60091997	61152551	501	0.571429	0.153024	3	HET	2	1	1	NA	NA	2.2593060405931	0.581462169439205	2	NEUT	1	1
JFCF_6_T_1_P_ALT	chr18	61152773	61828703	118	1	-0.733125	1	DLOH	1	0	1	1	1	1.07676629744804	1	1	HETD	1	0
JFCF_6_T_1_P_ALT	chr18	61849647	62209213	364	0.6	-0.153492	3	HET	2	1	1	NA	NA	1.76611368004101	0.61796883767845	2	NEUT	1	1
JFCF_6_T_1_P_ALT	chr18	62220976	62429792	283	0.594595	0.304317	5	GAIN	3	1	2	1	1	2.54419237157861	0.606394317174726	3	GAIN	2	1
JFCF_6_T_1_P_ALT	chr18	62430340	64817725	1810	0.6	-0.155669	3	HET	2	1	1	NA	NA	1.76297214278039	0.618000857341	2	NEUT	1	1
JFCF_6_T_1_P_ALT	chr18	64820011	65349305	440	1	-0.806046	1	DLOH	1	0	1	1	1	1.00805191659673	1	1	HETD	1	0
JFCF_6_T_1_P_ALT	chr18	65360157	68066949	1397	0.607143	-0.085195	3	HET	2	1	1	NA	NA	1.86711645802847	0.625353884307286	2	NEUT	1	1
JFCF_6_T_1_P_ALT	chr18	68071342	77832175	7994	1	-0.893735	1	DLOH	1	0	1	1	1	0.92989155751944	1	1	HETD	1	0
JFCF_6_T_1_P_ALT	chr19	260301	8999675	7742	0.607143	-0.166413	3	HET	2	1	1	NA	NA	1.74753716730364	0.626600006375348	2	NEUT	1	1
JFCF_6_T_1_P_ALT	chr19	9002440	9010725	55	0.833333	-0.459014	1	DLOH	1	0	1	1	1	1.36848335674575	0.910632632830517	1	HETD	1	0
JFCF_6_T_1_P_ALT	chr19	9013231	21759440	10600	0.578947	0.009637	3	HET	2	1	1	NA	NA	2.01553138879766	0.59137738858845	2	NEUT	1	1
JFCF_6_T_1_P_ALT	chr19	21759941	21760198	22	0.86039	0.003845	2	NLOH	2	0	2	1	1	2.00618432514637	0.917398621413116	2	NEUT	2	0
JFCF_6_T_1_P_ALT	chr19	21761273	21766377	54	0.738095	0.003845	3	HET	2	1	1	NA	NA	2.00618432514637	0.775758275105735	2	NEUT	1	1
JFCF_6_T_1_P_ALT	chr19	21766643	21768348	37	0.833333	0.003845	2	NLOH	2	0	2	1	1	2.00618432514637	0.886061585148029	2	NEUT	2	0
JFCF_6_T_1_P_ALT	chr19	21769335	59089308	25153	0.571429	0.01875	3	HET	2	1	1	NA	NA	2.03031402447194	0.582593775520962	2	NEUT	1	1
JFCF_6_T_1_P_ALT	chr20	68749	25348557	18578	0.630435	0.447137	5	GAIN	3	1	2	1	1	2.84196759668647	0.645000106369185	3	GAIN	2	1
JFCF_6_T_1_P_ALT	chr20	30370566	33977349	2505	0.566667	0.130377	3	HET	2	1	1	NA	NA	2.21917426712179	0.576200626743836	2	NEUT	1	1
JFCF_6_T_1_P_ALT	chr20	33982435	34019788	66	0.565942	0.311545	5	GAIN	3	1	2	1	1	2.55856486696099	0.574121077493682	3	GAIN	2	1
JFCF_6_T_1_P_ALT	chr20	34020287	49358659	8816	0.566667	0.046893	3	HET	2	1	1	NA	NA	2.07656007450626	0.57685537807873	2	NEUT	1	1
JFCF_6_T_1_P_ALT	chr20	49360321	49420116	50	0.549194	0.355358	5	GAIN	3	1	2	1	1	2.64724282743543	0.555091351265425	3	GAIN	2	1
JFCF_6_T_1_P_ALT	chr20	49421524	52465203	2400	0.565217	0.087765	3	HET	2	1	1	NA	NA	2.14535011639299	0.574864199931872	2	NEUT	1	1
JFCF_6_T_1_P_ALT	chr20	52480087	52489424	118	0.721576	0.273263	5	GAIN	3	1	2	1	1	2.48325587280996	0.749892520505395	3	GAIN	2	1
JFCF_6_T_1_P_ALT	chr20	52492322	53419953	1005	0.5625	0.057482	3	HET	2	1	1	NA	NA	2.09419538206475	0.571971122629643	2	NEUT	1	1
JFCF_6_T_1_P_ALT	chr20	53430930	53438784	6	0.525575	1.439215	15	BCNA	6	3	3	1	1	5.96668404595014	0.526935257850894	6	HLAMP	3	3
JFCF_6_T_1_P_ALT	chr20	53441234	54848977	1175	0.566667	-0.026827	3	HET	2	1	1	NA	NA	1.95730690767802	0.57747612710177	2	NEUT	1	1
JFCF_6_T_1_P_ALT	chr20	54850686	54859571	19	0.558824	0.48878	5	GAIN	3	1	2	1	1	2.93448932629495	0.565185516512492	3	GAIN	2	1
JFCF_6_T_1_P_ALT	chr20	54861043	62892853	6753	0.571429	-0.01022	3	HET	2	1	1	NA	NA	1.98364198309417	0.582856465497041	2	NEUT	1	1
JFCF_6_T_1_P_ALT	chr21	15412891	30249518	10404	0.565217	0.010324	3	HET	2	1	1	NA	NA	2.01664255310631	0.575479910234056	2	NEUT	1	1
JFCF_6_T_1_P_ALT	chr21	30250247	30258754	13	0.583333	0.468274	5	GAIN	3	1	2	1	1	2.88859566546981	0.592488222460307	3	GAIN	2	1
JFCF_6_T_1_P_ALT	chr21	30260144	30529234	277	0.5625	0.178269	3	HET	2	1	1	NA	NA	2.30479045347012	0.571105719988168	2	NEUT	1	1
JFCF_6_T_1_P_ALT	chr21	30530233	30549361	39	0.583333	0.410299	5	GAIN	3	1	2	1	1	2.76231830253296	0.592906746765898	3	GAIN	2	1
JFCF_6_T_1_P_ALT	chr21	30552693	44369566	10559	0.571429	-0.017419	3	HET	2	1	1	NA	NA	1.97218870905175	0.582922829275186	2	NEUT	1	1
JFCF_6_T_1_P_ALT	chr21	44370143	44379846	18	0.583333	0.408307	5	GAIN	3	1	2	1	1	2.75806898719409	0.592921496893314	3	GAIN	2	1
JFCF_6_T_1_P_ALT	chr21	44380325	48097610	2735	0.571429	-0.010931	3	HET	2	1	1	NA	NA	1.98250826996917	0.582863000384091	2	NEUT	1	1
JFCF_6_T_1_P_ALT	chr22	17046497	17046631	18	0.726708	-0.482031	1	DLOH	1	0	1	1	1	1.34180070121102	0.780326847040995	1	HETD	1	0
JFCF_6_T_1_P_ALT	chr22	17409897	22727465	4135	0.571429	0.073499	3	HET	2	1	1	NA	NA	2.12111786578465	0.582115817873699	2	NEUT	1	1
JFCF_6_T_1_P_ALT	chr22	22728272	22728413	16	0.861111	-0.105718	2	NLOH	2	0	2	1	1	1.83626140129163	0.923519659256772	2	NEUT	2	0
JFCF_6_T_1_P_ALT	chr22	22728449	39049317	11244	0.566667	0.011578	3	HET	2	1	1	NA	NA	2.01867215678668	0.577147542405629	2	NEUT	1	1
JFCF_6_T_1_P_ALT	chr22	39051124	39059919	31	0.548387	0.357043	5	GAIN	3	1	2	1	1	2.65070735544612	0.554180027010585	3	GAIN	2	1
JFCF_6_T_1_P_ALT	chr22	39060917	43218463	2668	0.566667	0.110516	3	HET	2	1	1	NA	NA	2.18449422132378	0.576351978305616	2	NEUT	1	1
JFCF_6_T_1_P_ALT	chr22	43222242	43259855	29	0.565217	0.370301	5	GAIN	3	1	2	1	1	2.67810876068734	0.572945073557176	3	GAIN	2	1
JFCF_6_T_1_P_ALT	chr22	43263765	51179770	8121	0.571429	-0.02479	3	HET	2	1	1	NA	NA	1.96052085714844	0.58299123369807	2	NEUT	1	1
JFCF_6_T_1_P_ALT	chrX	2832050	3196014	182	0.604348	-0.02027	3	HET	2	1	1	NA	NA	1.96766867568978	0.621177483888188	2	HLAMP	1	1
JFCF_6_T_1_P_ALT	chrX	3523520	47348992	43	1	-0.010311	2	NLOH	2	0	2	1	1	1.98349684938954	1	2	HLAMP	2	0
JFCF_6_T_1_P_ALT	chrX	48996377	48998462	110	0.6	0.066432	3	HET	2	1	1	NA	NA	2.10920230869543	0.615045977290806	2	HLAMP	1	1
JFCF_6_T_1_P_ALT	chrX	48998469	48998637	16	0.928571	0.066432	2	NLOH	2	0	2	1	1	2.10920230869543	0.993053695334979	2	HLAMP	2	0
JFCF_6_T_1_P_ALT	chrX	48998681	52891982	103	0.652174	0.009268	3	HET	2	1	1	NA	NA	2.0149347809448	0.676141244316021	2	HLAMP	1	1
JFCF_6_T_1_P_ALT	chrX	65740894	88458566	58	0.833333	-0.035875	2	NLOH	2	0	2	1	1	1.94308581966089	0.887773858937245	2	HLAMP	2	0
JFCF_6_T_1_P_ALT	chrX	88459060	100440046	57	0.736842	0.109181	3	HET	2	1	1	NA	NA	2.18218020676635	0.771285458080118	2	HLAMP	1	1
JFCF_6_T_1_P_ALT	chrX	102614688	118140846	11	1	0.021047	2	NLOH	2	0	2	1	1	2.03405485641996	1	2	HLAMP	2	0
JFCF_6_T_1_P_ALT	chrX	118603713	140846514	99	0.705882	0.041322	3	HET	2	1	1	NA	NA	2.0673337607186	0.737486317894193	2	HLAMP	1	1
JFCF_6_T_1_P_ALT	chrX	146559663	154871281	10	0.895833	-0.026685	2	NLOH	2	0	2	1	1	1.9575308061337	0.960004476582375	2	HLAMP	2	0
