Sample	Chromosome	Start_Position.bp.	End_Position.bp.	Length.snp.	Median_Ratio	Median_logR	TITAN_state	TITAN_call	Copy_Number	MinorCN	MajorCN	Clonal_Cluster	Cellular_Prevalence	logR_Copy_Number	Corrected_Ratio	Corrected_Copy_Number	Corrected_Call	Corrected_MajorCN	Corrected_MinorCN
JFCF_6_T_1_R	chr1	821038	144949971	77083	0.571429	0.065823	3	HET	2	1	1	NA	NA	2.09449514412373	0.572255556719611	2	NEUT	1	1
JFCF_6_T_1_R	chr1	144990002	145020126	195	0.633803	0.487176	5	GAIN	3	1	2	1	1	2.81313280795186	0.634955797600463	3	GAIN	2	1
JFCF_6_T_1_R	chr1	145020130	145049954	219	0.581967	0.248297	3	HET	2	1	1	NA	NA	2.38016013053262	0.58280166136769	2	NEUT	1	1
JFCF_6_T_1_R	chr1	145060035	145466093	405	0.696078	0.400255	5	GAIN	3	1	2	1	1	2.64723185670273	0.697873206188228	3	GAIN	2	1
JFCF_6_T_1_R	chr1	145475728	147389996	744	0.571429	0.239207	3	HET	2	1	1	NA	NA	2.36505835300842	0.572160998444506	2	NEUT	1	1
JFCF_6_T_1_R	chr1	147714243	152148708	1343	0.6	0.408326	5	GAIN	3	1	2	1	1	2.66221898013306	0.600910402985529	3	GAIN	2	1
JFCF_6_T_1_R	chr1	152281142	152429776	67	0.586207	0.287603	3	HET	2	1	1	NA	NA	2.4465680802565	0.587061009447805	2	NEUT	1	1
JFCF_6_T_1_R	chr1	152430152	162896697	5048	0.615385	0.516337	5	GAIN	3	1	2	1	1	2.8710677218658	0.616359054745246	3	GAIN	2	1
JFCF_6_T_1_R	chr1	162901055	166833357	2921	0.6	0.003293	3	HET	2	1	1	NA	NA	2.0046256660304	0.601209049723704	2	NEUT	1	1
JFCF_6_T_1_R	chr1	166853495	167092854	113	0.641509	0.38753	5	GAIN	3	1	2	1	1	2.62377231847409	0.642816179910565	3	GAIN	2	1
JFCF_6_T_1_R	chr1	167160959	169138318	1394	0.6	-0.088562	3	HET	2	1	1	NA	NA	1.87947628856887	0.60128955716142	2	NEUT	1	1
JFCF_6_T_1_R	chr1	169138868	169369458	305	0.586957	0.381351	5	GAIN	3	1	2	1	1	2.61245526280625	0.587763739153029	3	GAIN	2	1
JFCF_6_T_1_R	chr1	169383934	175506203	3550	0.619048	-0.178495	3	HET	2	1	1	NA	NA	1.76442801257546	0.620683293114677	2	NEUT	1	1
JFCF_6_T_1_R	chr1	175511217	176196548	219	1	-0.976336	1	DLOH	1	0	1	1	1	1.00461984994354	1	1	HETD	1	0
JFCF_6_T_1_R	chr1	176256893	176259333	2	0.572581	-0.293113	3	HET	2	1	1	NA	NA	1.62782201641013	0.5736616709523	2	NEUT	1	1
JFCF_6_T_1_R	chr1	176321147	176399064	12	1	-0.947721	1	DLOH	1	0	1	1	1	1.02523033614315	1	1	HETD	1	0
JFCF_6_T_1_R	chr1	176409901	176519771	28	1	-0.053318	2	NLOH	2	0	2	1	1	1.92655534248682	1	2	NEUT	2	0
JFCF_6_T_1_R	chr1	176533382	176567157	4	1	-0.995246	1	DLOH	1	0	1	1	1	0.991222195250101	1	1	HETD	1	0
JFCF_6_T_1_R	chr1	176687374	178490028	1108	0.576923	0.021091	3	HET	2	1	1	NA	NA	2.02981002593331	0.577841498113687	2	NEUT	1	1
JFCF_6_T_1_R	chr1	178491680	179277693	543	1	-0.797489	1	DLOH	1	0	1	1	1	1.14040718099917	1	1	HETD	1	0
JFCF_6_T_1_R	chr1	179278279	179319868	77	0.681818	-0.192849	3	HET	2	1	1	NA	NA	1.74672004594931	0.684340847623175	2	NEUT	1	1
JFCF_6_T_1_R	chr1	179323738	179379615	37	1	-0.620257	1	DLOH	1	0	1	1	1	1.29264058637925	1	1	HETD	1	0
JFCF_6_T_1_R	chr1	179390460	179400994	12	0.594118	-0.21624	3	HET	2	1	1	NA	NA	1.71823831898595	0.595445598455154	2	NEUT	1	1
JFCF_6_T_1_R	chr1	179401526	179408964	6	1	-0.843978	1	DLOH	1	0	1	1	1	1.10347623816749	1	1	HETD	1	0
JFCF_6_T_1_R	chr1	179410952	179414468	3	0.692308	-0.265822	3	HET	2	1	1	NA	NA	1.65937094589535	0.69511686792064	2	NEUT	1	1
JFCF_6_T_1_R	chr1	179420660	179518858	124	1	-0.817887	1	DLOH	1	0	1	1	1	1.12405635515973	1	1	HETD	1	0
JFCF_6_T_1_R	chr1	179521684	179524964	17	0.769231	-0.585098	3	HET	2	1	1	NA	NA	1.32512762009924	0.774155303440179	2	NEUT	1	1
JFCF_6_T_1_R	chr1	179525124	179729643	191	1	-0.817946	1	DLOH	1	0	1	1	1	1.12400939588139	1	1	HETD	1	0
JFCF_6_T_1_R	chr1	179732142	179745163	40	0.63961	-0.33169	3	HET	2	1	1	NA	NA	1.58423210663041	0.641745871718115	2	NEUT	1	1
JFCF_6_T_1_R	chr1	179745671	179945390	117	1	-0.729541	1	DLOH	1	0	1	1	1	1.19657178526265	1	1	HETD	1	0
JFCF_6_T_1_R	chr1	179955661	183331151	2054	0.577935	-0.015112	3	HET	2	1	1	NA	NA	1.9789071069447	0.578889519005699	2	NEUT	1	1
JFCF_6_T_1_R	chr1	183403843	191465731	3650	1	-0.856446	1	DLOH	1	0	1	1	1	1.09377235333972	1	1	HETD	1	0
JFCF_6_T_1_R	chr1	191467283	191833481	342	0.62069	-0.150628	3	HET	2	1	1	NA	NA	1.79931358266357	0.622315705509534	2	NEUT	1	1
JFCF_6_T_1_R	chr1	191835046	193808880	1593	1	-0.840683	1	DLOH	1	0	1	1	1	1.1060547882411	1	1	HETD	1	0
JFCF_6_T_1_R	chr1	193825450	193966135	100	0.625	-0.17301	3	HET	2	1	1	NA	NA	1.7712413033211	0.62671044742965	2	NEUT	1	1
JFCF_6_T_1_R	chr1	193969210	194189907	46	1	-0.813013	1	DLOH	1	0	1	1	1	1.12794230888275	1	1	HETD	1	0
JFCF_6_T_1_R	chr1	194190255	194569816	122	0.5894	0.21216	3	HET	2	1	1	NA	NA	2.32068218807081	0.590333682671144	2	NEUT	1	1
JFCF_6_T_1_R	chr1	194570749	194753070	205	1	-0.872794	1	DLOH	1	0	1	1	1	1.08117506121041	1	1	HETD	1	0
JFCF_6_T_1_R	chr1	194817748	194866262	54	0.645	-0.209494	3	HET	2	1	1	NA	NA	1.72640516154624	0.647035648197979	2	NEUT	1	1
JFCF_6_T_1_R	chr1	194867910	195069931	372	1	-0.847891	1	DLOH	1	0	1	1	1	1.10042170303172	1	1	HETD	1	0
JFCF_6_T_1_R	chr1	195080111	195317930	340	0.634848	-0.164299	3	HET	2	1	1	NA	NA	1.78211520528017	0.636681944474315	2	NEUT	1	1
JFCF_6_T_1_R	chr1	195320341	195374041	31	1	-0.828084	1	DLOH	1	0	1	1	1	1.11596880839778	1	1	HETD	1	0
JFCF_6_T_1_R	chr1	195378336	195445922	69	0.611111	-0.239752	3	HET	2	1	1	NA	NA	1.69007086799636	0.612704417523915	2	NEUT	1	1
JFCF_6_T_1_R	chr1	195447625	195578778	126	1	-0.886653	1	DLOH	1	0	1	1	1	1.07060695410224	1	1	HETD	1	0
JFCF_6_T_1_R	chr1	195592954	195647001	65	0.636364	-0.239532	3	HET	2	1	1	NA	NA	1.6903323068039	0.638319262579059	2	NEUT	1	1
JFCF_6_T_1_R	chr1	195649242	196525314	336	1	-0.900188	1	DLOH	1	0	1	1	1	1.06038343797183	1	1	HETD	1	0
JFCF_6_T_1_R	chr1	196545875	196705926	128	0.627315	-0.226712	3	HET	2	1	1	NA	NA	1.70563611599998	0.62912413360001	2	NEUT	1	1
JFCF_6_T_1_R	chr1	196741789	196828428	21	1	-0.852485	1	DLOH	1	0	1	1	1	1.09684612807068	1	1	HETD	1	0
JFCF_6_T_1_R	chr1	196832364	200527305	2191	0.571429	0.172508	3	HET	2	1	1	NA	NA	2.25711048106557	0.572196006777068	2	NEUT	1	1
JFCF_6_T_1_R	chr1	200530509	200573258	46	0.563333	0.404953	5	GAIN	3	1	2	1	1	2.6559454219523	0.563910947464525	3	GAIN	2	1
JFCF_6_T_1_R	chr1	200574959	210539117	6291	0.583333	0.012409	3	HET	2	1	1	NA	NA	2.0174860882896	0.584334114880438	2	NEUT	1	1
JFCF_6_T_1_R	chr1	210539797	210579819	76	0.591751	0.41823	5	GAIN	3	1	2	1	1	2.68072475873043	0.592580537511616	3	GAIN	2	1
JFCF_6_T_1_R	chr1	210580381	215083445	2824	0.586207	-0.023326	3	HET	2	1	1	NA	NA	1.96753459000035	0.587268934192088	2	NEUT	1	1
JFCF_6_T_1_R	chr1	215120407	215146411	29	0.680851	0.681099	5	GAIN	3	1	2	1	1	3.22134496549023	0.682211696063462	3	GAIN	2	1
JFCF_6_T_1_R	chr1	215150260	215379943	221	0.571429	0.318416	3	HET	2	1	1	NA	NA	2.49990697224872	0.572121513383413	2	NEUT	1	1
JFCF_6_T_1_R	chr1	215380352	215389609	9	0.595745	1.400429	11	UBCNA	5	2	3	1	1	5.31934507226902	0.596181249947491	5	HLAMP	3	2
JFCF_6_T_1_R	chr1	215390579	216220364	586	0.578947	-0.033805	3	HET	2	1	1	NA	NA	1.95311979316771	0.579926679902336	2	NEUT	1	1
JFCF_6_T_1_R	chr1	216239001	216458649	141	0.666667	0.756226	5	GAIN	3	1	2	1	1	3.3948335437062	0.667856894842572	3	GAIN	2	1
JFCF_6_T_1_R	chr1	216460395	249209648	24639	0.571429	0.074331	3	HET	2	1	1	NA	NA	2.10702684997819	0.572250640709318	2	NEUT	1	1
JFCF_6_T_1_R	chr2	11594	13999545	11817	0.578947	-0.100899	3	HET	2	1	1	NA	NA	1.8632663649321	0.579973923602676	2	NEUT	1	1
JFCF_6_T_1_R	chr2	14010491	14087546	94	0.666667	0.559922	5	GAIN	3	1	2	1	1	2.95987191853217	0.668031753285355	3	GAIN	2	1
JFCF_6_T_1_R	chr2	14103505	36600030	15415	0.571429	-0.01534	3	HET	2	1	1	NA	NA	1.97859055996967	0.572303975889704	2	NEUT	1	1
JFCF_6_T_1_R	chr2	36603763	36673774	109	0.576923	0.391186	5	GAIN	3	1	2	1	1	2.63049127054778	0.577631756079458	3	GAIN	2	1
JFCF_6_T_1_R	chr2	36679028	133037153	58998	0.571429	0.032505	3	HET	2	1	1	NA	NA	2.04612524109892	0.572275096319421	2	NEUT	1	1
JFCF_6_T_1_R	chr2	133037154	133037222	7	0.9375	-0.096715	2	NLOH	2	0	2	1	1	1.86874831102085	0.943174200698086	2	NEUT	2	0
JFCF_6_T_1_R	chr2	133037226	133037226	1	0.558824	-0.096715	3	HET	2	1	1	NA	NA	1.86874831102085	0.559586923844261	2	NEUT	1	1
JFCF_6_T_1_R	chr2	133037250	133037297	5	0.957143	-0.096715	2	NLOH	2	0	2	1	1	1.86874831102085	0.963071962582229	2	NEUT	2	0
JFCF_6_T_1_R	chr2	133037311	230342982	60257	0.589744	-0.170794	3	HET	2	1	1	NA	NA	1.77400130243981	0.59097010859535	2	NEUT	1	1
JFCF_6_T_1_R	chr2	230343474	230346776	27	0.722222	-1.072504	1	DLOH	1	0	1	1	1	0.938273560146955	0.727962305710634	1	HETD	1	0
JFCF_6_T_1_R	chr2	230346859	242999159	9865	0.642857	-0.635616	3	HET	2	1	1	NA	NA	1.27869540804813	0.645564770601524	2	NEUT	1	1
JFCF_6_T_1_R	chr3	65982	98749944	67790	0.571429	0.023249	3	HET	2	1	1	NA	NA	2.03288479227804	0.572280607057195	2	NEUT	1	1
JFCF_6_T_1_R	chr3	98760056	98799867	81	0.571429	0.391563	5	GAIN	3	1	2	1	1	2.63118508544164	0.572086961709021	3	GAIN	2	1
JFCF_6_T_1_R	chr3	98800506	111649569	7812	0.576923	0.222311	3	HET	2	1	1	NA	NA	2.33723954184272	0.577720683184195	2	NEUT	1	1
JFCF_6_T_1_R	chr3	111650105	111719879	113	0.567568	0.414504	5	GAIN	3	1	2	1	1	2.67374775861088	0.56818048869794	3	GAIN	2	1
JFCF_6_T_1_R	chr3	111720183	124929402	8458	0.577778	0.179028	3	HET	2	1	1	NA	NA	2.26744395167428	0.578609376337259	2	NEUT	1	1
JFCF_6_T_1_R	chr3	124930044	125306170	270	0.590326	0.390304	5	GAIN	3	1	2	1	1	2.62886878304434	0.591158762801731	3	GAIN	2	1
JFCF_6_T_1_R	chr3	125309574	137670614	6919	0.571429	0.077841	3	HET	2	1	1	NA	NA	2.11221841376962	0.572248621221121	2	NEUT	1	1
JFCF_6_T_1_R	chr3	137672775	138068126	242	0.666667	0.610584	5	GAIN	3	1	2	1	1	3.06652420141739	0.667984287801994	3	GAIN	2	1
JFCF_6_T_1_R	chr3	138070901	186641212	31604	0.576923	0.078606	3	HET	2	1	1	NA	NA	2.11335158584329	0.57780518954785	2	NEUT	1	1
JFCF_6_T_1_R	chr3	186641423	187829864	738	1	-0.805149	1	DLOH	1	0	1	1	1	1.13423988166642	1	1	HETD	1	0
JFCF_6_T_1_R	chr3	187834624	187834657	4	0.592593	-0.641461	3	HET	2	1	1	NA	NA	1.27342732790082	0.594355306481148	2	NEUT	1	1
JFCF_6_T_1_R	chr3	187837875	195319285	5839	1	-0.766414	1	DLOH	1	0	1	1	1	1.16576520911759	1	1	HETD	1	0
JFCF_6_T_1_R	chr3	195420477	195476085	137	0.576923	-0.327121	3	HET	2	1	1	NA	NA	1.58933418595206	0.578096055167656	2	NEUT	1	1
JFCF_6_T_1_R	chr3	195478861	196619118	943	1	-0.684879	1	DLOH	1	0	1	1	1	1.23495584343861	1	1	HETD	1	0
JFCF_6_T_1_R	chr3	196620844	196629709	13	1	-0.006459	2	NLOH	2	0	2	1	1	1.99095767163941	1	2	NEUT	2	0
JFCF_6_T_1_R	chr3	196631138	197111087	369	1	-0.66275	1	DLOH	1	0	1	1	1	1.2544190536459	1	1	HETD	1	0
JFCF_6_T_1_R	chr3	197111342	197118105	43	0.711111	-0.66275	3	HET	2	1	1	NA	NA	1.2544190536459	0.715189924527252	2	NEUT	1	1
JFCF_6_T_1_R	chr3	197124062	197792315	202	1	-0.714627	1	DLOH	1	0	1	1	1	1.20925747052418	1	1	HETD	1	0
JFCF_6_T_1_R	chr4	40094	68603	98	0.75636	-1.078278	3	HET	2	1	1	NA	NA	0.934429068476545	0.763009383347294	2	NEUT	1	1
JFCF_6_T_1_R	chr4	72048	3523863	1973	1	-0.892202	1	DLOH	1	0	1	1	1	1.06640397298353	1	1	HETD	1	0
JFCF_6_T_1_R	chr4	3580011	3635994	1209	0.641026	-0.457593	3	HET	2	1	1	NA	NA	1.44981276665221	0.643383570653498	2	NEUT	1	1
JFCF_6_T_1_R	chr4	3636271	4237207	261	1	-0.961219	1	DLOH	1	0	1	1	1	1.01545720535263	1	1	HETD	1	0
JFCF_6_T_1_R	chr4	4239402	4239539	3	0.621622	-0.974921	3	HET	2	1	1	NA	NA	1.00562945104823	0.62455324153443	2	NEUT	1	1
JFCF_6_T_1_R	chr4	4240003	25457033	14489	1	-0.95242	1	DLOH	1	0	1	1	1	1.02181767850559	1	1	HETD	1	0
JFCF_6_T_1_R	chr4	25464669	47984258	17341	0.571429	0.052705	3	HET	2	1	1	NA	NA	2.07531745972593	0.572263194801116	2	NEUT	1	1
JFCF_6_T_1_R	chr4	47988947	48489885	260	1	-0.744029	1	DLOH	1	0	1	1	1	1.18437339061266	1	1	HETD	1	0
JFCF_6_T_1_R	chr4	53666041	68263199	9069	0.571429	0.025001	3	HET	2	1	1	NA	NA	2.03538446574357	0.572279561191119	2	NEUT	1	1
JFCF_6_T_1_R	chr4	68264282	68266049	15	0.690519	0.240414	5	GAIN	3	1	2	1	1	2.36705814230457	0.692469773360415	3	GAIN	2	1
JFCF_6_T_1_R	chr4	68266082	151409932	47494	0.571429	-0.053364	3	HET	2	1	1	NA	NA	1.9264931429152	0.572327637527954	2	NEUT	1	1
JFCF_6_T_1_R	chr4	151411626	151419684	11	0.541667	1.843917	19	UBCNA	7	3	4	1	1	7.242436932706	0.541806439224653	7	HLAMP	4	3
JFCF_6_T_1_R	chr4	151430475	190937364	34100	0.578947	-0.1446	3	HET	2	1	1	NA	NA	1.80694884776655	0.580005929925209	2	NEUT	1	1
JFCF_6_T_1_R	chr5	31468	63069308	42346	0.571429	0.080624	3	HET	2	1	1	NA	NA	2.11634367481468	0.572247023582923	2	NEUT	1	1
JFCF_6_T_1_R	chr5	63070292	98525925	20274	0.642857	0.524337	5	GAIN	3	1	2	1	1	2.88716729611094	0.644056242537445	3	GAIN	2	1
JFCF_6_T_1_R	chr5	98531883	98569709	50	0.625	0.888425	8	BCNA	4	2	2	1	1	3.72293756024207	0.625813770063433	4	AMP	2	2
JFCF_6_T_1_R	chr5	98570327	115869596	10786	0.648649	0.425196	5	GAIN	3	1	2	1	1	2.69381714944789	0.649986430820733	3	GAIN	2	1
JFCF_6_T_1_R	chr5	115879239	116019951	94	0.642857	0.243515	3	HET	2	1	1	NA	NA	2.37220363807065	0.64431657698515	2	NEUT	1	1
JFCF_6_T_1_R	chr5	116020773	116069685	89	0.657143	0.327355	5	GAIN	3	1	2	1	1	2.51559522781873	0.658657020398273	3	GAIN	2	1
JFCF_6_T_1_R	chr5	116071361	116119148	55	0.611111	0.270416	3	HET	2	1	1	NA	NA	2.41730771947654	0.612225044569513	2	NEUT	1	1
JFCF_6_T_1_R	chr5	116121034	118009875	1476	0.645833	0.381997	5	GAIN	3	1	2	1	1	2.61363616695167	0.647185346954803	3	GAIN	2	1
JFCF_6_T_1_R	chr5	118010974	118077677	60	0.62963	0.252394	3	HET	2	1	1	NA	NA	2.38699789941708	0.630946227416834	2	NEUT	1	1
JFCF_6_T_1_R	chr5	118094523	133000011	10201	0.647059	0.400181	5	GAIN	3	1	2	1	1	2.64709483285914	0.648405478914293	3	GAIN	2	1
JFCF_6_T_1_R	chr5	133000683	133189694	256	0.645161	0.296042	3	HET	2	1	1	NA	NA	2.46106333108653	0.646590567315858	2	NEUT	1	1
JFCF_6_T_1_R	chr5	133190346	135089973	850	0.653846	0.392195	5	GAIN	3	1	2	1	1	2.63234859838359	0.655262511993212	3	GAIN	2	1
JFCF_6_T_1_R	chr5	135090120	135138557	156	0.658493	0.945186	8	BCNA	4	2	2	1	1	3.87330396195433	0.659484758552879	4	AMP	2	2
JFCF_6_T_1_R	chr5	135140124	136028153	439	0.642857	0.367103	5	GAIN	3	1	2	1	1	2.58654355566572	0.64419562576048	3	GAIN	2	1
JFCF_6_T_1_R	chr5	136054706	136107225	41	0.645161	0.218274	3	HET	2	1	1	NA	NA	2.33064081206057	0.646670565816479	2	NEUT	1	1
JFCF_6_T_1_R	chr5	136130742	155029804	11520	0.653846	0.392606	5	GAIN	3	1	2	1	1	2.63310552355369	0.655262104795866	3	GAIN	2	1
JFCF_6_T_1_R	chr5	155042560	155198220	63	0.633333	0.276098	3	HET	2	1	1	NA	NA	2.42694261182391	0.634664544216225	2	NEUT	1	1
JFCF_6_T_1_R	chr5	155201161	155738962	483	0.647059	0.322443	5	GAIN	3	1	2	1	1	2.50696246686078	0.64848074341407	3	GAIN	2	1
JFCF_6_T_1_R	chr5	155740417	155885469	227	0.653846	0.24769	3	HET	2	1	1	NA	NA	2.37914871648926	0.655413263674642	2	NEUT	1	1
JFCF_6_T_1_R	chr5	155895979	157477593	1176	0.647854	0.365543	5	GAIN	3	1	2	1	1	2.58372201942039	0.64924096256869	3	GAIN	2	1
JFCF_6_T_1_R	chr5	157480052	158391863	619	0.652174	0.268624	3	HET	2	1	1	NA	NA	2.41427691136693	0.653701674481134	2	NEUT	1	1
JFCF_6_T_1_R	chr5	158404353	159957797	1309	0.648649	0.362075	5	GAIN	3	1	2	1	1	2.57746044685459	0.650046807708548	3	GAIN	2	1
JFCF_6_T_1_R	chr5	159960880	160588561	519	0.65625	0.232875	3	HET	2	1	1	NA	NA	2.35459469639514	0.657858352776803	2	NEUT	1	1
JFCF_6_T_1_R	chr5	160591532	160648887	78	0.684211	0.316661	5	GAIN	3	1	2	1	1	2.49683828545858	0.685999144428261	3	GAIN	2	1
JFCF_6_T_1_R	chr5	160651484	161236726	224	0.65	0.266853	3	HET	2	1	1	NA	NA	2.41128531697164	0.651507717952694	2	NEUT	1	1
JFCF_6_T_1_R	chr5	161243520	161401036	172	0.65784	0.329701	5	GAIN	3	1	2	1	1	2.51972866784826	0.659358241099337	3	GAIN	2	1
JFCF_6_T_1_R	chr5	161403426	162407589	442	0.644009	0.266968	3	HET	2	1	1	NA	NA	2.41147946487733	0.645456383159646	2	NEUT	1	1
JFCF_6_T_1_R	chr5	162411692	163259979	745	0.647059	0.35291	5	GAIN	3	1	2	1	1	2.56098504682455	0.648450752513745	3	GAIN	2	1
JFCF_6_T_1_R	chr5	163260036	163289720	49	0.666667	0.201589	3	HET	2	1	1	NA	NA	2.30356315317731	0.668420585491882	2	NEUT	1	1
JFCF_6_T_1_R	chr5	163290591	164497768	730	0.647059	0.335601	5	GAIN	3	1	2	1	1	2.53015369143699	0.648467711806181	3	GAIN	2	1
JFCF_6_T_1_R	chr5	164498249	164639736	329	0.647059	0.291635	3	HET	2	1	1	NA	NA	2.45348306894528	0.648511733634764	2	NEUT	1	1
JFCF_6_T_1_R	chr5	164640976	165419631	750	0.650581	0.340506	5	GAIN	3	1	2	1	1	2.53885311081189	0.652018507273292	3	GAIN	2	1
JFCF_6_T_1_R	chr5	165420160	165467653	56	0.644958	0.206188	3	HET	2	1	1	NA	NA	2.31099551682836	0.646478269329739	2	NEUT	1	1
JFCF_6_T_1_R	chr5	165471298	169079536	2719	0.651163	0.370429	5	GAIN	3	1	2	1	1	2.59256941197484	0.652576163976924	3	GAIN	2	1
JFCF_6_T_1_R	chr5	169080502	170792960	1020	0.6875	0.236024	3	HET	2	1	1	NA	NA	2.35979269168669	0.689425772004397	2	NEUT	1	1
JFCF_6_T_1_R	chr5	170795810	170848124	73	0.6875	0.291353	5	GAIN	3	1	2	1	1	2.45299880253166	0.689352598826034	3	GAIN	2	1
JFCF_6_T_1_R	chr5	170851553	171631769	628	0.705882	0.219384	3	HET	2	1	1	NA	NA	2.33245333655935	0.708021355033109	2	NEUT	1	1
JFCF_6_T_1_R	chr5	171634651	171759886	121	0.703704	0.347579	5	GAIN	3	1	2	1	1	2.55144984625125	0.705639040102085	3	GAIN	2	1
JFCF_6_T_1_R	chr5	171760006	172089852	400	0.714286	0.219896	3	HET	2	1	1	NA	NA	2.33328985398923	0.716511884135615	2	NEUT	1	1
JFCF_6_T_1_R	chr5	172090926	172208454	93	0.692308	0.385607	5	GAIN	3	1	2	1	1	2.62024507991699	0.694086823612376	3	GAIN	2	1
JFCF_6_T_1_R	chr5	172210731	172366990	215	0.7	0.255481	3	HET	2	1	1	NA	NA	2.39216285177402	0.702026360459403	2	NEUT	1	1
JFCF_6_T_1_R	chr5	172369769	172562142	142	0.683014	0.321238	5	GAIN	3	1	2	1	1	2.50484918460344	0.684784843490757	3	GAIN	2	1
JFCF_6_T_1_R	chr5	172567774	175579916	2141	0.708333	0.146283	3	HET	2	1	1	NA	NA	2.21601528036047	0.710611572049285	2	NEUT	1	1
JFCF_6_T_1_R	chr5	175580166	176049910	193	0.703704	0.32611	5	GAIN	3	1	2	1	1	2.51340437879235	0.705668330854443	3	GAIN	2	1
JFCF_6_T_1_R	chr5	176053645	176340993	111	0.708333	0.245299	3	HET	2	1	1	NA	NA	2.37516884849896	0.710458891168457	2	NEUT	1	1
JFCF_6_T_1_R	chr5	176359136	177018102	304	0.72	0.331323	5	GAIN	3	1	2	1	1	2.52259041791507	0.722113748866621	3	GAIN	2	1
JFCF_6_T_1_R	chr5	177020032	178861350	1718	0.7	0.17879	3	HET	2	1	1	NA	NA	2.26706592648807	0.702138175232864	2	NEUT	1	1
JFCF_6_T_1_R	chr5	178910952	179306517	312	0.702703	0.373225	5	GAIN	3	1	2	1	1	2.59764580359109	0.704594288106394	3	GAIN	2	1
JFCF_6_T_1_R	chr5	179315794	180698630	802	0.714286	0.226608	3	HET	2	1	1	NA	NA	2.34428357447925	0.716501445659529	2	NEUT	1	1
JFCF_6_T_1_R	chr6	202777	4217796	3802	0.583333	0.0722	3	HET	2	1	1	NA	NA	2.10388109128599	0.584293004513767	2	NEUT	1	1
JFCF_6_T_1_R	chr6	4224968	4225072	7	0.931818	0.134292	2	NLOH	2	0	2	1	1	2.19747252786338	0.936580716553986	2	NEUT	2	0
JFCF_6_T_1_R	chr6	4226465	34719793	19191	0.583333	0.12493	3	HET	2	1	1	NA	NA	2.18310199075358	0.58425816765255	2	NEUT	1	1
JFCF_6_T_1_R	chr6	34720076	34765584	78	0.593594	0.362386	5	GAIN	3	1	2	1	1	2.57802135201896	0.594473911405486	3	GAIN	2	1
JFCF_6_T_1_R	chr6	34767396	37185091	2122	0.576923	0.218294	3	HET	2	1	1	NA	NA	2.33067345782407	0.577722930455167	2	NEUT	1	1
JFCF_6_T_1_R	chr6	37190154	37238311	40	0.578784	0.437635	5	GAIN	3	1	2	1	1	2.7173536895864	0.579486698952074	3	GAIN	2	1
JFCF_6_T_1_R	chr6	37240293	66658560	23747	0.59375	0.11408	3	HET	2	1	1	NA	NA	2.16656364168181	0.594798762799856	2	NEUT	1	1
JFCF_6_T_1_R	chr6	66662971	68098771	1688	1	-0.851374	1	DLOH	1	0	1	1	1	1.09770979151705	1	1	HETD	1	0
JFCF_6_T_1_R	chr6	68100115	68101454	29	0.605263	-0.727078	3	HET	2	1	1	NA	NA	1.19865775624109	0.607391423238398	2	NEUT	1	1
JFCF_6_T_1_R	chr6	68101924	68112012	9	1	-0.727078	1	DLOH	1	0	1	1	1	1.19865775624109	1	1	HETD	1	0
JFCF_6_T_1_R	chr6	68112201	68112725	19	0.66	-0.746954	3	HET	2	1	1	NA	NA	1.18192546934933	0.663281008382335	2	NEUT	1	1
JFCF_6_T_1_R	chr6	68113008	74609863	3806	1	-0.82643	1	DLOH	1	0	1	1	1	1.11727676447724	1	1	HETD	1	0
JFCF_6_T_1_R	chr6	74610034	74613447	43	1	-0.356239	2	NLOH	2	0	2	1	1	1.55709383304062	1	2	NEUT	2	0
JFCF_6_T_1_R	chr6	74641289	78464687	1947	1	-0.843609	1	DLOH	1	0	1	1	1	1.10376471172917	1	1	HETD	1	0
JFCF_6_T_1_R	chr6	78521506	87828837	4726	0.571429	0.055214	3	HET	2	1	1	NA	NA	2.0789719848091	0.572261728410108	2	NEUT	1	1
JFCF_6_T_1_R	chr6	87830755	87839742	18	0.570323	0.550667	5	GAIN	3	1	2	1	1	2.94078990182914	0.570902576596002	3	GAIN	2	1
JFCF_6_T_1_R	chr6	87840118	170871490	56637	0.578947	-0.002747	3	HET	2	1	1	NA	NA	1.99614936757754	0.579905561638373	2	NEUT	1	1
JFCF_6_T_1_R	chr7	50134	968469	541	1	-0.59855	1	DLOH	1	0	1	1	1	1.31260432949078	1	1	HETD	1	0
JFCF_6_T_1_R	chr7	970862	1129820	177	1	-0.379809	2	NLOH	2	0	2	1	1	1.53146876942055	1	2	NEUT	2	0
JFCF_6_T_1_R	chr7	1130584	1149288	33	1	-0.576092	1	DLOH	1	0	1	1	1	1.33357735221115	1	1	HETD	1	0
JFCF_6_T_1_R	chr7	1150028	1178694	27	1	-0.378945	2	NLOH	2	0	2	1	1	1.5324007281814	1	2	NEUT	2	0
JFCF_6_T_1_R	chr7	1191689	1259142	93	1	-0.522902	1	DLOH	1	0	1	1	1	1.38457220126206	1	1	HETD	1	0
JFCF_6_T_1_R	chr7	1260088	1309632	20	1	-0.237168	2	NLOH	2	0	2	1	1	1.6931441029043	1	2	NEUT	2	0
JFCF_6_T_1_R	chr7	1320824	1460970	199	1	-0.505814	1	DLOH	1	0	1	1	1	1.40135805329377	1	1	HETD	1	0
JFCF_6_T_1_R	chr7	1462702	1509707	59	1	-0.389907	2	NLOH	2	0	2	1	1	1.52061778215572	1	2	NEUT	2	0
JFCF_6_T_1_R	chr7	1521875	1687838	166	1	-0.524768	1	DLOH	1	0	1	1	1	1.38275120763934	1	1	HETD	1	0
JFCF_6_T_1_R	chr7	1690562	1709603	22	1	-0.377528	2	NLOH	2	0	2	1	1	1.53393039250838	1	2	NEUT	2	0
JFCF_6_T_1_R	chr7	1712486	2299900	322	1	-0.552103	1	DLOH	1	0	1	1	1	1.35634371659524	1	1	HETD	1	0
JFCF_6_T_1_R	chr7	2310974	2405127	75	1	-0.365259	2	NLOH	2	0	2	1	1	1.54723789923677	1	2	NEUT	2	0
JFCF_6_T_1_R	chr7	2409035	2588630	198	1	-0.545378	1	DLOH	1	0	1	1	1	1.36279419810231	1	1	HETD	1	0
JFCF_6_T_1_R	chr7	2590383	2758607	116	1	-0.438568	2	NLOH	2	0	2	1	1	1.46937997837628	1	2	NEUT	2	0
JFCF_6_T_1_R	chr7	2760008	4439928	1693	1	-0.543304	1	DLOH	1	0	1	1	1	1.36478961030395	1	1	HETD	1	0
JFCF_6_T_1_R	chr7	4441371	4449993	23	1	-0.27526	2	NLOH	2	0	2	1	1	1.64839286076217	1	2	NEUT	2	0
JFCF_6_T_1_R	chr7	4450968	4599788	127	1	-0.546635	1	DLOH	1	0	1	1	1	1.36158622362038	1	1	HETD	1	0
JFCF_6_T_1_R	chr7	4600097	4654178	78	1	-0.454026	2	NLOH	2	0	2	1	1	1.45346179881353	1	2	NEUT	2	0
JFCF_6_T_1_R	chr7	4676077	5179885	482	1	-0.501366	1	DLOH	1	0	1	1	1	1.40576011431082	1	1	HETD	1	0
JFCF_6_T_1_R	chr7	5180893	6058137	600	1	-0.412176	2	NLOH	2	0	2	1	1	1.49695497258609	1	2	NEUT	2	0
JFCF_6_T_1_R	chr7	6060051	6099699	64	1	-0.49254	1	DLOH	1	0	1	1	1	1.4145352460243	1	1	HETD	1	0
JFCF_6_T_1_R	chr7	6101062	6484472	145	1	-0.370698	2	NLOH	2	0	2	1	1	1.54132454967416	1	2	NEUT	2	0
JFCF_6_T_1_R	chr7	6550768	7099830	72	1	-0.675039	1	DLOH	1	0	1	1	1	1.24357360925906	1	1	HETD	1	0
JFCF_6_T_1_R	chr7	7100414	7104790	27	1	-0.183015	2	NLOH	2	0	2	1	1	1.75883284963375	1	2	NEUT	2	0
JFCF_6_T_1_R	chr7	7124967	26318396	15675	1	-0.61485	1	DLOH	1	0	1	1	1	1.29758530176848	1	1	HETD	1	0
JFCF_6_T_1_R	chr7	26320536	26329554	16	1	-0.226711	2	NLOH	2	0	2	1	1	1.70563731505701	1	2	NEUT	2	0
JFCF_6_T_1_R	chr7	26330993	27779765	714	1	-0.597648	1	DLOH	1	0	1	1	1	1.31344040905467	1	1	HETD	1	0
JFCF_6_T_1_R	chr7	27781864	27849700	48	1	-0.347667	2	NLOH	2	0	2	1	1	1.5665175274431	1	2	NEUT	2	0
JFCF_6_T_1_R	chr7	27850927	40057863	8200	1	-0.611539	1	DLOH	1	0	1	1	1	1.30062238113548	1	1	HETD	1	0
JFCF_6_T_1_R	chr7	40060690	40184148	109	1	-0.399338	2	NLOH	2	0	2	1	1	1.51055189374314	1	2	NEUT	2	0
JFCF_6_T_1_R	chr7	40188781	43578290	1920	1	-0.555753	1	DLOH	1	0	1	1	1	1.35285527995166	1	1	HETD	1	0
JFCF_6_T_1_R	chr7	43580166	44409474	823	1	-0.414185	2	NLOH	2	0	2	1	1	1.49483813737606	1	2	NEUT	2	0
JFCF_6_T_1_R	chr7	44411028	44449501	57	1	-0.571698	1	DLOH	1	0	1	1	1	1.3377191359057	1	1	HETD	1	0
JFCF_6_T_1_R	chr7	44450294	45176455	497	1	-0.391819	2	NLOH	2	0	2	1	1	1.51857174632235	1	2	NEUT	2	0
JFCF_6_T_1_R	chr7	45219226	45623343	205	1	-0.492298	1	DLOH	1	0	1	1	1	1.41477660823779	1	1	HETD	1	0
JFCF_6_T_1_R	chr7	45650396	45650630	5	0.545455	-0.43936	3	HET	2	1	1	NA	NA	1.468560248698	0.546205183214142	2	NEUT	1	1
JFCF_6_T_1_R	chr7	45664592	45745102	73	1	-0.564567	1	DLOH	1	0	1	1	1	1.34446772145268	1	1	HETD	1	0
JFCF_6_T_1_R	chr7	45754154	45949570	64	1	-0.345005	2	NLOH	2	0	2	1	1	1.56945543002656	1	2	NEUT	2	0
JFCF_6_T_1_R	chr7	45950329	46077903	127	1	-0.521067	1	DLOH	1	0	1	1	1	1.38636524097688	1	1	HETD	1	0
JFCF_6_T_1_R	chr7	46090675	46170000	149	1	-0.368573	2	NLOH	2	0	2	1	1	1.54363222339063	1	2	NEUT	2	0
JFCF_6_T_1_R	chr7	46170272	46229988	102	1	-0.554549	1	DLOH	1	0	1	1	1	1.35400501084055	1	1	HETD	1	0
JFCF_6_T_1_R	chr7	46230743	46427367	50	1	-0.315039	2	NLOH	2	0	2	1	1	1.60290394675909	1	2	NEUT	2	0
JFCF_6_T_1_R	chr7	46430800	46749440	174	1	-0.536727	1	DLOH	1	0	1	1	1	1.37113640072012	1	1	HETD	1	0
JFCF_6_T_1_R	chr7	46750419	46779581	37	1	-0.376133	2	NLOH	2	0	2	1	1	1.5354377759618	1	2	NEUT	2	0
JFCF_6_T_1_R	chr7	46780614	46929998	164	1	-0.535217	1	DLOH	1	0	1	1	1	1.37259763590586	1	1	HETD	1	0
JFCF_6_T_1_R	chr7	46930125	47065952	209	1	-0.42233	2	NLOH	2	0	2	1	1	1.48628608376005	1	2	NEUT	2	0
JFCF_6_T_1_R	chr7	47070010	47148436	126	1	-0.482779	1	DLOH	1	0	1	1	1	1.42430270974737	1	1	HETD	1	0
JFCF_6_T_1_R	chr7	47150445	47198499	110	1	-0.41649	2	NLOH	2	0	2	1	1	1.49241304250535	1	2	NEUT	2	0
JFCF_6_T_1_R	chr7	47210591	47299955	98	1	-0.482591	1	DLOH	1	0	1	1	1	1.4244914836651	1	1	HETD	1	0
JFCF_6_T_1_R	chr7	47301541	47409925	77	1	-0.386816	2	NLOH	2	0	2	1	1	1.52393120933562	1	2	NEUT	2	0
JFCF_6_T_1_R	chr7	47410570	47549772	67	1	-0.483642	1	DLOH	1	0	1	1	1	1.42343647270667	1	1	HETD	1	0
JFCF_6_T_1_R	chr7	47551268	47872845	293	1	-0.401213	2	NLOH	2	0	2	1	1	1.50855849961999	1	2	NEUT	2	0
JFCF_6_T_1_R	chr7	47898734	48219621	111	1	-0.478361	1	DLOH	1	0	1	1	1	1.42874540679436	1	1	HETD	1	0
JFCF_6_T_1_R	chr7	48220596	48318811	84	1	-0.385653	2	NLOH	2	0	2	1	1	1.52517973754583	1	2	NEUT	2	0
JFCF_6_T_1_R	chr7	48340033	48470000	158	1	-0.514792	1	DLOH	1	0	1	1	1	1.39251401539578	1	1	HETD	1	0
JFCF_6_T_1_R	chr7	48470216	48479962	49	1	-0.325444	2	NLOH	2	0	2	1	1	1.59121090417255	1	2	NEUT	2	0
JFCF_6_T_1_R	chr7	48480083	48489771	52	1	-0.527137	1	DLOH	1	0	1	1	1	1.38044273658327	1	1	HETD	1	0
JFCF_6_T_1_R	chr7	48490290	48529165	101	1	-0.413779	2	NLOH	2	0	2	1	1	1.49526569222709	1	2	NEUT	2	0
JFCF_6_T_1_R	chr7	48530732	49989976	1090	1	-0.539592	1	DLOH	1	0	1	1	1	1.36836812496799	1	1	HETD	1	0
JFCF_6_T_1_R	chr7	49991348	50018693	37	1	-0.437648	2	NLOH	2	0	2	1	1	1.47033275476983	1	2	NEUT	2	0
JFCF_6_T_1_R	chr7	50022251	54539842	4163	1	-0.568311	1	DLOH	1	0	1	1	1	1.34092034208965	1	1	HETD	1	0
JFCF_6_T_1_R	chr7	54540033	54687188	89	1	-0.443724	2	NLOH	2	0	2	1	1	1.46405151770935	1	2	NEUT	2	0
JFCF_6_T_1_R	chr7	54688524	54719200	132	1	-0.527995	1	DLOH	1	0	1	1	1	1.37960759346556	1	1	HETD	1	0
JFCF_6_T_1_R	chr7	54719900	54729867	30	1	-0.328381	2	NLOH	2	0	2	1	1	1.58792556391053	1	2	NEUT	2	0
JFCF_6_T_1_R	chr7	54740537	54926606	131	1	-0.503569	1	DLOH	1	0	1	1	1	1.40357817054792	1	1	HETD	1	0
JFCF_6_T_1_R	chr7	54930362	55028732	78	1	-0.387694	2	NLOH	2	0	2	1	1	1.5229893068248	1	2	NEUT	2	0
JFCF_6_T_1_R	chr7	55030037	55729885	740	1	-0.510785	1	DLOH	1	0	1	1	1	1.39645442677938	1	1	HETD	1	0
JFCF_6_T_1_R	chr7	55831282	56018944	219	1	-0.359393	2	NLOH	2	0	2	1	1	1.55364052571832	1	2	NEUT	2	0
JFCF_6_T_1_R	chr7	56022321	56086737	50	1	-0.512167	1	DLOH	1	0	1	1	1	1.39509415638945	1	1	HETD	1	0
JFCF_6_T_1_R	chr7	56087278	56088630	46	0.680909	-0.491437	3	HET	2	1	1	NA	NA	1.41563566743035	0.684006320345832	2	NEUT	1	1
JFCF_6_T_1_R	chr7	56090641	56160985	59	1	-0.441296	2	NLOH	2	0	2	1	1	1.46655835850242	1	2	NEUT	2	0
JFCF_6_T_1_R	chr7	56164501	56193127	37	1	-0.463107	1	DLOH	1	0	1	1	1	1.44418968136618	1	1	HETD	1	0
JFCF_6_T_1_R	chr7	56193733	56194088	15	0.681818	-0.700496	3	HET	2	1	1	NA	NA	1.22139874284465	0.685425919643025	2	NEUT	1	1
JFCF_6_T_1_R	chr7	56194109	56557265	246	1	-0.579248	1	DLOH	1	0	1	1	1	1.3306102815686	1	1	HETD	1	0
JFCF_6_T_1_R	chr7	56557481	56564327	482	0.592593	-0.704258	3	HET	2	1	1	NA	NA	1.21815483004036	0.594435269289493	2	NEUT	1	1
JFCF_6_T_1_R	chr7	56565144	56619904	115	1	-0.560535	1	DLOH	1	0	1	1	1	1.34829828562762	1	1	HETD	1	0
JFCF_6_T_1_R	chr7	56620786	56629717	19	1	-0.272581	2	NLOH	2	0	2	1	1	1.65150172167096	1	2	NEUT	2	0
JFCF_6_T_1_R	chr7	56630386	62424092	321	1	-0.62164	1	DLOH	1	0	1	1	1	1.29137880278781	1	1	HETD	1	0
JFCF_6_T_1_R	chr7	62470462	62476566	200	0.708922	-0.4273	3	HET	2	1	1	NA	NA	1.48109137326729	0.712340847828383	2	NEUT	1	1
JFCF_6_T_1_R	chr7	62491454	63634439	216	1	-0.941219	1	DLOH	1	0	1	1	1	1.02997079449833	1	1	HETD	1	0
JFCF_6_T_1_R	chr7	63634785	63635765	44	0.57634	-0.732664	3	HET	2	1	1	NA	NA	1.19393196055369	0.577889708539603	2	NEUT	1	1
JFCF_6_T_1_R	chr7	63636165	65219942	1002	1	-0.870788	1	DLOH	1	0	1	1	1	1.08271315396259	1	1	HETD	1	0
JFCF_6_T_1_R	chr7	65260021	65288101	686	0.571429	-0.677901	3	HET	2	1	1	NA	NA	1.24106103594738	0.572823950760216	2	NEUT	1	1
JFCF_6_T_1_R	chr7	65288943	65302406	8	1	-0.890734	1	DLOH	1	0	1	1	1	1.06751430859515	1	1	HETD	1	0
JFCF_6_T_1_R	chr7	65303834	65309745	45	0.590909	-0.708166	3	HET	2	1	1	NA	NA	1.21479396947071	0.592722767859827	2	NEUT	1	1
JFCF_6_T_1_R	chr7	65374027	65827188	96	1	-0.789444	1	DLOH	1	0	1	1	1	1.14691980787396	1	1	HETD	1	0
JFCF_6_T_1_R	chr7	65832872	65834280	24	0.603571	-0.599796	3	HET	2	1	1	NA	NA	1.31145024976094	0.605485096362607	2	NEUT	1	1
JFCF_6_T_1_R	chr7	65838141	66028647	58	1	-0.70336	1	DLOH	1	0	1	1	1	1.21892839275078	1	1	HETD	1	0
JFCF_6_T_1_R	chr7	66028742	66029856	40	0.596296	-0.612816	3	HET	2	1	1	NA	NA	1.29945020216882	0.598092081564404	2	NEUT	1	1
JFCF_6_T_1_R	chr7	66030612	67628115	1076	1	-0.848751	1	DLOH	1	0	1	1	1	1.09975148641105	1	1	HETD	1	0
JFCF_6_T_1_R	chr7	67629919	67635743	245	0.660377	-0.315655	3	HET	2	1	1	NA	NA	1.60220934062802	0.662803052946335	2	NEUT	1	1
JFCF_6_T_1_R	chr7	67636655	67783489	182	1	-0.915385	1	DLOH	1	0	1	1	1	1.04901827394172	1	1	HETD	1	0
JFCF_6_T_1_R	chr7	67786115	70380267	1934	0.571429	-0.027678	3	HET	2	1	1	NA	NA	1.96153531199725	0.572311583670546	2	NEUT	1	1
JFCF_6_T_1_R	chr7	70383718	75481473	2069	1	-0.881009	1	DLOH	1	0	1	1	1	1.07489850673193	1	1	HETD	1	0
JFCF_6_T_1_R	chr7	75484696	79969486	2867	0.566667	0.158277	3	HET	2	1	1	NA	NA	2.23471749107867	0.567390045675283	2	NEUT	1	1
JFCF_6_T_1_R	chr7	79972118	98176195	10035	1	-0.794272	1	DLOH	1	0	1	1	1	1.14300706547237	1	1	HETD	1	0
JFCF_6_T_1_R	chr7	98177458	98177574	5	0.666667	-0.600598	3	HET	2	1	1	NA	NA	1.31070794221308	0.669748918400697	2	NEUT	1	1
JFCF_6_T_1_R	chr7	98177583	99179970	553	1	-0.802653	1	DLOH	1	0	1	1	1	1.13624589180466	1	1	HETD	1	0
JFCF_6_T_1_R	chr7	99181096	99198515	16	1	0.074141	2	NLOH	2	0	2	1	1	2.10674618536003	1	2	NEUT	2	0
JFCF_6_T_1_R	chr7	99202373	100538032	272	1	-0.796489	1	DLOH	1	0	1	1	1	1.14121473061792	1	1	HETD	1	0
JFCF_6_T_1_R	chr7	100546651	100619164	436	0.6	-0.91051	3	HET	2	1	1	NA	NA	1.05265103679161	0.602302464941308	2	NEUT	1	1
JFCF_6_T_1_R	chr7	100619187	100905569	131	1	-0.727974	1	DLOH	1	0	1	1	1	1.19789850122297	1	1	HETD	1	0
JFCF_6_T_1_R	chr7	100908753	100908938	15	0.565217	-0.727974	3	HET	2	1	1	NA	NA	1.19789850122297	0.56653652688832	2	NEUT	1	1
JFCF_6_T_1_R	chr7	100909487	100932693	12	1	-0.76634	1	DLOH	1	0	1	1	1	1.16582624933303	1	1	HETD	1	0
JFCF_6_T_1_R	chr7	100937475	100939381	81	0.65625	-0.532217	3	HET	2	1	1	NA	NA	1.37550529381508	0.659003183819228	2	NEUT	1	1
JFCF_6_T_1_R	chr7	100970851	102736394	507	1	-0.786957	1	DLOH	1	0	1	1	1	1.1489404557975	1	1	HETD	1	0
JFCF_6_T_1_R	chr7	102782033	102782145	8	0.631579	-0.632692	3	HET	2	1	1	NA	NA	1.28133882012432	0.634067857582577	2	NEUT	1	1
JFCF_6_T_1_R	chr7	102782179	110213236	3506	1	-0.828653	1	DLOH	1	0	1	1	1	1.11551919907673	1	1	HETD	1	0
JFCF_6_T_1_R	chr7	110266091	110945322	264	0.566667	0.114861	3	HET	2	1	1	NA	NA	2.16774994814429	0.567412382473097	2	NEUT	1	1
JFCF_6_T_1_R	chr7	110977344	112727323	491	1	-0.788598	1	DLOH	1	0	1	1	1	1.14760677852596	1	1	HETD	1	0
JFCF_6_T_1_R	chr7	112728053	112729182	4	0.542262	-0.521956	3	HET	2	1	1	NA	NA	1.3854962846169	0.543001302421742	2	NEUT	1	1
JFCF_6_T_1_R	chr7	112741130	117136221	2180	1	-0.786507	1	DLOH	1	0	1	1	1	1.14930644593965	1	1	HETD	1	0
JFCF_6_T_1_R	chr7	117188736	117189089	5	0.685714	-0.760126	3	HET	2	1	1	NA	NA	1.1709631641124	0.689557959996984	2	NEUT	1	1
JFCF_6_T_1_R	chr7	117189272	138027957	11483	1	-0.82436	1	DLOH	1	0	1	1	1	1.11891580062752	1	1	HETD	1	0
JFCF_6_T_1_R	chr7	138029095	138029603	29	0.571429	-1.036303	3	HET	2	1	1	NA	NA	0.962731038793622	0.573227237478391	2	NEUT	1	1
JFCF_6_T_1_R	chr7	138030009	141279035	1436	1	-0.815578	1	DLOH	1	0	1	1	1	1.1258956434303	1	1	HETD	1	0
JFCF_6_T_1_R	chr7	141279075	141283341	10	0.548611	-0.933122	3	HET	2	1	1	NA	NA	1.0359040777345	0.549748345624726	2	NEUT	1	1
JFCF_6_T_1_R	chr7	141323546	142031867	686	1	-0.844392	1	DLOH	1	0	1	1	1	1.10315267271988	1	1	HETD	1	0
JFCF_6_T_1_R	chr7	142032654	142033142	31	0.703704	-0.843191	3	HET	2	1	1	NA	NA	1.10409158122104	0.708175692253549	2	NEUT	1	1
JFCF_6_T_1_R	chr7	142033178	142105847	22	1	-0.933082	1	DLOH	1	0	1	1	1	1.03593347149175	1	1	HETD	1	0
JFCF_6_T_1_R	chr7	142105948	142109728	118	0.631579	-0.933082	3	HET	2	1	1	NA	NA	1.03593347149175	0.634657450427636	2	NEUT	1	1
JFCF_6_T_1_R	chr7	142109823	142110193	24	0.923077	-0.866755	1	DLOH	1	0	1	1	1	1.08581192069966	0.932520701678693	1	HETD	1	0
JFCF_6_T_1_R	chr7	142110216	142112195	53	0.681818	-0.866755	3	HET	2	1	1	NA	NA	1.08581192069966	0.685876445511849	2	NEUT	1	1
JFCF_6_T_1_R	chr7	142112200	142115211	22	0.8125	-0.866755	1	DLOH	1	0	1	1	1	1.08581192069966	0.819475460198951	1	HETD	1	0
JFCF_6_T_1_R	chr7	142116057	142116719	40	0.714286	-0.866755	3	HET	2	1	1	NA	NA	1.08581192069966	0.719069179085416	2	NEUT	1	1
JFCF_6_T_1_R	chr7	142117792	142129271	47	0.842105	-0.838553	1	DLOH	1	0	1	1	1	1.10772478736357	0.849590227359215	1	HETD	1	0
JFCF_6_T_1_R	chr7	142130165	142137933	146	0.666667	-0.816092	3	HET	2	1	1	NA	NA	1.12548594988876	0.670256111819162	2	NEUT	1	1
JFCF_6_T_1_R	chr7	142139259	142155479	46	0.851648	-0.912873	1	DLOH	1	0	1	1	1	1.050888638412	0.8597581503158	1	HETD	1	0
JFCF_6_T_1_R	chr7	142163380	142163638	17	0.681818	-0.941707	3	HET	2	1	1	NA	NA	1.02961426290156	0.68609796063677	2	NEUT	1	1
JFCF_6_T_1_R	chr7	142163684	142163798	13	0.869565	-0.941707	1	DLOH	1	0	1	1	1	1.02961426290156	0.878264488789493	1	HETD	1	0
JFCF_6_T_1_R	chr7	142163826	142166674	45	0.68	-0.941707	3	HET	2	1	1	NA	NA	1.02961426290156	0.684237165267568	2	NEUT	1	1
JFCF_6_T_1_R	chr7	142167084	142170167	21	0.833333	-0.941707	1	DLOH	1	0	1	1	1	1.02961426290156	0.841179594500745	1	HETD	1	0
JFCF_6_T_1_R	chr7	142170241	142172575	82	0.666667	-0.915317	3	HET	2	1	1	NA	NA	1.04906886195316	0.670517552686814	2	NEUT	1	1
JFCF_6_T_1_R	chr7	142172596	142179494	24	0.930952	-0.915317	1	DLOH	1	0	1	1	1	1.04906886195316	0.940908400376127	1	HETD	1	0
JFCF_6_T_1_R	chr7	142180302	142180647	12	0.63961	-0.772615	3	HET	2	1	1	NA	NA	1.16066131187598	0.642525335005018	2	NEUT	1	1
JFCF_6_T_1_R	chr7	142180704	142191647	37	1	-0.772615	1	DLOH	1	0	1	1	1	1.16066131187598	1	1	HETD	1	0
JFCF_6_T_1_R	chr7	142192443	142198003	32	0.622845	-0.921262	3	HET	2	1	1	NA	NA	1.04465512664471	0.625695112437775	2	NEUT	1	1
JFCF_6_T_1_R	chr7	142205495	142216436	17	1	-0.818208	1	DLOH	1	0	1	1	1	1.12380088804629	1	1	HETD	1	0
JFCF_6_T_1_R	chr7	142216700	142216889	17	0.6	-0.878124	3	HET	2	1	1	NA	NA	1.07709867954099	0.602250204325454	2	NEUT	1	1
JFCF_6_T_1_R	chr7	142218260	142229855	6	1	-0.851029	1	DLOH	1	0	1	1	1	1.09797812119858	1	1	HETD	1	0
JFCF_6_T_1_R	chr7	142229940	142231762	10	0.592593	-0.827475	3	HET	2	1	1	NA	NA	1.11645022120468	0.59460309341089	2	NEUT	1	1
JFCF_6_T_1_R	chr7	142232889	142246697	25	1	-0.827475	1	DLOH	1	0	1	1	1	1.11645022120468	1	1	HETD	1	0
JFCF_6_T_1_R	chr7	142247288	142247697	21	0.636364	-0.752882	3	HET	2	1	1	NA	NA	1.17697954475106	0.639172072171183	2	NEUT	1	1
JFCF_6_T_1_R	chr7	142249476	142457846	269	1	-0.88558	1	DLOH	1	0	1	1	1	1.0714215437542	1	1	HETD	1	0
JFCF_6_T_1_R	chr7	142458371	142461426	115	0.690476	-0.947309	3	HET	2	1	1	NA	NA	1.02553008227278	0.694977624924278	2	NEUT	1	1
JFCF_6_T_1_R	chr7	142461438	142461548	8	0.901914	-0.947309	1	DLOH	1	0	1	1	1	1.02553008227278	0.911412656417691	1	HETD	1	0
JFCF_6_T_1_R	chr7	142461647	142462533	57	0.645161	-0.947309	3	HET	2	1	1	NA	NA	1.02553008227278	0.648591670402744	2	NEUT	1	1
JFCF_6_T_1_R	chr7	142462566	142466100	20	0.89272	-0.947309	1	DLOH	1	0	1	1	1	1.02553008227278	0.902001369517747	1	HETD	1	0
JFCF_6_T_1_R	chr7	142466114	142467902	35	0.714286	-0.947309	3	HET	2	1	1	NA	NA	1.02553008227278	0.71935033985659	2	NEUT	1	1
JFCF_6_T_1_R	chr7	142468189	142473983	47	0.846154	-0.682099	1	DLOH	1	0	1	1	1	1.2373845831584	0.852934193718657	1	HETD	1	0
JFCF_6_T_1_R	chr7	142474418	142475468	37	0.75	-0.682099	3	HET	2	1	1	NA	NA	1.2373845831584	0.754896804398228	2	NEUT	1	1
JFCF_6_T_1_R	chr7	142475496	142476597	23	0.933333	-0.682099	1	DLOH	1	0	1	1	1	1.2373845831584	0.941820787761189	1	HETD	1	0
JFCF_6_T_1_R	chr7	142477436	142486372	146	0.695652	-0.448798	3	HET	2	1	1	NA	NA	1.45882635832018	0.698902559640222	2	NEUT	1	1
JFCF_6_T_1_R	chr7	142488146	152052595	5503	1	-0.855389	1	DLOH	1	0	1	1	1	1.09459177031874	1	1	HETD	1	0
JFCF_6_T_1_R	chr7	152074362	152099191	33	0.72	-0.557175	3	HET	2	1	1	NA	NA	1.35149861045193	0.723945340820612	2	NEUT	1	1
JFCF_6_T_1_R	chr7	152099227	152099340	7	0.893939	-0.532834	1	DLOH	1	0	1	1	1	1.37490679151834	0.900883375073882	1	HETD	1	0
JFCF_6_T_1_R	chr7	152099402	152113681	494	0.833333	-0.125726	3	HET	2	1	1	NA	NA	1.83106265214663	0.837745173228317	2	NEUT	1	1
JFCF_6_T_1_R	chr7	152117015	157192509	3114	1	-0.930916	1	DLOH	1	0	1	1	1	1.03752636096097	1	1	HETD	1	0
JFCF_6_T_1_R	chr7	157192984	157193021	3	0.571429	-0.683515	3	HET	2	1	1	NA	NA	1.23614691366759	0.572829496184092	2	NEUT	1	1
JFCF_6_T_1_R	chr7	157193090	158257402	585	1	-0.869623	1	DLOH	1	0	1	1	1	1.08360739538325	1	1	HETD	1	0
JFCF_6_T_1_R	chr7	158261667	158267999	11	0.666667	-0.780428	3	HET	2	1	1	NA	NA	1.15426176986821	0.670166635031236	2	NEUT	1	1
JFCF_6_T_1_R	chr7	158268596	159119220	357	1	-0.936801	1	DLOH	1	0	1	1	1	1.03320406848354	1	1	HETD	1	0
JFCF_6_T_1_R	chr8	171230	29096520	30324	0.575758	0.023996	3	HET	2	1	1	NA	NA	2.03395020650224	0.576660746124777	2	NEUT	1	1
JFCF_6_T_1_R	chr8	29178229	29189976	22	0.555556	0.706109	5	GAIN	3	1	2	1	1	3.27809962753482	0.555966758225898	3	GAIN	2	1
JFCF_6_T_1_R	chr8	29190157	146288858	71430	0.65	-0.213075	3	HET	2	1	1	NA	NA	1.72206517619803	0.652111150153731	2	NEUT	1	1
JFCF_6_T_1_R	chr9	212189	68417387	29868	0.571429	0.042356	3	HET	2	1	1	NA	NA	2.06031044781404	0.572269270958877	2	NEUT	1	1
JFCF_6_T_1_R	chr9	68417398	68418067	16	0.698034	-0.031853	5	GAIN	3	1	2	1	1	1.95579701362989	0.700488106635301	3	GAIN	2	1
JFCF_6_T_1_R	chr9	68418072	140995939	49085	0.571429	0.029189	3	HET	2	1	1	NA	NA	2.04137202791873	0.572277066404307	2	NEUT	1	1
JFCF_6_T_1_R	chr10	131636	69449238	50047	0.611111	-0.040667	3	HET	2	1	1	NA	NA	1.94373707280319	0.612496469555221	2	NEUT	1	1
JFCF_6_T_1_R	chr10	69482437	69485653	5	0.636364	0.847393	7	ASCNA	4	1	3	1	1	3.61786464812021	0.637277534315714	4	AMP	3	1
JFCF_6_T_1_R	chr10	69517922	135429761	45140	0.578947	-0.00659	3	HET	2	1	1	NA	NA	1.99077469568188	0.57990814955267	2	NEUT	1	1
JFCF_6_T_1_R	chr11	190010	195431	55	0.648352	-0.021006	3	HET	2	1	1	NA	NA	1.97074013740505	0.650176490021432	2	NEUT	1	1
JFCF_6_T_1_R	chr11	201212	360829	243	1	0.099684	2	NLOH	2	0	2	1	1	2.14481134436247	1	2	NEUT	2	0
JFCF_6_T_1_R	chr11	361078	361130	5	0.652174	0.126454	3	HET	2	1	1	NA	NA	2.18543495913231	0.653861640811489	2	NEUT	1	1
JFCF_6_T_1_R	chr11	361304	1015021	540	1	0.126454	2	NLOH	2	0	2	1	1	2.18543495913231	1	2	NEUT	2	0
JFCF_6_T_1_R	chr11	1016713	1018374	73	0.640777	-0.169607	3	HET	2	1	1	NA	NA	1.77548143999624	0.642698732867219	2	NEUT	1	1
JFCF_6_T_1_R	chr11	1021410	1545656	442	1	0.103156	2	NLOH	2	0	2	1	1	2.15003767746753	1	2	NEUT	2	0
JFCF_6_T_1_R	chr11	1559027	1559069	8	0.666667	0.082541	3	HET	2	1	1	NA	NA	2.11918988997382	0.668573150526745	2	NEUT	1	1
JFCF_6_T_1_R	chr11	1576008	17453443	13253	1	0.077385	2	NLOH	2	0	2	1	1	2.1115432401138	1	2	NEUT	2	0
JFCF_6_T_1_R	chr11	17457456	17457614	12	0.612374	-0.002721	3	HET	2	1	1	NA	NA	1.99618577895719	0.613738401949836	2	NEUT	1	1
JFCF_6_T_1_R	chr11	17458136	19842593	2101	1	0.052693	2	NLOH	2	0	2	1	1	2.07529999619616	1	2	NEUT	2	0
JFCF_6_T_1_R	chr11	19849654	19850104	7	0.568182	0.060701	3	HET	2	1	1	NA	NA	2.0869863470994	0.568973822023719	2	NEUT	1	1
JFCF_6_T_1_R	chr11	19850502	24595295	3449	1	0.05612	2	NLOH	2	0	2	1	1	2.08029319661133	1	2	NEUT	2	0
JFCF_6_T_1_R	chr11	24600146	46071269	12607	1	-0.864507	1	DLOH	1	0	1	1	1	1.0875429413849	1	1	HETD	1	0
JFCF_6_T_1_R	chr11	46202730	56349871	4945	0.571429	0.026011	3	HET	2	1	1	NA	NA	2.03682686754688	0.572278958856667	2	NEUT	1	1
JFCF_6_T_1_R	chr11	56361299	56647849	745	0.575	0.444587	5	GAIN	3	1	2	1	1	2.730596636222	0.575665703991802	3	GAIN	2	1
JFCF_6_T_1_R	chr11	56654028	58428763	1492	0.6	-0.099929	3	HET	2	1	1	NA	NA	1.864535859712	0.601299890315876	2	NEUT	1	1
JFCF_6_T_1_R	chr11	58430268	58439080	20	0.579545	0.555256	5	GAIN	3	1	2	1	1	2.95023623027282	0.580198481869432	3	GAIN	2	1
JFCF_6_T_1_R	chr11	58440166	83130983	13180	0.567568	0.145201	3	HET	2	1	1	NA	NA	2.21433575414321	0.568307562769661	2	NEUT	1	1
JFCF_6_T_1_R	chr11	83180522	114418550	17473	1	-0.845173	1	DLOH	1	0	1	1	1	1.1025425278419	1	1	HETD	1	0
JFCF_6_T_1_R	chr11	114419641	114424815	284	0.790123	-0.110894	3	HET	2	1	1	NA	NA	1.8502349237845	0.793923429968686	2	NEUT	1	1
JFCF_6_T_1_R	chr11	114425074	114431956	10	1	-0.304436	2	NLOH	2	0	2	1	1	1.61490657247557	1	2	NEUT	2	0
JFCF_6_T_1_R	chr11	114431976	114433280	57	0.761905	-0.497978	3	HET	2	1	1	NA	NA	1.40912224076961	0.766409769445025	2	NEUT	1	1
JFCF_6_T_1_R	chr11	114436944	118232332	1771	1	-0.893613	1	DLOH	1	0	1	1	1	1.06533781419024	1	1	HETD	1	0
JFCF_6_T_1_R	chr11	118292772	118293681	31	0.6	-0.823577	3	HET	2	1	1	NA	NA	1.11953639714811	0.602164906932743	2	NEUT	1	1
JFCF_6_T_1_R	chr11	118296658	129539541	6362	1	-0.890871	1	DLOH	1	0	1	1	1	1.06741063955021	1	1	HETD	1	0
JFCF_6_T_1_R	chr11	129540016	129549483	20	1	0.308476	2	NLOH	2	0	2	1	1	2.48257569002571	1	2	NEUT	2	0
JFCF_6_T_1_R	chr11	129552568	131225242	1167	1	-0.888536	1	DLOH	1	0	1	1	1	1.06917890024928	1	1	HETD	1	0
JFCF_6_T_1_R	chr11	131230525	131230834	17	0.553571	-0.717392	3	HET	2	1	1	NA	NA	1.20689567840899	0.554646814689052	2	NEUT	1	1
JFCF_6_T_1_R	chr11	131242879	134939568	2199	1	-0.993362	1	DLOH	1	0	1	1	1	0.992549138664712	1	1	HETD	1	0
JFCF_6_T_1_R	chr12	260214	349583	115	0.825397	1.598059	13	ASCNA	6	1	5	1	1	6.10385167955263	0.826689072910934	6	HLAMP	5	1
JFCF_6_T_1_R	chr12	351467	549268	68	0.832397	1.721865	17	ASCNA	7	1	6	1	1	6.65296262820106	0.833607931175368	7	HLAMP	6	1
JFCF_6_T_1_R	chr12	550596	589813	39	0.821429	1.653048	13	ASCNA	6	1	5	1	1	6.34193516768008	0.822657402545706	6	HLAMP	5	1
JFCF_6_T_1_R	chr12	592399	619808	51	0.848485	1.713904	17	ASCNA	7	1	6	1	1	6.61621834823303	0.849761590795039	7	HLAMP	6	1
JFCF_6_T_1_R	chr12	621786	669455	43	0.821918	1.57602	13	ASCNA	6	1	5	1	1	6.01094875096332	0.823216014919497	6	HLAMP	5	1
JFCF_6_T_1_R	chr12	670893	710726	69	0.839286	1.717931	17	ASCNA	7	1	6	1	1	6.63477976879947	0.840525415367336	7	HLAMP	6	1
JFCF_6_T_1_R	chr12	723104	835317	80	0.836302	1.646042	13	ASCNA	6	1	5	1	1	6.31109477587067	0.837593523154273	6	HLAMP	5	1
JFCF_6_T_1_R	chr12	840736	1016608	158	0.842697	1.784436	17	ASCNA	7	1	6	1	1	6.94893067345946	0.843892280329081	7	HLAMP	6	1
JFCF_6_T_1_R	chr12	1021159	2539955	671	0.819672	1.548497	13	ASCNA	6	1	5	1	1	5.89690386154039	0.820985886950893	6	HLAMP	5	1
JFCF_6_T_1_R	chr12	2541534	2956696	322	0.808521	1.416544	10	ASCNA	5	1	4	1	1	5.3793678452696	0.809911051645938	5	HLAMP	4	1
JFCF_6_T_1_R	chr12	2971001	3109873	259	0.797101	1.554174	13	ASCNA	6	1	5	1	1	5.92024943230294	0.798317302382369	6	HLAMP	5	1
JFCF_6_T_1_R	chr12	3110047	3158797	87	0.791667	1.290994	10	ASCNA	5	1	4	1	1	4.92900180964918	0.7931011869475	5	HLAMP	4	1
JFCF_6_T_1_R	chr12	3161574	3231384	57	0.810345	1.504123	13	ASCNA	6	1	5	1	1	5.717555425597	0.811660563507752	6	HLAMP	5	1
JFCF_6_T_1_R	chr12	3244311	3729326	461	0.805195	1.362417	10	ASCNA	5	1	4	1	1	5.18039145869094	0.806622881886322	5	HLAMP	4	1
JFCF_6_T_1_R	chr12	3730691	3778649	87	0.770492	1.125267	7	ASCNA	4	1	3	1	1	4.39147225027644	0.7719848691068	4	AMP	3	1
JFCF_6_T_1_R	chr12	3780052	3839336	121	0.783333	1.210258	10	ASCNA	5	1	4	1	1	4.65942244814605	0.784806813468466	5	HLAMP	4	1
JFCF_6_T_1_R	chr12	3839886	3859776	63	0.769231	1.071752	7	ASCNA	4	1	3	1	1	4.23067762013498	0.770773384242958	4	AMP	3	1
JFCF_6_T_1_R	chr12	3861585	5459107	1061	0.803279	1.296294	10	ASCNA	5	1	4	1	1	4.9472318892289	0.804764790306928	5	HLAMP	4	1
JFCF_6_T_1_R	chr12	5460308	5669830	95	0.824561	1.460009	13	ASCNA	6	1	5	1	1	5.54464288882141	0.825979731467332	6	HLAMP	5	1
JFCF_6_T_1_R	chr12	5688383	5936265	97	0.8125	1.390466	10	ASCNA	5	1	4	1	1	5.2825703542667	0.813933778885741	5	HLAMP	4	1
JFCF_6_T_1_R	chr12	5949934	7119782	788	0.81412	1.573686	13	ASCNA	6	1	5	1	1	6.00119288794468	0.815388631385574	6	HLAMP	5	1
JFCF_6_T_1_R	chr12	7132802	7338947	99	0.796296	1.372948	10	ASCNA	5	1	4	1	1	5.21852181266472	0.79767211818539	5	HLAMP	4	1
JFCF_6_T_1_R	chr12	7342343	7348455	10	0.795376	1.741335	18	UBCNA	7	2	5	1	1	6.74368608523281	0.796437586305974	7	HLAMP	5	2
JFCF_6_T_1_R	chr12	7370116	7849986	62	0.781036	1.379362	10	ASCNA	5	1	4	1	1	5.24188220056073	0.782335427780141	5	HLAMP	4	1
JFCF_6_T_1_R	chr12	7850153	7869909	32	0.795062	1.584469	13	ASCNA	6	1	5	1	1	6.04639691352694	0.796244753052592	6	HLAMP	5	1
JFCF_6_T_1_R	chr12	7870217	7919864	116	0.77682	1.401116	10	ASCNA	5	1	4	1	1	5.3218902498183	0.778080692005554	5	HLAMP	4	1
JFCF_6_T_1_R	chr12	7922265	8167995	176	0.803476	1.490344	13	ASCNA	6	1	5	1	1	5.66297733375931	0.804774843952058	6	HLAMP	5	1
JFCF_6_T_1_R	chr12	8171671	9287162	565	0.790698	1.284146	10	ASCNA	5	1	4	1	1	4.90554612285373	0.792134256903233	5	HLAMP	4	1
JFCF_6_T_1_R	chr12	9288953	9523081	150	0.77682	1.10951	7	ASCNA	4	1	3	1	1	4.34350664249471	0.778364665415436	4	AMP	3	1
JFCF_6_T_1_R	chr12	9740839	11170837	1305	0.779661	1.265672	10	ASCNA	5	1	4	1	1	4.8428217164298	0.781060622365234	5	HLAMP	4	1
JFCF_6_T_1_R	chr12	11171463	11192341	143	0.622807	1.234596	11	UBCNA	5	2	3	1	1	4.73910514678657	0.623435064470916	5	HLAMP	3	2
JFCF_6_T_1_R	chr12	11194384	11217237	43	0.759036	1.313698	10	ASCNA	5	1	4	1	1	5.00756857500813	0.760289749198621	5	HLAMP	4	1
JFCF_6_T_1_R	chr12	11218170	11236183	385	0.608696	1.341337	11	UBCNA	5	2	3	1	1	5.10489670017254	0.609212064580354	5	HLAMP	3	2
JFCF_6_T_1_R	chr12	11236214	11236477	26	0.727069	1.372814	10	ASCNA	5	1	4	1	1	5.21803487881846	0.728123698475521	5	HLAMP	4	1
JFCF_6_T_1_R	chr12	11236500	11239278	73	0.60396	1.372814	11	UBCNA	5	2	3	1	1	5.21803487881846	0.604442877246631	5	HLAMP	3	2
JFCF_6_T_1_R	chr12	11261589	11269668	12	0.808163	1.062929	7	ASCNA	4	1	3	1	1	4.2047355120129	0.809939312038733	4	AMP	3	1
JFCF_6_T_1_R	chr12	11270654	11278193	55	0.680412	1.331459	11	UBCNA	5	2	3	1	1	5.06989794826308	0.681274469313951	5	HLAMP	3	2
JFCF_6_T_1_R	chr12	11278250	11281517	42	0.780114	1.331459	10	ASCNA	5	1	4	1	1	5.06989794826308	0.781453100112011	5	HLAMP	4	1
JFCF_6_T_1_R	chr12	11281797	11282381	34	0.621637	1.316334	11	UBCNA	5	2	3	1	1	5.01677077208635	0.622224650204266	5	HLAMP	3	2
JFCF_6_T_1_R	chr12	11282556	11435318	193	0.779412	1.308499	10	ASCNA	5	1	4	1	1	4.98946823090931	0.780769276222315	5	HLAMP	4	1
JFCF_6_T_1_R	chr12	11480228	11497854	28	0.767391	1.116096	7	ASCNA	4	1	3	1	1	4.36349126681915	0.76887621772298	4	AMP	3	1
JFCF_6_T_1_R	chr12	11520421	11526305	12	0.890123	1.500223	13	ASCNA	6	1	5	1	1	5.70205474833727	0.891781240893576	6	HLAMP	5	1
JFCF_6_T_1_R	chr12	11527269	11528586	3	0.620253	1.500223	15	BCNA	6	3	3	1	1	5.70205474833727	0.620764142491407	6	HLAMP	3	3
JFCF_6_T_1_R	chr12	11529280	13389385	1322	0.779661	1.29474	10	ASCNA	5	1	4	1	1	4.94187975107465	0.78103256748577	5	HLAMP	4	1
JFCF_6_T_1_R	chr12	13390882	13467785	102	0.75	1.046828	7	ASCNA	4	1	3	1	1	4.1578010356274	0.751457316070969	4	AMP	3	1
JFCF_6_T_1_R	chr12	13470586	13506973	58	0.757628	1.261538	10	ASCNA	5	1	4	1	1	4.82889526619754	0.758921072050411	5	HLAMP	4	1
JFCF_6_T_1_R	chr12	13510150	15558466	1452	0.75	1.040814	7	ASCNA	4	1	3	1	1	4.14040413141379	0.751463439335097	4	AMP	3	1
JFCF_6_T_1_R	chr12	15562370	16149671	222	0.769751	1.251789	10	ASCNA	5	1	4	1	1	4.79621082173865	0.771114145603954	5	HLAMP	4	1
JFCF_6_T_1_R	chr12	16150512	16297186	69	0.735849	1.123744	7	ASCNA	4	1	3	1	1	4.38681320841876	0.737152053794948	4	AMP	3	1
JFCF_6_T_1_R	chr12	16310816	17147998	524	0.781036	1.227318	10	ASCNA	5	1	4	1	1	4.7151359050672	0.782480591945763	5	HLAMP	4	1
JFCF_6_T_1_R	chr12	17160578	17216445	28	0.785109	1.102775	7	ASCNA	4	1	3	1	1	4.32316402330018	0.78670740438483	4	AMP	3	1
JFCF_6_T_1_R	chr12	17232920	17829626	278	0.772329	1.18862	10	ASCNA	5	1	4	1	1	4.58969960201584	0.773767093350799	5	HLAMP	4	1
JFCF_6_T_1_R	chr12	17830137	17839997	49	0.811321	1.049661	7	ASCNA	4	1	3	1	1	4.16602131323812	0.813132191527624	4	AMP	3	1
JFCF_6_T_1_R	chr12	17840055	19008892	998	0.78125	1.199227	10	ASCNA	5	1	4	1	1	4.62374725155429	0.782724266148622	5	HLAMP	4	1
JFCF_6_T_1_R	chr12	19013576	19350193	255	0.745763	1.047225	7	ASCNA	4	1	3	1	1	4.15895200480568	0.747195221008472	4	AMP	3	1
JFCF_6_T_1_R	chr12	19351592	19508943	86	0.765686	1.184458	10	ASCNA	5	1	4	1	1	4.57640813678762	0.767093088358521	5	HLAMP	4	1
JFCF_6_T_1_R	chr12	19532770	20388368	815	0.746032	0.993341	7	ASCNA	4	1	3	1	1	4.00559357250164	0.747520682777807	4	AMP	3	1
JFCF_6_T_1_R	chr12	20390469	20579694	140	0.774194	1.176525	10	ASCNA	5	1	4	1	1	4.55117982698293	0.775654196825938	5	HLAMP	4	1
JFCF_6_T_1_R	chr12	20580220	20609297	47	0.774194	1.096762	7	ASCNA	4	1	3	1	1	4.30508222468819	0.775737668155633	4	AMP	3	1
JFCF_6_T_1_R	chr12	20610197	23507776	1427	0.767123	1.233928	10	ASCNA	5	1	4	1	1	4.73690012363434	0.768489767062788	5	HLAMP	4	1
JFCF_6_T_1_R	chr12	23512547	23759406	193	0.642857	0.715011	5	GAIN	3	1	2	1	1	3.29853934816578	0.643906680925026	3	GAIN	2	1
JFCF_6_T_1_R	chr12	23761988	23927074	159	0.571429	0.139891	3	HET	2	1	1	NA	NA	2.20611158202249	0.572213737748388	2	NEUT	1	1
JFCF_6_T_1_R	chr12	23929536	26729387	2286	0.634381	0.699975	5	GAIN	3	1	2	1	1	3.26408867596365	0.635378822674107	3	GAIN	2	1
JFCF_6_T_1_R	chr12	26730206	26747493	27	0.612245	0.947199	8	BCNA	4	2	2	1	1	3.87874601708707	0.612946379568097	4	AMP	2	2
JFCF_6_T_1_R	chr12	26750581	26909906	168	0.644444	0.802516	5	GAIN	3	1	2	1	1	3.50631603407575	0.645442449025684	3	GAIN	2	1
JFCF_6_T_1_R	chr12	26910705	27148863	150	0.638889	0.853425	8	BCNA	4	2	2	1	1	3.6331243858606	0.639815541833934	4	AMP	2	2
JFCF_6_T_1_R	chr12	27150110	33585672	6870	0.604167	0.56784	5	GAIN	3	1	2	1	1	2.97629474638042	0.605015265233421	3	GAIN	2	1
JFCF_6_T_1_R	chr12	33619353	59919033	12620	0.566667	0.147154	3	HET	2	1	1	NA	NA	2.21736819885596	0.567395702981416	2	NEUT	1	1
JFCF_6_T_1_R	chr12	59920382	59940367	39	0.625	0.656399	5	GAIN	3	1	2	1	1	3.16625118568258	0.625956846111343	3	GAIN	2	1
JFCF_6_T_1_R	chr12	59946684	102089561	28079	0.566667	0.10386	3	HET	2	1	1	NA	NA	2.15109892936365	0.567418152257735	2	NEUT	1	1
JFCF_6_T_1_R	chr12	102089999	102130176	53	0.571429	0.431377	5	GAIN	3	1	2	1	1	2.70548720603589	0.572068891784262	3	GAIN	2	1
JFCF_6_T_1_R	chr12	102133391	105399914	2858	0.567568	0.201247	3	HET	2	1	1	NA	NA	2.30301139882236	0.568279086486211	2	NEUT	1	1
JFCF_6_T_1_R	chr12	105410100	105439829	83	0.568627	0.364316	5	GAIN	3	1	2	1	1	2.58150491522089	0.569271316876139	3	GAIN	2	1
JFCF_6_T_1_R	chr12	105440182	133812415	20935	0.588235	-0.06287	3	HET	2	1	1	NA	NA	1.91368192441569	0.589352502707161	2	NEUT	1	1
JFCF_6_T_1_R	chr13	20140719	115093704	70157	0.578947	-0.160094	3	HET	2	1	1	NA	NA	1.78738783101613	0.580017518762083	2	NEUT	1	1
JFCF_6_T_1_R	chr14	20210007	25177062	4241	0.571429	0.012113	3	HET	2	1	1	NA	NA	2.01706722775417	0.572287285242925	2	NEUT	1	1
JFCF_6_T_1_R	chr14	25184347	26748262	1257	0.627907	0.404702	5	GAIN	3	1	2	1	1	2.65547916454374	0.62907442466125	3	GAIN	2	1
JFCF_6_T_1_R	chr14	26750320	26779334	46	0.608586	0.167951	3	HET	2	1	1	NA	NA	2.24991582234875	0.609755728345329	2	NEUT	1	1
JFCF_6_T_1_R	chr14	26780624	40486344	8608	0.633333	0.420438	5	GAIN	3	1	2	1	1	2.68486778823943	0.634536627758521	3	GAIN	2	1
JFCF_6_T_1_R	chr14	40500988	40598243	80	0.657519	0.265909	3	HET	2	1	1	NA	NA	2.40969220068948	0.659103341589331	2	NEUT	1	1
JFCF_6_T_1_R	chr14	40599212	41134477	653	0.666667	0.323115	5	GAIN	3	1	2	1	1	2.50814176127341	0.668277552875208	3	GAIN	2	1
JFCF_6_T_1_R	chr14	41144639	41155528	7	0.847826	1.639952	13	ASCNA	6	1	5	1	1	6.28440801907319	0.84916745193704	6	HLAMP	5	1
JFCF_6_T_1_R	chr14	41266753	41339808	96	0.788968	1.109977	7	ASCNA	4	1	3	1	1	4.34492070877555	0.790579926909384	4	AMP	3	1
JFCF_6_T_1_R	chr14	41340337	41449148	131	0.779661	1.185347	10	ASCNA	5	1	4	1	1	4.57924396399727	0.78114118354961	5	HLAMP	4	1
JFCF_6_T_1_R	chr14	41452298	41489905	108	0.795207	1.075768	7	ASCNA	4	1	3	1	1	4.24253843741378	0.796893468812425	4	AMP	3	1
JFCF_6_T_1_R	chr14	41490613	41499733	35	0.794118	1.226172	10	ASCNA	5	1	4	1	1	4.71137269489458	0.795631044120004	5	HLAMP	4	1
JFCF_6_T_1_R	chr14	41501464	41519458	120	0.790963	1.126266	7	ASCNA	4	1	3	1	1	4.39453098479668	0.792567732630527	4	AMP	3	1
JFCF_6_T_1_R	chr14	41519869	41532158	37	0.796875	1.3357	10	ASCNA	5	1	4	1	1	5.08489488857203	0.798290041235314	5	HLAMP	4	1
JFCF_6_T_1_R	chr14	41532578	41580134	132	0.785165	0.998686	7	ASCNA	4	1	3	1	1	4.0205512684357	0.78688404824421	4	AMP	3	1
JFCF_6_T_1_R	chr14	41581373	41699404	74	0.8	1.178456	10	ASCNA	5	1	4	1	1	4.55730797249847	0.80159547618173	5	HLAMP	4	1
JFCF_6_T_1_R	chr14	41700578	42658451	789	0.797101	1.124695	7	ASCNA	4	1	3	1	1	4.38972185609844	0.798741380353194	4	AMP	3	1
JFCF_6_T_1_R	chr14	42661259	42768646	155	0.807692	1.182022	10	ASCNA	5	1	4	1	1	4.56864647221146	0.809324323000961	5	HLAMP	4	1
JFCF_6_T_1_R	chr14	42769076	42809025	46	0.781497	1.080432	7	ASCNA	4	1	3	1	1	4.25635455345339	0.783099925810473	4	AMP	3	1
JFCF_6_T_1_R	chr14	42810067	42919967	108	0.793285	1.178183	10	ASCNA	5	1	4	1	1	4.55644109253586	0.794845060857485	5	HLAMP	4	1
JFCF_6_T_1_R	chr14	42920328	43011259	93	0.779661	1.099403	7	ASCNA	4	1	3	1	1	4.31301474211771	0.781232550757517	4	AMP	3	1
JFCF_6_T_1_R	chr14	43012582	43184519	48	0.806277	1.177439	10	ASCNA	5	1	4	1	1	4.55407943900899	0.807907013612179	5	HLAMP	4	1
JFCF_6_T_1_R	chr14	43194598	43319611	78	0.791749	1.129555	7	ASCNA	4	1	3	1	1	4.40461621146177	0.793354383340489	4	AMP	3	1
JFCF_6_T_1_R	chr14	43322007	43329816	11	0.806452	1.281493	10	ASCNA	5	1	4	1	1	4.8964889790626	0.807968893629185	5	HLAMP	4	1
JFCF_6_T_1_R	chr14	43330274	46273348	1854	0.761905	0.911088	7	ASCNA	4	1	3	1	1	3.78226592283839	0.7635832983915	4	AMP	3	1
JFCF_6_T_1_R	chr14	46280913	46309903	23	0.808511	1.398268	10	ASCNA	5	1	4	1	1	5.3113469602335	0.809918808003167	5	HLAMP	4	1
JFCF_6_T_1_R	chr14	46314375	46759199	42	0.778499	1.051476	7	ASCNA	4	1	3	1	1	4.17129623584347	0.780117192020232	4	AMP	3	1
JFCF_6_T_1_R	chr14	46761853	48008119	640	0.792778	1.178314	10	ASCNA	5	1	4	1	1	4.55685704743097	0.794335221831858	5	HLAMP	4	1
JFCF_6_T_1_R	chr14	48012185	48088629	69	0.772727	1.07863	7	ASCNA	4	1	3	1	1	4.25101121320003	0.774281938917566	4	AMP	3	1
JFCF_6_T_1_R	chr14	48090417	48279402	199	0.782609	1.210793	10	ASCNA	5	1	4	1	1	4.66115962915708	0.784078499560934	5	HLAMP	4	1
JFCF_6_T_1_R	chr14	48284895	48299967	38	0.776644	1.114135	7	ASCNA	4	1	3	1	1	4.35753124781981	0.778182715023013	4	AMP	3	1
JFCF_6_T_1_R	chr14	48300187	48316706	104	0.821429	1.207993	10	ASCNA	5	1	4	1	1	4.6520749734695	0.823103618175568	5	HLAMP	4	1
JFCF_6_T_1_R	chr14	48317989	48569160	182	0.796856	1.099454	7	ASCNA	4	1	3	1	1	4.31316806886964	0.798524118498557	4	AMP	3	1
JFCF_6_T_1_R	chr14	48570154	49019582	85	0.787234	1.163576	10	ASCNA	5	1	4	1	1	4.51029663572737	0.788777505527624	5	HLAMP	4	1
JFCF_6_T_1_R	chr14	49020898	49277501	41	0.789474	1.040281	7	ASCNA	4	1	3	1	1	4.13886579959216	0.791169140367289	4	AMP	3	1
JFCF_6_T_1_R	chr14	49303829	49426354	95	0.793103	1.183809	10	ASCNA	5	1	4	1	1	4.57433899045411	0.794655992529214	5	HLAMP	4	1
JFCF_6_T_1_R	chr14	49432510	49819944	267	0.792453	1.106234	7	ASCNA	4	1	3	1	1	4.3335998402768	0.794088628701499	4	AMP	3	1
JFCF_6_T_1_R	chr14	49830692	50439504	314	0.785714	1.169308	10	ASCNA	5	1	4	1	1	4.52834871784945	0.787243216961834	5	HLAMP	4	1
JFCF_6_T_1_R	chr14	50440263	50567667	115	0.769231	1.015883	7	ASCNA	4	1	3	1	1	4.069053856631	0.770834648103034	4	AMP	3	1
JFCF_6_T_1_R	chr14	50571412	50798037	132	0.767857	1.181078	10	ASCNA	5	1	4	1	1	4.56564218951529	0.769278931176227	5	HLAMP	4	1
JFCF_6_T_1_R	chr14	50801810	51329654	406	0.755102	1.052287	7	ASCNA	4	1	3	1	1	4.17365538579511	0.756583408134817	4	AMP	3	1
JFCF_6_T_1_R	chr14	51331315	51798841	417	0.709677	0.709185	5	GAIN	3	1	2	1	1	3.28514811918638	0.711223939351338	3	GAIN	2	1
JFCF_6_T_1_R	chr14	51801445	52242196	341	0.745098	0.930229	7	ASCNA	4	1	3	1	1	3.83310532510583	0.746647767193477	4	AMP	3	1
JFCF_6_T_1_R	chr14	52251209	53695978	1217	0.704545	0.710022	5	GAIN	3	1	2	1	1	3.28706866293958	0.706053195151952	3	GAIN	2	1
JFCF_6_T_1_R	chr14	53711660	55889815	1131	0.808511	1.286187	10	ASCNA	5	1	4	1	1	4.91252528855859	0.810033100410481	5	HLAMP	4	1
JFCF_6_T_1_R	chr14	55890702	55899769	21	0.808219	1.549173	13	ASCNA	6	1	5	1	1	5.8996789657499	0.809485217979084	6	HLAMP	5	1
JFCF_6_T_1_R	chr14	55900665	56939901	1257	0.826087	1.384711	10	ASCNA	5	1	4	1	1	5.26144333740112	0.827589124868831	5	HLAMP	4	1
JFCF_6_T_1_R	chr14	56941657	56949644	15	0.861538	1.570481	13	ASCNA	6	1	5	1	1	5.98782203183104	0.863001398198135	6	HLAMP	5	1
JFCF_6_T_1_R	chr14	56951735	57524955	386	0.839108	1.415411	10	ASCNA	5	1	4	1	1	5.37512586714417	0.840637068162409	5	HLAMP	4	1
JFCF_6_T_1_R	chr14	57531785	58075713	158	0.846154	1.519108	13	ASCNA	6	1	5	1	1	5.77750513881551	0.84760613322649	6	HLAMP	5	1
JFCF_6_T_1_R	chr14	58090260	58189945	171	0.804348	1.067952	7	ASCNA	4	1	3	1	1	4.21948509526579	0.806096189243291	4	AMP	3	1
JFCF_6_T_1_R	chr14	58190257	58239840	56	0.793671	1.16929	10	ASCNA	5	1	4	1	1	4.52829191718959	0.795242824648146	5	HLAMP	4	1
JFCF_6_T_1_R	chr14	58240290	58328897	38	0.811422	1.083748	7	ASCNA	4	1	3	1	1	4.26620470627424	0.813191233066656	4	AMP	3	1
JFCF_6_T_1_R	chr14	58335370	59163823	472	0.795163	1.200127	10	ASCNA	5	1	4	1	1	4.62664771957537	0.796709225857097	5	HLAMP	4	1
JFCF_6_T_1_R	chr14	59166218	59296247	63	0.794118	1.102843	7	ASCNA	4	1	3	1	1	4.32336893856148	0.79576683331829	4	AMP	3	1
JFCF_6_T_1_R	chr14	59298856	59959584	778	0.8	1.232625	10	ASCNA	5	1	4	1	1	4.73260194508055	0.801536380284526	5	HLAMP	4	1
JFCF_6_T_1_R	chr14	59960522	59969688	24	0.804558	1.532307	13	ASCNA	6	1	5	1	1	5.83082795382534	0.805823951982746	6	HLAMP	5	1
JFCF_6_T_1_R	chr14	59970176	60009611	69	0.803571	1.15038	10	ASCNA	5	1	4	1	1	4.46900940958013	0.805217366273547	5	HLAMP	4	1
JFCF_6_T_1_R	chr14	60010606	61367508	709	0.84058	1.562023	13	ASCNA	6	1	5	1	1	5.952678618654	0.841966705231212	6	HLAMP	5	1
JFCF_6_T_1_R	chr14	61382747	65347116	2469	0.808989	1.327049	10	ASCNA	5	1	4	1	1	5.05435007874125	0.810470682489305	5	HLAMP	4	1
JFCF_6_T_1_R	chr14	65371445	67146123	858	0.772727	0.982255	7	ASCNA	4	1	3	1	1	3.97474610088018	0.77439001509748	4	AMP	3	1
JFCF_6_T_1_R	chr14	67251655	67819518	22	0.812047	1.338168	10	ASCNA	5	1	4	1	1	5.09364249525084	0.813531803560162	5	HLAMP	4	1
JFCF_6_T_1_R	chr14	67837048	73478689	3794	0.774824	1.023497	7	ASCNA	4	1	3	1	1	4.09071380692888	0.776452294696791	4	AMP	3	1
JFCF_6_T_1_R	chr14	73480419	73565151	86	0.783824	1.182536	10	ASCNA	5	1	4	1	1	4.57028310544787	0.785329162750071	5	HLAMP	4	1
JFCF_6_T_1_R	chr14	73567749	73598922	27	0.777778	1.043061	7	ASCNA	4	1	3	1	1	4.146895620935	0.779401499619518	4	AMP	3	1
JFCF_6_T_1_R	chr14	73601025	73689629	79	0.775	1.186715	10	ASCNA	5	1	4	1	1	4.58361117145971	0.776454127116524	5	HLAMP	4	1
JFCF_6_T_1_R	chr14	73690637	73800175	105	0.777778	1.076222	7	ASCNA	4	1	3	1	1	4.24388135520596	0.779364397662723	4	AMP	3	1
JFCF_6_T_1_R	chr14	73801416	73859583	44	0.785014	1.221708	10	ASCNA	5	1	4	1	1	4.69674237524016	0.786484777247672	5	HLAMP	4	1
JFCF_6_T_1_R	chr14	73860627	73889452	30	0.773348	1.064139	7	ASCNA	4	1	3	1	1	4.2082838732101	0.774922302994286	4	AMP	3	1
JFCF_6_T_1_R	chr14	73891402	73923676	33	0.779661	1.281369	10	ASCNA	5	1	4	1	1	4.89606605961466	0.781045401579273	5	HLAMP	4	1
JFCF_6_T_1_R	chr14	73951538	74288871	91	0.773585	1.100774	7	ASCNA	4	1	3	1	1	4.3171384121864	0.775120938258078	4	AMP	3	1
JFCF_6_T_1_R	chr14	74291381	74359798	150	0.768544	1.213787	10	ASCNA	5	1	4	1	1	4.6708932478781	0.769937455039142	5	HLAMP	4	1
JFCF_6_T_1_R	chr14	74360920	75179734	1066	0.777778	1.086744	7	ASCNA	4	1	3	1	1	4.27512379098406	0.779352804331273	4	AMP	3	1
JFCF_6_T_1_R	chr14	75182008	75229376	32	0.778889	1.178561	10	ASCNA	5	1	4	1	1	4.55764143155016	0.780372094004565	5	HLAMP	4	1
JFCF_6_T_1_R	chr14	75232306	75328421	94	0.791901	1.123573	7	ASCNA	4	1	3	1	1	4.38629040571253	0.793513930482195	4	AMP	3	1
JFCF_6_T_1_R	chr14	75331487	75390912	64	0.814815	1.344861	10	ASCNA	5	1	4	1	1	5.11744069588244	0.81630600825239	5	HLAMP	4	1
JFCF_6_T_1_R	chr14	75392298	75637359	219	0.772727	1.102017	7	ASCNA	4	1	3	1	1	4.32088047460713	0.774256795330665	4	AMP	3	1
JFCF_6_T_1_R	chr14	75639571	75658795	24	0.837838	1.205583	10	ASCNA	5	1	4	1	1	4.64426978701049	0.839601065738671	5	HLAMP	4	1
JFCF_6_T_1_R	chr14	75659880	75958563	255	0.789474	1.056191	7	ASCNA	4	1	3	1	1	4.18503046177096	0.7911504414395	4	AMP	3	1
JFCF_6_T_1_R	chr14	75962162	76029880	82	0.822222	1.178418	10	ASCNA	5	1	4	1	1	4.55718729806056	0.823935703798485	5	HLAMP	4	1
JFCF_6_T_1_R	chr14	76031005	76095965	55	0.810345	1.04857	7	ASCNA	4	1	3	1	1	4.16285373902832	0.812151887232416	4	AMP	3	1
JFCF_6_T_1_R	chr14	76102844	77157549	814	0.821429	1.268531	10	ASCNA	5	1	4	1	1	4.85247636763146	0.823034458474078	5	HLAMP	4	1
JFCF_6_T_1_R	chr14	77163989	78029889	762	0.777778	1.035783	7	ASCNA	4	1	3	1	1	4.12590639053361	0.779409758655072	4	AMP	3	1
JFCF_6_T_1_R	chr14	78031309	78039826	25	0.784314	1.295539	10	ASCNA	5	1	4	1	1	4.94463087038904	0.785707611810376	5	HLAMP	4	1
JFCF_6_T_1_R	chr14	78048464	78078542	27	0.744681	1.043301	7	ASCNA	4	1	3	1	1	4.14758956875705	0.746110821824844	4	AMP	3	1
JFCF_6_T_1_R	chr14	78080832	78097054	29	0.77193	1.219197	10	ASCNA	5	1	4	1	1	4.68853269236847	0.773335716112216	5	HLAMP	4	1
JFCF_6_T_1_R	chr14	78100500	78727497	314	0.781818	0.929109	7	ASCNA	4	1	3	1	1	3.83011193656643	0.783601342298357	4	AMP	3	1
JFCF_6_T_1_R	chr14	78730325	78836112	113	0.744186	0.678497	5	GAIN	3	1	2	1	1	3.2154966102714	0.746026560736735	3	GAIN	2	1
JFCF_6_T_1_R	chr14	78843931	106690553	22658	0.625	-0.010945	3	HET	2	1	1	NA	NA	1.98470124028076	0.626526484224964	2	NEUT	1	1
JFCF_6_T_1_R	chr14	106691199	106717072	31	1	-0.044845	2	NLOH	2	0	2	1	1	1.93804612566115	1	2	NEUT	2	0
JFCF_6_T_1_R	chr14	106717441	106726729	31	0.627451	-0.228969	3	HET	2	1	1	NA	NA	1.70293196099874	0.629264942012282	2	NEUT	1	1
JFCF_6_T_1_R	chr14	106726905	106727078	6	0.991071	-0.228969	2	NLOH	2	0	2	1	1	1.70293196099874	0.998060151265296	2	NEUT	2	0
JFCF_6_T_1_R	chr14	106727299	106728211	5	0.588235	-0.228969	3	HET	2	1	1	NA	NA	1.70293196099874	0.589490801629282	2	NEUT	1	1
JFCF_6_T_1_R	chr14	106728295	106728554	20	1	-0.228969	2	NLOH	2	0	2	1	1	1.70293196099874	1	2	NEUT	2	0
JFCF_6_T_1_R	chr14	106728618	106729142	3	0.576923	-0.228969	3	HET	2	1	1	NA	NA	1.70293196099874	0.578017803974945	2	NEUT	1	1
JFCF_6_T_1_R	chr14	106729192	106729374	15	1	-0.228969	2	NLOH	2	0	2	1	1	1.70293196099874	1	2	NEUT	2	0
JFCF_6_T_1_R	chr14	106729508	106730237	14	0.790404	-0.180333	3	HET	2	1	1	NA	NA	1.76215069633264	0.794398266122035	2	NEUT	1	1
JFCF_6_T_1_R	chr14	106730249	106730703	14	1	-0.180333	2	NLOH	2	0	2	1	1	1.76215069633264	1	2	NEUT	2	0
JFCF_6_T_1_R	chr14	106730723	106730734	2	0.626161	-0.180333	3	HET	2	1	1	NA	NA	1.76215069633264	0.627896239901041	2	NEUT	1	1
JFCF_6_T_1_R	chr14	106730763	106730791	8	1	-0.180333	2	NLOH	2	0	2	1	1	1.76215069633264	1	2	NEUT	2	0
JFCF_6_T_1_R	chr14	106730792	106730902	8	0.541487	-0.180333	3	HET	2	1	1	NA	NA	1.76215069633264	0.542057619270413	2	NEUT	1	1
JFCF_6_T_1_R	chr14	106730909	106731855	69	1	-0.180333	2	NLOH	2	0	2	1	1	1.76215069633264	1	2	NEUT	2	0
JFCF_6_T_1_R	chr14	106731968	106733245	5	0.6	-0.180333	3	HET	2	1	1	NA	NA	1.76215069633264	0.601375417047298	2	NEUT	1	1
JFCF_6_T_1_R	chr14	106733363	106734052	42	1	-0.180333	2	NLOH	2	0	2	1	1	1.76215069633264	1	2	NEUT	2	0
JFCF_6_T_1_R	chr14	106734707	106879952	388	0.6	-0.465679	3	HET	2	1	1	NA	NA	1.44157413994623	0.601681281621585	2	NEUT	1	1
JFCF_6_T_1_R	chr14	106890272	106918283	81	1	-0.88772	1	DLOH	1	0	1	1	1	1.06979752002545	1	1	HETD	1	0
JFCF_6_T_1_R	chr14	106918976	106942204	164	0.571429	-0.466554	3	HET	2	1	1	NA	NA	1.44068538953506	0.572630663491658	2	NEUT	1	1
JFCF_6_T_1_R	chr14	106948660	106976874	45	1	-0.612554	1	DLOH	1	0	1	1	1	1.2996906116172	1	1	HETD	1	0
JFCF_6_T_1_R	chr14	106976922	106978930	29	0.636364	-0.612554	3	HET	2	1	1	NA	NA	1.2996906116172	0.638906946356714	2	NEUT	1	1
JFCF_6_T_1_R	chr14	106979089	107023680	165	1	-0.72184	1	DLOH	1	0	1	1	1	1.20310579585056	1	1	HETD	1	0
JFCF_6_T_1_R	chr14	107023705	107032297	208	0.7	-0.548312	3	HET	2	1	1	NA	NA	1.35997626785122	0.703564315297168	2	NEUT	1	1
JFCF_6_T_1_R	chr14	107032345	107032903	27	0.8	-0.849562	1	DLOH	1	0	1	1	1	1.09911982247036	0.806615362742334	1	HETD	1	0
JFCF_6_T_1_R	chr14	107032963	107037471	141	0.666667	-0.849562	3	HET	2	1	1	NA	NA	1.09911982247036	0.670342208873922	2	NEUT	1	1
JFCF_6_T_1_R	chr14	107037592	107107886	148	1	-0.839999	1	DLOH	1	0	1	1	1	1.10659080091815	1	1	HETD	1	0
JFCF_6_T_1_R	chr14	107107890	107108176	13	0.724138	-0.797911	3	HET	2	1	1	NA	NA	1.14006656297302	0.728902998108588	2	NEUT	1	1
JFCF_6_T_1_R	chr14	107108221	107108679	20	0.807692	-0.797911	1	DLOH	1	0	1	1	1	1.14006656297302	0.814233290624649	1	HETD	1	0
JFCF_6_T_1_R	chr14	107108750	107109659	33	0.703704	-0.797911	3	HET	2	1	1	NA	NA	1.14006656297302	0.708034587293149	2	NEUT	1	1
JFCF_6_T_1_R	chr14	107109675	107110404	17	1	-0.797911	1	DLOH	1	0	1	1	1	1.14006656297302	1	1	HETD	1	0
JFCF_6_T_1_R	chr14	107110434	107112530	51	0.705882	-0.745949	3	HET	2	1	1	NA	NA	1.18276599037476	0.710100878312081	2	NEUT	1	1
JFCF_6_T_1_R	chr14	107112568	107113640	28	0.82971	-0.745949	1	DLOH	1	0	1	1	1	1.18276599037476	0.83646632822819	1	HETD	1	0
JFCF_6_T_1_R	chr14	107113846	107114639	40	0.700337	-0.745949	3	HET	2	1	1	NA	NA	1.18276599037476	0.70444225167041	2	NEUT	1	1
JFCF_6_T_1_R	chr14	107115364	107238230	762	1	-1.226207	1	DLOH	1	0	1	1	1	0.84100241225336	1	1	HETD	1	0
JFCF_6_T_1_R	chr14	107238232	107242832	92	0.680909	-0.730687	3	HET	2	1	1	NA	NA	1.1956024249884	0.684576337120916	2	NEUT	1	1
JFCF_6_T_1_R	chr14	107243700	107258750	39	1	-0.972631	1	DLOH	1	0	1	1	1	1.00726546327792	1	1	HETD	1	0
JFCF_6_T_1_R	chr14	107260573	107263395	64	0.730769	-0.728091	3	HET	2	1	1	NA	NA	1.1977993922343	0.735438504823721	2	NEUT	1	1
JFCF_6_T_1_R	chr14	107265439	107268495	4	1	-0.728091	1	DLOH	1	0	1	1	1	1.1977993922343	1	1	HETD	1	0
JFCF_6_T_1_R	chr15	21910133	102399429	52471	0.6	-0.207356	3	HET	2	1	1	NA	NA	1.7290014465612	0.601401787206404	2	NEUT	1	1
JFCF_6_T_1_R	chr16	90024	57307802	34141	0.625	-0.137759	3	HET	2	1	1	NA	NA	1.81565262036897	0.62666860945787	2	NEUT	1	1
JFCF_6_T_1_R	chr16	57314135	57329944	35	0.588235	0.449386	5	GAIN	3	1	2	1	1	2.73977560932542	0.589015554700867	3	GAIN	2	1
JFCF_6_T_1_R	chr16	57330028	90149922	27754	0.571429	0.105175	3	HET	2	1	1	NA	NA	2.15308262698877	0.572233065303332	2	NEUT	1	1
JFCF_6_T_1_R	chr17	1665	8076655	7053	0.571429	0.141286	3	HET	2	1	1	NA	NA	2.20826923890544	0.572212970996411	2	NEUT	1	1
JFCF_6_T_1_R	chr17	8081740	8769822	601	0.6	0.438596	5	GAIN	3	1	2	1	1	2.71918051105068	0.600891331817727	3	GAIN	2	1
JFCF_6_T_1_R	chr17	8770138	8848048	42	0.598465	0.164676	3	HET	2	1	1	NA	NA	2.24475922106119	0.599528137824048	2	NEUT	1	1
JFCF_6_T_1_R	chr17	8865763	8925689	55	0.594595	0.372631	5	GAIN	3	1	2	1	1	2.59656651952553	0.5954779704658	3	GAIN	2	1
JFCF_6_T_1_R	chr17	8931998	9124905	307	0.583333	0.305032	3	HET	2	1	1	NA	NA	2.47659856687281	0.584148527946708	2	NEUT	1	1
JFCF_6_T_1_R	chr17	9129027	9668595	486	0.606061	0.366066	5	GAIN	3	1	2	1	1	2.58466761758646	0.607055554219969	3	GAIN	2	1
JFCF_6_T_1_R	chr17	9670651	10459982	1007	0.588235	0.280321	3	HET	2	1	1	NA	NA	2.43412811927399	0.589113567037719	2	NEUT	1	1
JFCF_6_T_1_R	chr17	10460567	10637282	218	0.58102	0.382058	5	GAIN	3	1	2	1	1	2.61374770380156	0.581771287258046	3	GAIN	2	1
JFCF_6_T_1_R	chr17	10647355	12199121	913	0.594595	0.266251	3	HET	2	1	1	NA	NA	2.41026924740216	0.595546218023338	2	NEUT	1	1
JFCF_6_T_1_R	chr17	12202338	14129359	1418	0.592593	0.351156	5	GAIN	3	1	2	1	1	2.55784389512234	0.593470367550659	3	GAIN	2	1
JFCF_6_T_1_R	chr17	14150036	14239843	118	0.586207	0.228481	3	HET	2	1	1	NA	NA	2.34736053788113	0.587097102828909	2	NEUT	1	1
JFCF_6_T_1_R	chr17	14240231	14339924	134	0.587221	0.347631	5	GAIN	3	1	2	1	1	2.55154268508544	0.588049506027183	3	GAIN	2	1
JFCF_6_T_1_R	chr17	14340407	14769928	467	0.606061	0.272736	3	HET	2	1	1	NA	NA	2.42123712957325	0.607122685390039	2	NEUT	1	1
JFCF_6_T_1_R	chr17	14770346	14809500	72	0.608449	0.431553	5	GAIN	3	1	2	1	1	2.70582023605179	0.609420413332932	3	GAIN	2	1
JFCF_6_T_1_R	chr17	14816752	14878571	91	0.589744	0.274369	3	HET	2	1	1	NA	NA	2.4240067516911	0.590641323509337	2	NEUT	1	1
JFCF_6_T_1_R	chr17	14881793	15249734	461	0.59375	0.409219	5	GAIN	3	1	2	1	1	2.66388235851421	0.59460296985569	3	GAIN	2	1
JFCF_6_T_1_R	chr17	15250535	15338269	72	0.581989	0.272011	3	HET	2	1	1	NA	NA	2.42000851006282	0.582810137989339	2	NEUT	1	1
JFCF_6_T_1_R	chr17	15352112	18916330	1503	0.592593	0.464672	5	GAIN	3	1	2	1	1	2.76921725810718	0.593403398399281	3	GAIN	2	1
JFCF_6_T_1_R	chr17	19168912	20029933	512	0.565217	0.142624	3	HET	2	1	1	NA	NA	2.21034069458179	0.565932120201025	2	NEUT	1	1
JFCF_6_T_1_R	chr17	20030960	20869167	311	0.592593	0.404639	5	GAIN	3	1	2	1	1	2.65536214852679	0.593438146201423	3	GAIN	2	1
JFCF_6_T_1_R	chr17	20871167	20919720	57	0.619048	0.217083	3	HET	2	1	1	NA	NA	2.32869757253845	0.620287043237874	2	NEUT	1	1
JFCF_6_T_1_R	chr17	20922007	21199877	377	0.588235	0.37062	5	GAIN	3	1	2	1	1	2.59291587680774	0.589059764409176	3	GAIN	2	1
JFCF_6_T_1_R	chr17	21199991	21207992	224	0.572479	0.248588	3	HET	2	1	1	NA	NA	2.38064516034949	0.573216895689772	2	NEUT	1	1
JFCF_6_T_1_R	chr17	21208043	21219793	310	0.587596	0.399624	5	GAIN	3	1	2	1	1	2.64606367620498	0.588398345520897	3	GAIN	2	1
JFCF_6_T_1_R	chr17	21220301	21240074	598	0.673684	0.251751	3	HET	2	1	1	NA	NA	2.3859234668517	0.675448333793068	2	NEUT	1	1
JFCF_6_T_1_R	chr17	21240140	21254477	544	0.702626	0.297562	5	GAIN	3	1	2	1	1	2.46368318283195	0.704619369279076	3	GAIN	2	1
JFCF_6_T_1_R	chr17	21254512	41380777	7953	0.571429	0.185409	3	HET	2	1	1	NA	NA	2.27760244116963	0.572189105892177	2	NEUT	1	1
JFCF_6_T_1_R	chr17	41381934	41382468	3	0.811092	0.155066	5	GAIN	3	1	2	1	1	2.22969533715634	0.814473588563183	3	GAIN	2	1
JFCF_6_T_1_R	chr17	41401810	48069288	3165	0.571429	0.211351	3	HET	2	1	1	NA	NA	2.31936762905679	0.572175418555593	2	NEUT	1	1
JFCF_6_T_1_R	chr17	48070225	48109168	64	0.561738	0.626136	5	GAIN	3	1	2	1	1	3.10002229268109	0.56222068653969	3	GAIN	2	1
JFCF_6_T_1_R	chr17	48111271	57818213	6809	0.565217	0.146868	3	HET	2	1	1	NA	NA	2.21692386689075	0.565929996646141	2	NEUT	1	1
JFCF_6_T_1_R	chr17	57820356	57939178	76	0.571429	0.384064	5	GAIN	3	1	2	1	1	2.61741824935099	0.572090422390555	3	GAIN	2	1
JFCF_6_T_1_R	chr17	57940004	63959960	3241	0.565217	0.204505	3	HET	2	1	1	NA	NA	2.30827290078352	0.565901780071414	2	NEUT	1	1
JFCF_6_T_1_R	chr17	63960269	63969921	76	0.554412	0.410281	5	GAIN	3	1	2	1	1	2.66586187156892	0.554906691553105	3	GAIN	2	1
JFCF_6_T_1_R	chr17	63970037	73168560	7937	0.571429	0.129743	3	HET	2	1	1	NA	NA	2.19047822961904	0.572219338389197	2	NEUT	1	1
JFCF_6_T_1_R	chr17	73171450	73199934	32	0.571429	0.419787	5	GAIN	3	1	2	1	1	2.68364561080961	0.572074099721288	3	GAIN	2	1
JFCF_6_T_1_R	chr17	73200878	80329579	6510	0.571429	0.179082	3	HET	2	1	1	NA	NA	2.26752973077495	0.572192482397639	2	NEUT	1	1
JFCF_6_T_1_R	chr17	80330676	80339901	37	0.566667	0.467917	5	GAIN	3	1	2	1	1	2.77550754171766	0.56724916480882	3	GAIN	2	1
JFCF_6_T_1_R	chr17	80340379	81102135	762	0.578947	0.174505	3	HET	2	1	1	NA	NA	2.26027054277407	0.579793550079741	2	NEUT	1	1
JFCF_6_T_1_R	chr18	130168	20828295	12763	0.571429	0.016129	3	HET	2	1	1	NA	NA	2.02275747964647	0.572284870786779	2	NEUT	1	1
JFCF_6_T_1_R	chr18	20919985	34858945	6772	0.636364	0.552177	5	GAIN	3	1	2	1	1	2.94389487843475	0.637486677147842	3	GAIN	2	1
JFCF_6_T_1_R	chr18	34861772	34889596	74	0.606061	0.218561	3	HET	2	1	1	NA	NA	2.33110932211932	0.607163733390449	2	NEUT	1	1
JFCF_6_T_1_R	chr18	34890520	35019581	84	0.6	0.312482	5	GAIN	3	1	2	1	1	2.4895461490646	0.600973547772374	3	GAIN	2	1
JFCF_6_T_1_R	chr18	35020537	35077028	61	0.586207	0.277245	3	HET	2	1	1	NA	NA	2.42889217203528	0.587067224376896	2	NEUT	1	1
JFCF_6_T_1_R	chr18	35078535	35239905	131	0.605263	0.355755	5	GAIN	3	1	2	1	1	2.56608814419452	0.606257218000282	3	GAIN	2	1
JFCF_6_T_1_R	chr18	35240793	35278692	71	0.625	0.27783	3	HET	2	1	1	NA	NA	2.42988709575396	0.626246813129651	2	NEUT	1	1
JFCF_6_T_1_R	chr18	35284742	35398327	148	0.626786	0.312009	5	GAIN	3	1	2	1	1	2.48872211871539	0.628020730969958	3	GAIN	2	1
JFCF_6_T_1_R	chr18	35447201	43369912	4126	0.566667	0.127598	3	HET	2	1	1	NA	NA	2.1871878362633	0.567405758139842	2	NEUT	1	1
JFCF_6_T_1_R	chr18	43380007	43539006	133	0.606061	0.444921	5	GAIN	3	1	2	1	1	2.73123448476147	0.607002183227083	3	GAIN	2	1
JFCF_6_T_1_R	chr18	43542242	47099084	2715	0.566667	0.187061	3	HET	2	1	1	NA	NA	2.28023973908147	0.567375610936697	2	NEUT	1	1
JFCF_6_T_1_R	chr18	47111260	47269746	143	0.612903	0.405266	5	GAIN	3	1	2	1	1	2.65652696417547	0.61393307465657	3	GAIN	2	1
JFCF_6_T_1_R	chr18	47271009	50583223	2745	0.571429	0.083581	3	HET	2	1	1	NA	NA	2.12073558569294	0.572245329507199	2	NEUT	1	1
JFCF_6_T_1_R	chr18	50624932	50946260	87	0.605263	0.364154	5	GAIN	3	1	2	1	1	2.58121233330583	0.606251392543438	3	GAIN	2	1
JFCF_6_T_1_R	chr18	50953078	50959356	4	0.62381	2.21736	23	UBCNA	8	3	5	1	1	9.38930829721519	0.624129594703197	9	HLAMP	6	3
JFCF_6_T_1_R	chr18	50960222	54889929	3029	0.6	0.433658	5	GAIN	3	1	2	1	1	2.70980650111577	0.600894415194091	3	GAIN	2	1
JFCF_6_T_1_R	chr18	54901589	55404767	350	0.571429	0.22861	3	HET	2	1	1	NA	NA	2.34757260608801	0.572166450688886	2	NEUT	1	1
JFCF_6_T_1_R	chr18	55410511	55429848	47	0.56	0.527336	5	GAIN	3	1	2	1	1	2.89322566768663	0.560502627666009	3	GAIN	2	1
JFCF_6_T_1_R	chr18	55430573	63809757	6162	0.566667	0.165559	3	HET	2	1	1	NA	NA	2.24614838286537	0.567386366017726	2	NEUT	1	1
JFCF_6_T_1_R	chr18	63810784	64359120	554	0.611111	0.433889	5	GAIN	3	1	2	1	1	2.7102443029917	0.612104633132907	3	GAIN	2	1
JFCF_6_T_1_R	chr18	64425187	69070615	2859	0.565217	0.196645	3	HET	2	1	1	NA	NA	2.29559962232043	0.565905560525308	2	NEUT	1	1
JFCF_6_T_1_R	chr18	69070772	77832175	6206	1	-0.991186	1	DLOH	1	0	1	1	1	0.994083902288556	1	1	HETD	1	0
JFCF_6_T_1_R	chr19	260301	59089308	43283	0.578947	0.021537	3	HET	2	1	1	NA	NA	2.03044511965097	0.579889370808107	2	NEUT	1	1
JFCF_6_T_1_R	chr20	68749	30846181	18884	0.567568	0.096931	3	HET	2	1	1	NA	NA	2.14067623893631	0.568333010725819	2	NEUT	1	1
JFCF_6_T_1_R	chr20	30849974	31012361	130	0.75	0.331272	5	GAIN	3	1	2	1	1	2.52250038787072	0.752402073077271	3	GAIN	2	1
JFCF_6_T_1_R	chr20	31013976	32889704	1240	0.740741	0.198003	3	HET	2	1	1	NA	NA	2.29778429829065	0.743280324783968	2	NEUT	1	1
JFCF_6_T_1_R	chr20	32890337	33095891	150	0.75	0.295524	5	GAIN	3	1	2	1	1	2.46017114361533	0.752462930387926	3	GAIN	2	1
JFCF_6_T_1_R	chr20	33099793	33629610	331	0.75	0.232149	3	HET	2	1	1	NA	NA	2.35339791035541	0.752574673089684	2	NEUT	1	1
JFCF_6_T_1_R	chr20	33636219	33709846	100	0.75	0.331434	5	GAIN	3	1	2	1	1	2.52278637666046	0.752401800772815	3	GAIN	2	1
JFCF_6_T_1_R	chr20	33712169	35868219	706	0.75	0.196577	3	HET	2	1	1	NA	NA	2.29549028170244	0.752639623577328	2	NEUT	1	1
JFCF_6_T_1_R	chr20	35872251	37648261	1066	0.785714	0.416355	5	GAIN	3	1	2	1	1	2.67721153615297	0.788300582186324	3	GAIN	2	1
JFCF_6_T_1_R	chr20	37654024	44849908	3803	0.75	0.128365	3	HET	2	1	1	NA	NA	2.1883638392979	0.752768840427858	2	NEUT	1	1
JFCF_6_T_1_R	chr20	44891011	47849546	2203	0.6	0.435239	5	GAIN	3	1	2	1	1	2.71280428778964	0.600893426819824	3	GAIN	2	1
JFCF_6_T_1_R	chr20	47850182	47962702	147	0.56	0.125066	3	HET	2	1	1	NA	NA	2.18331008202269	0.560666059886115	2	NEUT	1	1
JFCF_6_T_1_R	chr20	48002807	48330045	208	0.701941	0.897806	7	ASCNA	4	1	3	1	1	3.74738262877218	0.703247092428758	4	AMP	3	1
JFCF_6_T_1_R	chr20	48350736	48528237	165	0.675676	0.834675	5	GAIN	3	1	2	1	1	3.58589900170645	0.676863385742041	3	GAIN	2	1
JFCF_6_T_1_R	chr20	48541183	48549623	25	0.682927	0.995013	7	ASCNA	4	1	3	1	1	4.01026662003235	0.684032559226312	4	AMP	3	1
JFCF_6_T_1_R	chr20	48551679	48588417	54	0.662281	0.789751	5	GAIN	3	1	2	1	1	3.4752154100722	0.663412783594711	3	GAIN	2	1
JFCF_6_T_1_R	chr20	48589996	48742509	118	0.666667	0.871156	8	BCNA	4	2	2	1	1	3.67835141611279	0.667765180806584	4	AMP	2	2
JFCF_6_T_1_R	chr20	48747697	48808011	118	0.695707	0.799817	5	GAIN	3	1	2	1	1	3.49971723509169	0.697062348102282	3	GAIN	2	1
JFCF_6_T_1_R	chr20	48812504	52325706	2758	0.571429	0.108203	3	HET	2	1	1	NA	NA	2.1576572924761	0.572231360523891	2	NEUT	1	1
JFCF_6_T_1_R	chr20	52330053	53158646	930	0.617647	0.409699	5	GAIN	3	1	2	1	1	2.66477687321708	0.618717033698708	3	GAIN	2	1
JFCF_6_T_1_R	chr20	53160179	53319066	273	0.605263	0.284421	3	HET	2	1	1	NA	NA	2.44112449213893	0.606308113033557	2	NEUT	1	1
JFCF_6_T_1_R	chr20	53320239	53638839	303	0.592593	0.385255	5	GAIN	3	1	2	1	1	2.61959993725812	0.593449683954413	3	GAIN	2	1
JFCF_6_T_1_R	chr20	53640336	53679350	81	0.586207	0.188643	3	HET	2	1	1	NA	NA	2.28276811933943	0.587122288871233	2	NEUT	1	1
JFCF_6_T_1_R	chr20	53680264	53689917	64	0.593171	0.432388	5	GAIN	3	1	2	1	1	2.70740079013928	0.594005076056208	3	GAIN	2	1
JFCF_6_T_1_R	chr20	53700004	53778977	131	0.590909	0.256251	3	HET	2	1	1	NA	NA	2.39345288493482	0.591829575571805	2	NEUT	1	1
JFCF_6_T_1_R	chr20	53780303	54469149	562	0.604167	0.364766	5	GAIN	3	1	2	1	1	2.58231781516583	0.605144682662816	3	GAIN	2	1
JFCF_6_T_1_R	chr20	54480026	54537591	40	0.56	0.208386	3	HET	2	1	1	NA	NA	2.31455604263402	0.560628291230715	2	NEUT	1	1
JFCF_6_T_1_R	chr20	54598622	62892853	6856	0.653846	0.566297	5	GAIN	3	1	2	1	1	2.97308731497094	0.655100168803301	3	GAIN	2	1
JFCF_6_T_1_R	chr21	15412891	47575790	23932	0.571429	0.054487	3	HET	2	1	1	NA	NA	2.0779124069757	0.572262153038481	2	NEUT	1	1
JFCF_6_T_1_R	chr21	47612466	48097610	42	1	0.024984	2	NLOH	2	0	2	1	1	2.03536019633368	1	2	NEUT	2	0
JFCF_6_T_1_R	chr22	17046497	51179770	26085	0.578947	-0.039549	3	HET	2	1	1	NA	NA	1.94526272277838	0.579930636907147	2	NEUT	1	1
JFCF_6_T_1_R	chrX	2832309	2836373	65	1	-1.681543	1	DLOH	1	0	1	1	1	0.606816985942715	1	1	HETD	1	0
JFCF_6_T_1_R	chrX	7960251	15285217	16	0.703297	0.037291	3	HET	2	1	1	NA	NA	2.05300487045755	0.705697039773397	2	NEUT	1	1
JFCF_6_T_1_R	chrX	19913852	47348992	22	1	0.150449	2	NLOH	2	0	2	1	1	2.22249369641678	1	2	NEUT	2	0
JFCF_6_T_1_R	chrX	48996377	130813063	422	0.6875	0.132273	3	HET	2	1	1	NA	NA	2.19436549971545	0.689570950669987	2	NEUT	1	1
JFCF_6_T_1_R	chrX	134120487	135956506	9	0.849057	0.838271	7	ASCNA	4	1	3	1	1	3.59490869614003	0.851410346823318	4	HLAMP	3	1
JFCF_6_T_1_R	chrX	137415773	139056333	10	0.925926	0.50955	4	ALOH	3	0	3	1	1	2.85747906812824	0.929538672079227	3	GAIN	3	0
JFCF_6_T_1_R	chrX	140846085	154871281	18	0.948661	0.852844	7	ASCNA	4	1	3	1	1	3.63165179529721	0.951655274192575	4	HLAMP	3	1
