Sample	Chromosome	Start_Position.bp.	End_Position.bp.	Length.snp.	Median_Ratio	Median_logR	TITAN_state	TITAN_call	Copy_Number	MinorCN	MajorCN	Clonal_Cluster	Cellular_Prevalence	logR_Copy_Number	Corrected_Ratio	Corrected_Copy_Number	Corrected_Call	Corrected_MajorCN	Corrected_MinorCN
JFCF_6_T_1_L	chr1	821038	826123	36	0.700099	-0.044374	3	HET	2	1	1	NA	NA	1.93703934496055	0.708221515111534	2	NEUT	1	1
JFCF_6_T_1_L	chr1	826178	1034499	148	1	0.021694	2	NLOH	2	0	2	1	1	2.0314928157354	1	2	NEUT	2	0
JFCF_6_T_1_L	chr1	1034569	1034582	2	0.558288	0.18307	3	HET	2	1	1	NA	NA	2.28123268579889	0.560297063299312	2	NEUT	1	1
JFCF_6_T_1_L	chr1	1036860	1530606	228	1	0.018219	2	NLOH	2	0	2	1	1	2.02641630964822	1	2	NEUT	2	0
JFCF_6_T_1_L	chr1	1532842	1925165	10	0.736111	0.086732	3	HET	2	1	1	NA	NA	2.12879580532264	0.744831999602547	2	NEUT	1	1
JFCF_6_T_1_L	chr1	1992977	4196428	1724	1	-0.152796	2	NLOH	2	0	2	1	1	1.79110918403371	1	2	NEUT	2	0
JFCF_6_T_1_L	chr1	4196809	4196876	3	0.527778	-0.165583	3	HET	2	1	1	NA	NA	1.7746104065817	0.529008784452529	2	NEUT	1	1
JFCF_6_T_1_L	chr1	4198335	5723376	1796	1	-0.259044	2	NLOH	2	0	2	1	1	1.65835956017301	1	2	NEUT	2	0
JFCF_6_T_1_L	chr1	5726928	5736184	291	0.6	-0.055101	3	HET	2	1	1	NA	NA	1.92210764364841	0.604090782092447	2	NEUT	1	1
JFCF_6_T_1_L	chr1	5736682	8199506	1973	1	-0.089951	2	NLOH	2	0	2	1	1	1.87435654894312	1	2	NEUT	2	0
JFCF_6_T_1_L	chr1	8200328	8209572	12	1	-0.621447	1	DLOH	1	0	1	1	1	1.27251851824898	1	1	HETD	1	0
JFCF_6_T_1_L	chr1	8210772	13180500	2630	1	-0.031732	2	NLOH	2	0	2	1	1	1.9547797925696	1	2	NEUT	2	0
JFCF_6_T_1_L	chr1	13180619	13187925	141	0.694444	-0.400511	5	GAIN	3	1	2	1	1	1.49611927659669	0.704663093667669	3	GAIN	2	1
JFCF_6_T_1_L	chr1	13188194	16930290	2685	1	-0.12212	2	NLOH	2	0	2	1	1	1.83129107968181	1	2	NEUT	2	0
JFCF_6_T_1_L	chr1	16930344	16933135	22	0.687142	-0.084487	3	HET	2	1	1	NA	NA	1.88176722633012	0.694961687867665	2	NEUT	1	1
JFCF_6_T_1_L	chr1	16933327	16934905	5	1	-0.084487	2	NLOH	2	0	2	1	1	1.88176722633012	1	2	NEUT	2	0
JFCF_6_T_1_L	chr1	16935283	17235988	275	0.642857	0.00837	3	HET	2	1	1	NA	NA	2.01209451255995	0.648439608865954	2	NEUT	1	1
JFCF_6_T_1_L	chr1	17237090	26599542	6399	1	-0.091808	2	NLOH	2	0	2	1	1	1.87184433298226	1	2	NEUT	2	0
JFCF_6_T_1_L	chr1	26600483	26609093	11	1	-1.145182	1	DLOH	1	0	1	1	1	0.861186903805493	1	1	HETD	1	0
JFCF_6_T_1_L	chr1	26610030	31125281	3279	1	-0.069817	2	NLOH	2	0	2	1	1	1.90180315195672	1	2	NEUT	2	0
JFCF_6_T_1_L	chr1	31127968	31129306	59	0.575	-0.270943	3	HET	2	1	1	NA	NA	1.64409221410523	0.578586898955971	2	NEUT	1	1
JFCF_6_T_1_L	chr1	31130554	33429343	1317	1	-0.025334	2	NLOH	2	0	2	1	1	1.96381748994518	1	2	NEUT	2	0
JFCF_6_T_1_L	chr1	33475639	33476292	18	0.71131	-0.300197	3	HET	2	1	1	NA	NA	1.60951181082172	0.721633095236786	2	NEUT	1	1
JFCF_6_T_1_L	chr1	33483740	59095874	15479	1	-0.117793	2	NLOH	2	0	2	1	1	1.83702800300763	1	2	NEUT	2	0
JFCF_6_T_1_L	chr1	59096023	59096693	32	0.646905	-0.128587	3	HET	2	1	1	NA	NA	1.82274886359585	0.653242147173746	2	NEUT	1	1
JFCF_6_T_1_L	chr1	59097168	70924020	7329	1	-0.115328	2	NLOH	2	0	2	1	1	1.84030390772847	1	2	NEUT	2	0
JFCF_6_T_1_L	chr1	70926236	70926575	10	0.650735	-0.178641	3	HET	2	1	1	NA	NA	1.75791220250954	0.657477189833828	2	NEUT	1	1
JFCF_6_T_1_L	chr1	70926836	81851797	6785	1	-0.191441	2	NLOH	2	0	2	1	1	1.74168995606121	1	2	NEUT	2	0
JFCF_6_T_1_L	chr1	81855907	81857151	34	0.549704	-0.198257	3	HET	2	1	1	NA	NA	1.733110157642	0.551959013908562	2	NEUT	1	1
JFCF_6_T_1_L	chr1	81860740	85969709	2760	1	-0.167887	2	NLOH	2	0	2	1	1	1.77165312433008	1	2	NEUT	2	0
JFCF_6_T_1_L	chr1	85980350	86005451	245	0.564516	0.074963	3	HET	2	1	1	NA	NA	2.11086165598148	0.566919209954192	2	NEUT	1	1
JFCF_6_T_1_L	chr1	86006771	87829265	1357	1	-0.104847	2	NLOH	2	0	2	1	1	1.85429548027541	1	2	NEUT	2	0
JFCF_6_T_1_L	chr1	87830936	105351675	8983	1	-0.899993	1	DLOH	1	0	1	1	1	1.03528599586809	1	1	HETD	1	0
JFCF_6_T_1_L	chr1	105424155	105662394	54	0.655127	0.561799	5	GAIN	3	1	2	1	1	2.98965353797671	0.659206910005272	3	GAIN	2	1
JFCF_6_T_1_L	chr1	105697468	106477481	260	1	-1.004456	1	DLOH	1	0	1	1	1	0.957480241233491	1	1	HETD	1	0
JFCF_6_T_1_L	chr1	106507543	108503382	1640	0.872638	2.034103	21	ASCNA	8	1	7	1	1	8.43477094881267	0.876111744711687	8	HLAMP	7	1
JFCF_6_T_1_L	chr1	108517011	109532207	321	0.842105	1.73236	17	ASCNA	7	1	6	1	1	6.82805107867012	0.846044550865522	7	HLAMP	6	1
JFCF_6_T_1_L	chr1	109538690	109641894	50	0.836286	1.950189	21	ASCNA	8	1	7	1	1	7.95371694273866	0.839610472219348	8	HLAMP	7	1
JFCF_6_T_1_L	chr1	109660064	109896004	15	0.813333	1.796484	17	ASCNA	7	1	6	1	1	7.141959374525	0.816782632360987	7	HLAMP	6	1
JFCF_6_T_1_L	chr1	109901119	109953968	3	0.5625	0.205227	5	GAIN	3	1	2	1	1	2.31775533233831	0.564620295933172	3	GAIN	2	1
JFCF_6_T_1_L	chr1	109994038	110169190	66	1	-0.839298	1	DLOH	1	0	1	1	1	1.08314879068411	1	1	HETD	1	0
JFCF_6_T_1_L	chr1	110171525	110204650	18	0.766282	1.012222	7	ASCNA	4	1	3	1	1	4.11399765537606	0.771371344181446	4	AMP	3	1
JFCF_6_T_1_L	chr1	110260742	113805287	2780	0.571429	0.05504	3	HET	2	1	1	NA	NA	2.08083354036281	0.574128114339591	2	NEUT	1	1
JFCF_6_T_1_L	chr1	113810931	119847401	3320	0.642857	0.562407	5	GAIN	3	1	2	1	1	2.99094688759248	0.646612578780604	3	GAIN	2	1
JFCF_6_T_1_L	chr1	119860022	144993936	681	0.5625	0.100271	3	HET	2	1	1	NA	NA	2.14960893692513	0.564786149411099	2	NEUT	1	1
JFCF_6_T_1_L	chr1	144994170	145001651	53	0.681159	0.236522	5	GAIN	3	1	2	1	1	2.37030570651243	0.68716851750471	3	GAIN	2	1
JFCF_6_T_1_L	chr1	145001818	145049954	347	0.57265	0.116688	3	HET	2	1	1	NA	NA	2.17510976111233	0.575276264681216	2	NEUT	1	1
JFCF_6_T_1_L	chr1	145060035	145409490	389	0.681416	0.236182	5	GAIN	3	1	2	1	1	2.36972863391537	0.687435508370754	3	GAIN	2	1
JFCF_6_T_1_L	chr1	145411715	151396037	1796	0.590909	0.069935	3	HET	2	1	1	NA	NA	2.10324424648133	0.594307609154588	2	NEUT	1	1
JFCF_6_T_1_L	chr1	151400942	151438477	35	0.575758	0.312019	5	GAIN	3	1	2	1	1	2.50187222654259	0.578138934383236	3	GAIN	2	1
JFCF_6_T_1_L	chr1	151440178	152148708	267	0.571429	0.1509	3	HET	2	1	1	NA	NA	2.22919355373754	0.573948479583852	2	NEUT	1	1
JFCF_6_T_1_L	chr1	152281142	152419062	43	0.818182	-0.781342	1	DLOH	1	0	1	1	1	1.13076989607082	0.840307109120823	1	HETD	1	0
JFCF_6_T_1_L	chr1	152420108	181221404	16790	0.567568	0.036853	3	HET	2	1	1	NA	NA	2.05378164434181	0.570154847625355	2	NEUT	1	1
JFCF_6_T_1_L	chr1	181221575	181221740	12	0.911067	0.025333	2	NLOH	2	0	2	1	1	2.03682202693332	0.92693578157888	2	NEUT	2	0
JFCF_6_T_1_L	chr1	181221880	215379943	22178	0.571429	0.035021	3	HET	2	1	1	NA	NA	2.05107553023198	0.574167274414721	2	NEUT	1	1
JFCF_6_T_1_L	chr1	215380352	215389609	9	0.571429	0.932628	8	BCNA	4	2	2	1	1	3.8889538857347	0.572873194971737	4	AMP	2	2
JFCF_6_T_1_L	chr1	215390579	227379283	7670	0.566667	0.030768	3	HET	2	1	1	NA	NA	2.04480650145473	0.569230555634699	2	NEUT	1	1
JFCF_6_T_1_L	chr1	227380472	227389940	43	0.566667	0.384934	5	GAIN	3	1	2	1	1	2.63564492066283	0.568655877632028	3	GAIN	2	1
JFCF_6_T_1_L	chr1	227400053	227449227	122	0.555556	0.157007	3	HET	2	1	1	NA	NA	2.23898338841675	0.557507030908953	2	NEUT	1	1
JFCF_6_T_1_L	chr1	227450092	227509265	202	0.5625	0.297601	5	GAIN	3	1	2	1	1	2.47621165804465	0.564484615163764	3	GAIN	2	1
JFCF_6_T_1_L	chr1	227510014	249209648	17319	0.571429	-0.00485	3	HET	2	1	1	NA	NA	1.99302387204708	0.574247033304	2	NEUT	1	1
JFCF_6_T_1_L	chr2	11594	37949408	28411	0.578947	-0.123612	3	HET	2	1	1	NA	NA	1.82931690770293	0.582340366240601	2	NEUT	1	1
JFCF_6_T_1_L	chr2	37960037	37999969	1515	0.557143	0.324968	5	GAIN	3	1	2	1	1	2.52513793479627	0.558922352458301	3	GAIN	2	1
JFCF_6_T_1_L	chr2	38000030	127859010	53019	0.576923	-0.064702	3	HET	2	1	1	NA	NA	1.90883713360295	0.580091628983201	2	NEUT	1	1
JFCF_6_T_1_L	chr2	127860985	127869366	37	0.571429	0.335398	5	GAIN	3	1	2	1	1	2.5440301434526	0.573636681249984	3	GAIN	2	1
JFCF_6_T_1_L	chr2	127881367	133005170	2024	0.571429	-0.011891	3	HET	2	1	1	NA	NA	1.98293790613528	0.574261366878316	2	NEUT	1	1
JFCF_6_T_1_L	chr2	133005260	133021161	883	0.732394	0.281822	5	GAIN	3	1	2	1	1	2.44842118210029	0.739857161419351	3	GAIN	2	1
JFCF_6_T_1_L	chr2	133021181	162135255	20002	0.571429	-0.057711	3	HET	2	1	1	NA	NA	1.91849135439411	0.574356512617782	2	NEUT	1	1
JFCF_6_T_1_L	chr2	162135266	162135560	3	0.872852	-0.658073	1	DLOH	1	0	1	1	1	1.23864840131289	0.89652059522283	1	HETD	1	0
JFCF_6_T_1_L	chr2	162135662	162136238	4	0.686642	-0.658073	5	GAIN	3	1	2	1	1	1.23864840131289	0.698490009262602	3	GAIN	2	1
JFCF_6_T_1_L	chr2	162136457	162137158	5	0.874747	-0.658073	1	DLOH	1	0	1	1	1	1.23864840131289	0.898535889570044	1	HETD	1	0
JFCF_6_T_1_L	chr2	162137328	162139126	14	0.720732	-0.658073	5	GAIN	3	1	2	1	1	1.23864840131289	0.734744037915113	3	GAIN	2	1
JFCF_6_T_1_L	chr2	162176035	242999159	52514	0.571429	-0.030684	3	HET	2	1	1	NA	NA	1.95625743461554	0.574299996192891	2	NEUT	1	1
JFCF_6_T_1_L	chr3	65982	37248864	30796	0.567568	0.020764	3	HET	2	1	1	NA	NA	2.03013301267551	0.5701849813192	2	NEUT	1	1
JFCF_6_T_1_L	chr3	37270341	37299976	26	0.588558	0.434541	5	GAIN	3	1	2	1	1	2.73059823503386	0.591108081417667	3	GAIN	2	1
JFCF_6_T_1_L	chr3	37302282	41319387	1780	0.571429	0.027876	3	HET	2	1	1	NA	NA	2.04055416465212	0.574181393317652	2	NEUT	1	1
JFCF_6_T_1_L	chr3	41333374	41507452	168	0.781746	-0.63183	1	DLOH	1	0	1	1	1	1.26282928750305	0.799288729443745	1	HETD	1	0
JFCF_6_T_1_L	chr3	41509099	48852639	3728	0.566667	0.092208	3	HET	2	1	1	NA	NA	2.13719039254914	0.569119741340663	2	NEUT	1	1
JFCF_6_T_1_L	chr3	48857805	48979231	50	0.574176	0.308339	5	GAIN	3	1	2	1	1	2.49529831869796	0.576513356665019	3	GAIN	2	1
JFCF_6_T_1_L	chr3	48982732	49951725	513	0.575758	0.211133	3	HET	2	1	1	NA	NA	2.32758558459773	0.578317215715227	2	NEUT	1	1
JFCF_6_T_1_L	chr3	49960388	50019897	53	0.566667	0.327386	5	GAIN	3	1	2	1	1	2.52950558551478	0.568739331944508	3	GAIN	2	1
JFCF_6_T_1_L	chr3	50021659	52599922	484	0.565217	0.138216	3	HET	2	1	1	NA	NA	2.20899238861862	0.567538403579266	2	NEUT	1	1
JFCF_6_T_1_L	chr3	52600999	52630548	54	0.559028	0.308803	5	GAIN	3	1	2	1	1	2.4961262791662	0.560887411736929	3	GAIN	2	1
JFCF_6_T_1_L	chr3	52632357	53068155	478	0.567117	0.131657	3	HET	2	1	1	NA	NA	2.19861566066032	0.569517309648921	2	NEUT	1	1
JFCF_6_T_1_L	chr3	53070462	53089838	34	0.58114	0.453363	5	GAIN	3	1	2	1	1	2.76748870687274	0.583445330509604	3	GAIN	2	1
JFCF_6_T_1_L	chr3	53090312	56999641	2600	0.571429	0.005948	3	HET	2	1	1	NA	NA	2.00858754494185	0.574225197587324	2	NEUT	1	1
JFCF_6_T_1_L	chr3	57000267	57009307	10	0.542262	0.553726	5	GAIN	3	1	2	1	1	2.97253205989065	0.543379911825547	3	GAIN	2	1
JFCF_6_T_1_L	chr3	57010367	75764922	12928	0.567568	-0.016596	3	HET	2	1	1	NA	NA	1.97622555616551	0.570256367303565	2	NEUT	1	1
JFCF_6_T_1_L	chr3	75777853	75786888	28	0.635255	0.635992	5	GAIN	3	1	2	1	1	3.15157290246765	0.638629504587852	3	GAIN	2	1
JFCF_6_T_1_L	chr3	75930081	75981817	31	0.566667	-0.008473	3	HET	2	1	1	NA	NA	1.98782791408091	0.569304036733181	2	NEUT	1	1
JFCF_6_T_1_L	chr3	75983622	75984121	16	0.804911	0.087845	5	GAIN	3	1	2	1	1	2.13049943079178	0.816164191816506	3	GAIN	2	1
JFCF_6_T_1_L	chr3	75984143	112029701	22374	0.566667	0.0187	3	HET	2	1	1	NA	NA	2.02711825682855	0.569252924728868	2	NEUT	1	1
JFCF_6_T_1_L	chr3	112031584	112049533	55	0.551724	0.279792	5	GAIN	3	1	2	1	1	2.44486789829939	0.55338749215377	3	GAIN	2	1
JFCF_6_T_1_L	chr3	112050057	125249911	8263	0.566667	0.049691	3	HET	2	1	1	NA	NA	2.07284184491578	0.569195883349943	2	NEUT	1	1
JFCF_6_T_1_L	chr3	125250393	125269919	51	0.555556	0.348395	5	GAIN	3	1	2	1	1	2.56776399282251	0.55725721779402	3	GAIN	2	1
JFCF_6_T_1_L	chr3	125273486	196619118	47587	0.567568	0.042754	3	HET	2	1	1	NA	NA	2.06252162470905	0.570143885802125	2	NEUT	1	1
JFCF_6_T_1_L	chr3	196620844	196629709	15	0.583333	0.526522	5	GAIN	3	1	2	1	1	2.91553726200378	0.585580410845784	3	GAIN	2	1
JFCF_6_T_1_L	chr3	196631138	196997476	312	0.571429	0.186187	3	HET	2	1	1	NA	NA	2.2863367731181	0.573885509344175	2	NEUT	1	1
JFCF_6_T_1_L	chr3	197002967	197024681	36	0.580645	0.324216	5	GAIN	3	1	2	1	1	2.52378108346179	0.583157521676711	3	GAIN	2	1
JFCF_6_T_1_L	chr3	197030340	197107202	60	0.565942	0.150127	3	HET	2	1	1	NA	NA	2.22795734710424	0.568269229935453	2	NEUT	1	1
JFCF_6_T_1_L	chr3	197111087	197118105	44	0.679744	0.354625	5	GAIN	3	1	2	1	1	2.57921664128032	0.68522362239413	3	GAIN	2	1
JFCF_6_T_1_L	chr3	197124062	197794027	247	0.571429	0.148163	3	HET	2	1	1	NA	NA	2.2248194324458	0.573953433023727	2	NEUT	1	1
JFCF_6_T_1_L	chr4	40094	68603	98	0.751238	-0.575553	5	GAIN	3	1	2	1	1	1.31619124043666	0.766246952504279	3	GAIN	2	1
JFCF_6_T_1_L	chr4	72048	10586384	10819	0.575758	-0.196967	3	HET	2	1	1	NA	NA	1.73473086676777	0.579191843093908	2	NEUT	1	1
JFCF_6_T_1_L	chr4	10591448	10599012	15	0.545455	-0.999582	0	HOMD	0	0	0	1	1	0.960986552348473	0.549174190326957	1	HETD	1	0
JFCF_6_T_1_L	chr4	10601134	68263199	38318	0.571429	-0.049909	3	HET	2	1	1	NA	NA	1.92932090770093	0.5743400800721	2	NEUT	1	1
JFCF_6_T_1_L	chr4	68264282	68266049	15	0.723958	0.101635	5	GAIN	3	1	2	1	1	2.15171662704596	0.73214199879165	3	GAIN	2	1
JFCF_6_T_1_L	chr4	68266082	151409932	47555	0.571429	-0.029073	3	HET	2	1	1	NA	NA	1.95853098053664	0.574296663418608	2	NEUT	1	1
JFCF_6_T_1_L	chr4	151411626	151419684	11	0.571429	1.41357	11	UBCNA	5	2	3	1	1	5.45874661324174	0.572457882277384	5	HLAMP	3	2
JFCF_6_T_1_L	chr4	151430475	169067538	12846	0.571429	-0.056256	3	HET	2	1	1	NA	NA	1.92050652472851	0.574353440804953	2	NEUT	1	1
JFCF_6_T_1_L	chr4	169072888	169079335	7	0.575	0.834432	8	BCNA	4	2	2	1	1	3.62788858568264	0.576625516469708	4	AMP	2	2
JFCF_6_T_1_L	chr4	169080031	190540114	18084	0.57634	-0.134589	3	HET	2	1	1	NA	NA	1.81485505009631	0.57964745743097	2	NEUT	1	1
JFCF_6_T_1_L	chr4	190540135	190600003	1181	0.693548	-0.37723	5	GAIN	3	1	2	1	1	1.52173739038876	0.703548760529939	3	GAIN	2	1
JFCF_6_T_1_L	chr4	190600057	190608169	173	0.660714	-0.243213	3	HET	2	1	1	NA	NA	1.67752486842623	0.668247014357799	2	NEUT	1	1
JFCF_6_T_1_L	chr4	190608885	190685480	1500	0.678161	-0.360993	5	GAIN	3	1	2	1	1	1.53985066376516	0.687258416728169	3	GAIN	2	1
JFCF_6_T_1_L	chr4	190686985	190937364	383	0.6	-0.289135	3	HET	2	1	1	NA	NA	1.62250554283696	0.604846161273905	2	NEUT	1	1
JFCF_6_T_1_L	chr5	31468	54949189	36697	0.571429	0.011246	3	HET	2	1	1	NA	NA	2.01626650918161	0.574214548250452	2	NEUT	1	1
JFCF_6_T_1_L	chr5	54950112	54958962	45	0.55814	0.365668	5	GAIN	3	1	2	1	1	2.59963898230271	0.559898514843995	3	GAIN	2	1
JFCF_6_T_1_L	chr5	54960190	68349917	8762	0.566667	0.04687	3	HET	2	1	1	NA	NA	2.0686390371476	0.569201021225811	2	NEUT	1	1
JFCF_6_T_1_L	chr5	68360100	68368903	21	0.545455	0.423514	5	GAIN	3	1	2	1	1	2.70920822095364	0.546774238536997	3	GAIN	2	1
JFCF_6_T_1_L	chr5	68370945	98525925	17081	0.566667	0.059496	3	HET	2	1	1	NA	NA	2.08751370602679	0.569178109370702	2	NEUT	1	1
JFCF_6_T_1_L	chr5	98531883	98569709	50	0.575188	0.450594	5	GAIN	3	1	2	1	1	2.76203132177608	0.577328444569154	3	GAIN	2	1
JFCF_6_T_1_L	chr5	98570327	119996933	13600	0.571429	8e-04	3	HET	2	1	1	NA	NA	2.00115295643295	0.574235585887921	2	NEUT	1	1
JFCF_6_T_1_L	chr5	120084493	120099970	22	0.555556	0.573695	5	GAIN	3	1	2	1	1	3.01505820780996	0.557004836305753	3	GAIN	2	1
JFCF_6_T_1_L	chr5	120100783	135079789	10175	0.571429	0.030301	3	HET	2	1	1	NA	NA	2.04411925710943	0.574176592943788	2	NEUT	1	1
JFCF_6_T_1_L	chr5	135080038	135149952	231	0.571429	0.422141	5	GAIN	3	1	2	1	1	2.70655632301105	0.573504112052664	3	GAIN	2	1
JFCF_6_T_1_L	chr5	135150207	138069894	1721	0.566667	0.02942	3	HET	2	1	1	NA	NA	2.042823369571	0.569233044283003	2	NEUT	1	1
JFCF_6_T_1_L	chr5	138070195	138088749	30	0.571429	0.351644	5	GAIN	3	1	2	1	1	2.57373047934496	0.573611205049118	3	GAIN	2	1
JFCF_6_T_1_L	chr5	138095206	154599908	9880	0.566667	0.06533	3	HET	2	1	1	NA	NA	2.0962909343946	0.56916759528602	2	NEUT	1	1
JFCF_6_T_1_L	chr5	154616112	158279381	2268	1	-0.987375	1	DLOH	1	0	1	1	1	0.969820318610132	1	1	HETD	1	0
JFCF_6_T_1_L	chr5	158282326	158287543	2	1	-2.561568	0	HOMD	0	0	0	1	1	0.27347255013997	1	0	HOMD	0	0
JFCF_6_T_1_L	chr5	158290225	162875401	2667	1	-0.987618	1	DLOH	1	0	1	1	1	0.969643738127601	1	1	HETD	1	0
JFCF_6_T_1_L	chr5	162881508	163071456	107	0.566667	0.03793	3	HET	2	1	1	NA	NA	2.05537412500916	0.569217375216312	2	NEUT	1	1
JFCF_6_T_1_L	chr5	163124163	163136956	28	1	-0.560064	1	DLOH	1	0	1	1	1	1.33124692709353	1	1	HETD	1	0
JFCF_6_T_1_L	chr5	163137635	167909931	3993	0.571429	-0.00812	3	HET	2	1	1	NA	NA	1.98833359865231	0.574253680753221	2	NEUT	1	1
JFCF_6_T_1_L	chr5	167911040	169106370	789	0.659574	0.593429	5	GAIN	3	1	2	1	1	3.05766616062939	0.663677515862116	3	GAIN	2	1
JFCF_6_T_1_L	chr5	169109140	180698630	8243	0.571429	0.051115	3	HET	2	1	1	NA	NA	2.07496648472254	0.574135746199733	2	NEUT	1	1
JFCF_6_T_1_L	chr6	202777	2808495	2648	0.571429	0.112926	3	HET	2	1	1	NA	NA	2.16924052261853	0.574018112451355	2	NEUT	1	1
JFCF_6_T_1_L	chr6	2810306	3075698	262	0.571429	0.28776	5	GAIN	3	1	2	1	1	2.45884372342052	0.573713166168675	3	GAIN	2	1
JFCF_6_T_1_L	chr6	3081579	3751937	340	0.565942	0.203546	3	HET	2	1	1	NA	NA	2.31496473807264	0.568181761560001	2	NEUT	1	1
JFCF_6_T_1_L	chr6	3755817	3839806	170	0.563859	0.287918	5	GAIN	3	1	2	1	1	2.45912163571021	0.565900860908009	3	GAIN	2	1
JFCF_6_T_1_L	chr6	3840439	3972758	118	0.555556	0.229248	3	HET	2	1	1	NA	NA	2.35798936792554	0.557408563821896	2	NEUT	1	1
JFCF_6_T_1_L	chr6	3976133	4015080	63	0.571429	0.282908	5	GAIN	3	1	2	1	1	2.45032415525834	0.573721108019685	3	GAIN	2	1
JFCF_6_T_1_L	chr6	4018031	4217796	206	0.571429	0.225069	3	HET	2	1	1	NA	NA	2.35094151978969	0.573818003554456	2	NEUT	1	1
JFCF_6_T_1_L	chr6	4224968	4225072	7	1	0.183011	2	NLOH	2	0	2	1	1	2.28113617960566	1	2	NEUT	2	0
JFCF_6_T_1_L	chr6	4226465	7059136	2214	0.567568	0.13858	3	HET	2	1	1	NA	NA	2.20956964112385	0.569972459253415	2	NEUT	1	1
JFCF_6_T_1_L	chr6	7070171	7109665	51	0.565217	0.424692	5	GAIN	3	1	2	1	1	2.71148549616628	0.567108200541092	3	GAIN	2	1
JFCF_6_T_1_L	chr6	7112051	7589958	638	0.566667	0.190263	3	HET	2	1	1	NA	NA	2.29302788332375	0.568953049492375	2	NEUT	1	1
JFCF_6_T_1_L	chr6	7590180	7608819	21	0.542857	0.465447	5	GAIN	3	1	2	1	1	2.79142788099239	0.544064200501044	3	GAIN	2	1
JFCF_6_T_1_L	chr6	7611118	9949369	1694	0.571429	0.191725	3	HET	2	1	1	NA	NA	2.29543249419628	0.573875775351179	2	NEUT	1	1
JFCF_6_T_1_L	chr6	9952111	10079333	155	0.555556	0.273301	5	GAIN	3	1	2	1	1	2.43353963696271	0.557351050193177	3	GAIN	2	1
JFCF_6_T_1_L	chr6	10080072	10269064	247	0.5625	0.214204	3	HET	2	1	1	NA	NA	2.33271304114155	0.56460670027499	2	NEUT	1	1
JFCF_6_T_1_L	chr6	10270814	11217264	730	0.566667	0.29199	5	GAIN	3	1	2	1	1	2.46629454365263	0.568792445738898	3	GAIN	2	1
JFCF_6_T_1_L	chr6	11268812	11405291	161	0.571429	0.235192	3	HET	2	1	1	NA	NA	2.3680491086091	0.573800744583622	2	NEUT	1	1
JFCF_6_T_1_L	chr6	11406517	11619118	317	0.583333	0.260869	5	GAIN	3	1	2	1	1	2.41198476567721	0.586049605078588	3	GAIN	2	1
JFCF_6_T_1_L	chr6	11630302	12377911	526	0.567568	0.216437	3	HET	2	1	1	NA	NA	2.33644820095056	0.569841887419161	2	NEUT	1	1
JFCF_6_T_1_L	chr6	12380367	12789655	247	0.5625	0.288892	5	GAIN	3	1	2	1	1	2.46083551414131	0.564497015719663	3	GAIN	2	1
JFCF_6_T_1_L	chr6	12790079	12988589	177	0.555556	0.16881	3	HET	2	1	1	NA	NA	2.25802205181331	0.557490580661835	2	NEUT	1	1
JFCF_6_T_1_L	chr6	12996230	13289322	194	0.559412	0.270225	5	GAIN	3	1	2	1	1	2.4281890956664	0.561335869988143	3	GAIN	2	1
JFCF_6_T_1_L	chr6	13290238	13308314	59	0.567568	0.135884	3	HET	2	1	1	NA	NA	2.20529761999806	0.569977117083103	2	NEUT	1	1
JFCF_6_T_1_L	chr6	13310929	13967120	400	0.567875	0.32556	5	GAIN	3	1	2	1	1	2.52620659201204	0.569987637723998	3	GAIN	2	1
JFCF_6_T_1_L	chr6	13967977	16569183	1358	0.571429	0.16928	3	HET	2	1	1	NA	NA	2.25878340815185	0.573915474633569	2	NEUT	1	1
JFCF_6_T_1_L	chr6	16570089	16818750	175	0.567568	0.297475	5	GAIN	3	1	2	1	1	2.4759885368121	0.569713736981684	3	GAIN	2	1
JFCF_6_T_1_L	chr6	16825662	17188222	323	0.580645	0.207721	3	HET	2	1	1	NA	NA	2.32190156685557	0.583375974805301	2	NEUT	1	1
JFCF_6_T_1_L	chr6	17192800	18637763	957	0.571429	0.274581	5	GAIN	3	1	2	1	1	2.43576949355922	0.573734804248697	3	GAIN	2	1
JFCF_6_T_1_L	chr6	18640214	19939567	1307	0.571429	0.144809	3	HET	2	1	1	NA	NA	2.21947055893036	0.573959516849839	2	NEUT	1	1
JFCF_6_T_1_L	chr6	19940350	19949948	21	0.607143	0.387489	5	GAIN	3	1	2	1	1	2.64045613494151	0.610333574554351	3	GAIN	2	1
JFCF_6_T_1_L	chr6	19950182	20541519	555	0.567568	0.116352	3	HET	2	1	1	NA	NA	2.17458493215912	0.570011142179041	2	NEUT	1	1
JFCF_6_T_1_L	chr6	20543895	20579947	36	0.565942	0.368023	5	GAIN	3	1	2	1	1	2.604014454728	0.567933144489877	3	GAIN	2	1
JFCF_6_T_1_L	chr6	20580196	20739958	167	0.571429	0.20537	3	HET	2	1	1	NA	NA	2.31799287386122	0.573851961567496	2	NEUT	1	1
JFCF_6_T_1_L	chr6	20740019	20749291	39	0.558824	0.360659	5	GAIN	3	1	2	1	1	2.59035622814371	0.560609579174821	3	GAIN	2	1
JFCF_6_T_1_L	chr6	20750030	23759469	2185	0.571429	0.134979	3	HET	2	1	1	NA	NA	2.20386536606857	0.573977435005862	2	NEUT	1	1
JFCF_6_T_1_L	chr6	23760264	23769951	64	0.573593	0.340286	5	GAIN	3	1	2	1	1	2.55293105474881	0.5758596343854	3	GAIN	2	1
JFCF_6_T_1_L	chr6	23780512	25067023	815	0.567568	0.199166	3	HET	2	1	1	NA	NA	2.30770884347473	0.569870205577054	2	NEUT	1	1
JFCF_6_T_1_L	chr6	25071247	25109774	119	0.55	0.293415	5	GAIN	3	1	2	1	1	2.46880949510812	0.551592452464229	3	GAIN	2	1
JFCF_6_T_1_L	chr6	25110041	25399486	188	0.576923	0.214682	3	HET	2	1	1	NA	NA	2.33351210992765	0.579514971406539	2	NEUT	1	1
JFCF_6_T_1_L	chr6	25400161	25409846	44	0.564583	0.367036	5	GAIN	3	1	2	1	1	2.60217978854005	0.566534483876981	3	GAIN	2	1
JFCF_6_T_1_L	chr6	25410077	26158247	287	0.566667	0.201463	3	HET	2	1	1	NA	NA	2.31151129955406	0.568934769675054	2	NEUT	1	1
JFCF_6_T_1_L	chr6	26170813	26369384	157	0.575758	0.284327	5	GAIN	3	1	2	1	1	2.45281279642011	0.578186556152077	3	GAIN	2	1
JFCF_6_T_1_L	chr6	26370605	26499942	218	0.567875	0.180592	3	HET	2	1	1	NA	NA	2.27718282185884	0.570218667488471	2	NEUT	1	1
JFCF_6_T_1_L	chr6	26501777	27359584	384	0.585786	0.284253	5	GAIN	3	1	2	1	1	2.452682954769	0.588536166940636	3	GAIN	2	1
JFCF_6_T_1_L	chr6	27360128	27480308	230	0.575758	0.171361	3	HET	2	1	1	NA	NA	2.26215741678502	0.578391235672478	2	NEUT	1	1
JFCF_6_T_1_L	chr6	27480917	28028067	330	0.576923	0.254734	5	GAIN	3	1	2	1	1	2.40141602185754	0.579441679233708	3	GAIN	2	1
JFCF_6_T_1_L	chr6	28031494	28373155	244	0.5625	0.187353	3	HET	2	1	1	NA	NA	2.28824893398872	0.564647636619535	2	NEUT	1	1
JFCF_6_T_1_L	chr6	28374902	33878775	670	0.573593	0.306829	5	GAIN	3	1	2	1	1	2.49260572100369	0.57591449082524	3	GAIN	2	1
JFCF_6_T_1_L	chr6	33880456	34094186	209	0.56	0.182104	3	HET	2	1	1	NA	NA	2.27965309792682	0.562069505277503	2	NEUT	1	1
JFCF_6_T_1_L	chr6	34103355	37324893	2640	0.571429	0.319523	5	GAIN	3	1	2	1	1	2.51532935350923	0.573661871667187	3	GAIN	2	1
JFCF_6_T_1_L	chr6	37330751	37529834	68	0.571429	0.13943	3	HET	2	1	1	NA	NA	2.21091818815979	0.57396930550618	2	NEUT	1	1
JFCF_6_T_1_L	chr6	37530318	38446877	561	0.576923	0.305421	5	GAIN	3	1	2	1	1	2.4900975452126	0.579351979811403	3	GAIN	2	1
JFCF_6_T_1_L	chr6	38450432	41199973	2045	0.566667	0.133269	3	HET	2	1	1	NA	NA	2.20116156973239	0.569048458635638	2	NEUT	1	1
JFCF_6_T_1_L	chr6	41200245	41240171	51	0.5625	0.33783	5	GAIN	3	1	2	1	1	2.54845497788755	0.564428355512609	3	GAIN	2	1
JFCF_6_T_1_L	chr6	41240672	41389511	118	0.575758	0.185255	3	HET	2	1	1	NA	NA	2.28480946730762	0.578365129256016	2	NEUT	1	1
JFCF_6_T_1_L	chr6	41391652	45744718	2157	0.565217	0.306371	5	GAIN	3	1	2	1	1	2.49178958268544	0.567274943765856	3	GAIN	2	1
JFCF_6_T_1_L	chr6	45747003	46529196	430	0.571429	0.203056	3	HET	2	1	1	NA	NA	2.31415191078777	0.573855983129722	2	NEUT	1	1
JFCF_6_T_1_L	chr6	46531485	46662577	157	0.571429	0.258879	5	GAIN	3	1	2	1	1	2.40855167343702	0.573760860972316	3	GAIN	2	1
JFCF_6_T_1_L	chr6	46670822	56399731	6762	0.566667	0.133696	3	HET	2	1	1	NA	NA	2.20183642805054	0.569047728723484	2	NEUT	1	1
JFCF_6_T_1_L	chr6	56400832	57064058	216	0.561738	0.273352	5	GAIN	3	1	2	1	1	2.43362844497373	0.563732721806439	3	GAIN	2	1
JFCF_6_T_1_L	chr6	57091166	57369993	2451	0.564516	0.148376	3	HET	2	1	1	NA	NA	2.22515953951821	0.566795766305959	2	NEUT	1	1
JFCF_6_T_1_L	chr6	57370012	57379320	272	0.681239	0.191214	5	GAIN	3	1	2	1	1	2.29459175468601	0.687449553116702	3	GAIN	2	1
JFCF_6_T_1_L	chr6	57379447	57400054	553	0.670588	0.068476	3	HET	2	1	1	NA	NA	2.10103882939956	0.676972081912683	2	NEUT	1	1
JFCF_6_T_1_L	chr6	57400177	57409900	276	0.670593	0.162194	5	GAIN	3	1	2	1	1	2.24733102458324	0.676561678840839	3	GAIN	2	1
JFCF_6_T_1_L	chr6	57410260	72218949	12106	0.608696	0.019566	3	HET	2	1	1	NA	NA	2.02838264375804	0.612909545893188	2	NEUT	1	1
JFCF_6_T_1_L	chr6	72220156	72229986	23	0.541667	0.431179	5	GAIN	3	1	2	1	1	2.7240593433473	0.542869706671782	3	GAIN	2	1
JFCF_6_T_1_L	chr6	72230367	87828837	8695	0.565217	0.054557	3	HET	2	1	1	NA	NA	2.08011069463721	0.567682235552479	2	NEUT	1	1
JFCF_6_T_1_L	chr6	87830755	87840118	19	0.545455	0.569529	5	GAIN	3	1	2	1	1	3.00613760368925	0.546643931566354	3	GAIN	2	1
JFCF_6_T_1_L	chr6	87840682	112719807	15934	0.571429	-0.007133	3	HET	2	1	1	NA	NA	1.98974816671347	0.574251672608048	2	NEUT	1	1
JFCF_6_T_1_L	chr6	112720097	112729387	16	0.576923	-0.716785	0	HOMD	0	0	0	1	1	1.18611656443445	0.582022327373974	1	HETD	1	0
JFCF_6_T_1_L	chr6	112730624	170871490	41102	0.571429	-0.041826	3	HET	2	1	1	NA	NA	1.94060244141923	0.574323156745978	2	NEUT	1	1
JFCF_6_T_1_L	chr7	50134	17549600	13683	1	-0.925774	1	DLOH	1	0	1	1	1	1.01555710303782	1	1	HETD	1	0
JFCF_6_T_1_L	chr7	17550255	17568238	9	1	-0.296944	2	NLOH	2	0	2	1	1	1.61332253899869	1	2	NEUT	2	0
JFCF_6_T_1_L	chr7	17570408	56557678	24209	1	-0.933124	1	DLOH	1	0	1	1	1	1.00999680241723	1	1	HETD	1	0
JFCF_6_T_1_L	chr7	56557945	56564210	455	0.583333	-1.101372	0	HOMD	0	0	0	1	1	0.890163833132443	0.590693903487684	1	HETD	1	0
JFCF_6_T_1_L	chr7	56564256	62424092	368	1	-1.076452	1	DLOH	1	0	1	1	1	0.907043378868652	1	1	HETD	1	0
JFCF_6_T_1_L	chr7	62470462	62476566	199	0.714286	-0.621713	5	GAIN	3	1	2	1	1	1.2722694204416	0.727529377575012	3	GAIN	2	1
JFCF_6_T_1_L	chr7	62518387	63634439	192	1	-1.094791	1	DLOH	1	0	1	1	1	0.894593175906791	1	1	HETD	1	0
JFCF_6_T_1_L	chr7	63634785	63635765	40	0.583333	-0.917873	0	HOMD	0	0	0	1	1	1.0215659144331	0.58974708446713	1	HETD	1	0
JFCF_6_T_1_L	chr7	63636165	65219942	947	1	-0.94702	1	DLOH	1	0	1	1	1	0.999561522420634	1	1	HETD	1	0
JFCF_6_T_1_L	chr7	65260021	65288101	681	0.571429	-0.971824	0	HOMD	0	0	0	1	1	0.981182823494281	0.577153119412419	1	HETD	1	0
JFCF_6_T_1_L	chr7	65288943	65302406	12	1	-0.793309	1	DLOH	1	0	1	1	1	1.12077955221221	1	1	HETD	1	0
JFCF_6_T_1_L	chr7	65303834	65309745	44	0.571429	-0.788146	0	HOMD	0	0	0	1	1	1.12507958882256	0.576421009190188	1	HETD	1	0
JFCF_6_T_1_L	chr7	65374027	65825257	99	1	-0.841193	1	DLOH	1	0	1	1	1	1.08162378087002	1	1	HETD	1	0
JFCF_6_T_1_L	chr7	65832872	65834280	24	0.569048	-0.845069	0	HOMD	0	0	0	1	1	1.07851078410066	0.574081970469207	1	HETD	1	0
JFCF_6_T_1_L	chr7	65838141	67629637	1139	1	-0.877465	1	DLOH	1	0	1	1	1	1.05281654236679	1	1	HETD	1	0
JFCF_6_T_1_L	chr7	67629919	67630981	51	0.545455	-0.643766	0	HOMD	0	0	0	1	1	1.25177664273967	0.548310215353762	1	HETD	1	0
JFCF_6_T_1_L	chr7	67630991	67635743	193	0.666667	-0.643766	5	GAIN	3	1	2	1	1	1.25177664273967	0.677136039211647	3	GAIN	2	1
JFCF_6_T_1_L	chr7	67636655	99179970	16044	1	-0.913087	1	DLOH	1	0	1	1	1	1.02522176508111	1	1	HETD	1	0
JFCF_6_T_1_L	chr7	99181096	99198515	17	1	-0.036478	2	NLOH	2	0	2	1	1	1.94810152532941	1	2	NEUT	2	0
JFCF_6_T_1_L	chr7	99202373	100546668	280	1	-0.857872	1	DLOH	1	0	1	1	1	1.06828733352125	1	1	HETD	1	0
JFCF_6_T_1_L	chr7	100546763	100619164	432	0.6	-0.905429	0	HOMD	0	0	0	1	1	1.03109671856489	0.607625786588998	1	HETD	1	0
JFCF_6_T_1_L	chr7	100619187	100907251	137	1	-0.797254	1	DLOH	1	0	1	1	1	1.11750429019625	1	1	HETD	1	0
JFCF_6_T_1_L	chr7	100908753	100908938	15	0.638889	-0.636884	5	GAIN	3	1	2	1	1	1.2581381575168	0.647569076821534	3	GAIN	2	1
JFCF_6_T_1_L	chr7	100909487	100932693	12	1	-0.725895	1	DLOH	1	0	1	1	1	1.17815539964218	1	1	HETD	1	0
JFCF_6_T_1_L	chr7	100937475	100939381	81	0.594595	-0.697534	0	HOMD	0	0	0	1	1	1.20310615007905	0.600777274532629	1	HETD	1	0
JFCF_6_T_1_L	chr7	100964292	137406880	17392	1	-0.920317	1	DLOH	1	0	1	1	1	1.01970370474427	1	1	HETD	1	0
JFCF_6_T_1_L	chr7	137407181	137407254	6	0.555556	-0.959359	0	HOMD	0	0	0	1	1	0.990379356225859	0.559966760147587	1	HETD	1	0
JFCF_6_T_1_L	chr7	137412542	141272716	1746	1	-0.888226	1	DLOH	1	0	1	1	1	1.0444085336477	1	1	HETD	1	0
JFCF_6_T_1_L	chr7	141279035	141279169	10	0.5625	-0.894854	0	HOMD	0	0	0	1	1	1.03926093009899	0.567228675025604	1	HETD	1	0
JFCF_6_T_1_L	chr7	141283341	141998121	501	1	-0.987281	1	DLOH	1	0	1	1	1	0.969888633441773	1	1	HETD	1	0
JFCF_6_T_1_L	chr7	142002462	142009428	85	0.615385	-0.735088	0	HOMD	0	0	0	1	1	1.17017250065226	0.623138245190925	1	HETD	1	0
JFCF_6_T_1_L	chr7	142009439	142106016	91	0.904762	-0.957032	1	DLOH	1	0	1	1	1	0.992105008687936	0.936841393061507	1	HETD	1	0
JFCF_6_T_1_L	chr7	142106027	142110961	167	0.6	-0.957032	0	HOMD	0	0	0	1	1	0.992105008687936	0.607925495244491	1	HETD	1	0
JFCF_6_T_1_L	chr7	142111905	142116060	45	0.833333	-0.960874	1	DLOH	1	0	1	1	1	0.989257360301844	0.859827338012202	1	HETD	1	0
JFCF_6_T_1_L	chr7	142116091	142116556	37	0.666667	-0.960874	0	HOMD	0	0	0	1	1	0.989257360301844	0.679914208747648	1	HETD	1	0
JFCF_6_T_1_L	chr7	142116719	142130250	57	0.8	-1.016459	1	DLOH	1	0	1	1	1	0.94889573077457	0.824859180856385	1	HETD	1	0
JFCF_6_T_1_L	chr7	142130591	142132572	18	0.615789	-1.00592	0	HOMD	0	0	0	1	1	0.956429364326968	0.625308156211496	1	HETD	1	0
JFCF_6_T_1_L	chr7	142132589	142132997	32	0.79057	-1.00592	1	DLOH	1	0	1	1	1	0.956429364326968	0.814458117354622	1	HETD	1	0
JFCF_6_T_1_L	chr7	142133797	142137792	80	0.627315	-1.00592	0	HOMD	0	0	0	1	1	0.956429364326968	0.637781722858532	1	HETD	1	0
JFCF_6_T_1_L	chr7	142137856	142155479	52	0.8	-1.00592	1	DLOH	1	0	1	1	1	0.956429364326968	0.82466336926175	1	HETD	1	0
JFCF_6_T_1_L	chr7	142163380	142166674	75	0.6	-1.094949	0	HOMD	0	0	0	1	1	0.894486597096487	0.608790431912468	1	HETD	1	0
JFCF_6_T_1_L	chr7	142167084	142170265	23	0.875	-1.094949	1	DLOH	1	0	1	1	1	0.894486597096487	0.907964119671756	1	HETD	1	0
JFCF_6_T_1_L	chr7	142170318	142172130	47	0.608696	-1.046974	0	HOMD	0	0	0	1	1	0.927390389017767	0.617911842065684	1	HETD	1	0
JFCF_6_T_1_L	chr7	142172209	142190726	93	0.785714	-1.046974	1	DLOH	1	0	1	1	1	0.927390389017767	0.809938397401513	1	HETD	1	0
JFCF_6_T_1_L	chr7	142192443	142205503	34	0.6	-1.02986	0	HOMD	0	0	0	1	1	0.939395381745283	0.608370196065669	1	HETD	1	0
JFCF_6_T_1_L	chr7	142206473	142216436	16	0.8125	-1.043678	1	DLOH	1	0	1	1	1	0.929691382076094	0.838929884690718	1	HETD	1	0
JFCF_6_T_1_L	chr7	142216700	142216889	17	0.608696	-1.055111	0	HOMD	0	0	0	1	1	0.921732270180642	0.617968414165066	1	HETD	1	0
JFCF_6_T_1_L	chr7	142218260	142247517	49	1	-0.869926	1	DLOH	1	0	1	1	1	1.05874454212332	1	1	HETD	1	0
JFCF_6_T_1_L	chr7	142247539	142247697	12	0.540936	-0.851451	0	HOMD	0	0	0	1	1	1.07340328919531	0.543934655219322	1	HETD	1	0
JFCF_6_T_1_L	chr7	142249476	142458638	251	1	-1.008652	1	DLOH	1	0	1	1	1	0.954471151225286	1	1	HETD	1	0
JFCF_6_T_1_L	chr7	142458654	142458987	28	0.646087	-1.092913	0	HOMD	0	0	0	1	1	0.895860874031941	0.658908978755724	1	HETD	1	0
JFCF_6_T_1_L	chr7	142459020	142459573	19	0.8125	-1.092913	1	DLOH	1	0	1	1	1	0.895860874031941	0.83992795978536	1	HETD	1	0
JFCF_6_T_1_L	chr7	142459952	142462307	116	0.625	-1.218221	0	HOMD	0	0	0	1	1	0.814791378890443	0.637062786456914	1	HETD	1	0
JFCF_6_T_1_L	chr7	142462309	142462533	18	0.860806	-1.218221	1	DLOH	1	0	1	1	1	0.814791378890443	0.895624605842987	1	HETD	1	0
JFCF_6_T_1_L	chr7	142462566	142466388	30	0.696154	-1.218221	0	HOMD	0	0	0	1	1	0.814791378890443	0.715083310517357	1	HETD	1	0
JFCF_6_T_1_L	chr7	142466454	142471394	45	0.882353	-1.218221	1	DLOH	1	0	1	1	1	0.814791378890443	0.919250940721285	1	HETD	1	0
JFCF_6_T_1_L	chr7	142471647	142489405	83	0.727273	-1.489745	0	HOMD	0	0	0	1	1	0.661519668617173	0.754287014909093	1	HETD	1	0
JFCF_6_T_1_L	chr7	142492130	152052595	5320	1	-0.944698	1	DLOH	1	0	1	1	1	1.00129825449043	1	1	HETD	1	0
JFCF_6_T_1_L	chr7	152074362	152102030	113	0.740741	-0.161221	5	GAIN	3	1	2	1	1	1.78022217079973	0.751374100206242	3	GAIN	2	1
JFCF_6_T_1_L	chr7	152102081	152102203	9	0.946809	-0.161221	2	NLOH	2	0	2	1	1	1.78022217079973	0.966543755899704	2	NEUT	2	0
JFCF_6_T_1_L	chr7	152102364	152105149	89	0.843478	-0.161221	5	GAIN	3	1	2	1	1	1.78022217079973	0.858648810093168	3	GAIN	2	1
JFCF_6_T_1_L	chr7	152105150	152105210	5	0.914286	-0.161221	2	NLOH	2	0	2	1	1	1.78022217079973	0.932584273048808	2	NEUT	2	0
JFCF_6_T_1_L	chr7	152105256	152112998	286	0.809371	-0.161221	5	GAIN	3	1	2	1	1	1.78022217079973	0.823035364789982	3	GAIN	2	1
JFCF_6_T_1_L	chr7	152113021	152113192	7	0.91791	-0.359919	2	NLOH	2	0	2	1	1	1.54105597364243	0.939233004666622	2	NEUT	2	0
JFCF_6_T_1_L	chr7	152113202	152113681	25	0.685714	-0.359919	5	GAIN	3	1	2	1	1	1.54105597364243	0.69518967775037	3	GAIN	2	1
JFCF_6_T_1_L	chr7	152117015	159119220	4044	1	-0.981653	1	DLOH	1	0	1	1	1	0.973986924133467	1	1	HETD	1	0
JFCF_6_T_1_L	chr8	170692	11769918	13585	0.571429	-0.049625	3	HET	2	1	1	NA	NA	1.92971621922336	0.574339483723537	2	NEUT	1	1
JFCF_6_T_1_L	chr8	11770158	11794221	41	0.545455	0.378616	5	GAIN	3	1	2	1	1	2.6237842789347	0.546817189688583	3	GAIN	2	1
JFCF_6_T_1_L	chr8	11801365	17739843	6686	0.571429	0.051876	3	HET	2	1	1	NA	NA	2.07610277383178	0.574134264747915	2	NEUT	1	1
JFCF_6_T_1_L	chr8	17742072	17749622	22	0.56125	0.437654	5	GAIN	3	1	2	1	1	2.73666643838159	0.563009820120419	3	GAIN	2	1
JFCF_6_T_1_L	chr8	17750200	21959639	4597	0.571429	0.025177	3	HET	2	1	1	NA	NA	2.03659329352395	0.574186746313392	2	NEUT	1	1
JFCF_6_T_1_L	chr8	21960096	21969423	22	0.546921	0.414038	5	GAIN	3	1	2	1	1	2.69095697732117	0.548292022420592	3	GAIN	2	1
JFCF_6_T_1_L	chr8	21970230	29096520	5546	0.566667	0.083946	3	HET	2	1	1	NA	NA	2.1245371423605	0.569134349298892	2	NEUT	1	1
JFCF_6_T_1_L	chr8	29178229	29190157	23	0.552632	0.650929	5	GAIN	3	1	2	1	1	3.18519065876371	0.553931267251107	3	GAIN	2	1
JFCF_6_T_1_L	chr8	29191224	96219799	38236	0.571429	-0.018027	3	HET	2	1	1	NA	NA	1.97418836932067	0.574273919833576	2	NEUT	1	1
JFCF_6_T_1_L	chr8	96220310	96228479	16	0.62516	-0.669434	0	HOMD	0	0	0	1	1	1.22831578123473	0.633171974801987	1	HETD	1	0
JFCF_6_T_1_L	chr8	96230197	146288858	33727	0.571429	-0.047397	3	HET	2	1	1	NA	NA	1.93282016735789	0.574334809729196	2	NEUT	1	1
JFCF_6_T_1_L	chr9	212189	33790164	26725	0.571429	-0.18328	3	HET	2	1	1	NA	NA	1.75201626986676	0.574634682357917	2	NEUT	1	1
JFCF_6_T_1_L	chr9	33793811	33799251	117	0.785714	-0.410737	5	GAIN	3	1	2	1	1	1.4849967308968	0.800842298172309	3	GAIN	2	1
JFCF_6_T_1_L	chr9	33799263	33800431	11	1	-0.136172	2	NLOH	2	0	2	1	1	1.81277856012685	1	2	NEUT	2	0
JFCF_6_T_1_L	chr9	33800593	66859994	2729	0.576923	-0.092947	3	HET	2	1	1	NA	NA	1.87030505226416	0.580156909173492	2	NEUT	1	1
JFCF_6_T_1_L	chr9	68410129	68419693	268	0.695374	0.138067	5	GAIN	3	1	2	1	1	2.20875613770536	0.702329094748631	3	GAIN	2	1
JFCF_6_T_1_L	chr9	68419706	95029385	16630	0.571429	-0.004031	3	HET	2	1	1	NA	NA	1.99420025758325	0.574245370936538	2	NEUT	1	1
JFCF_6_T_1_L	chr9	95030242	95033009	7	0.55	-0.641481	0	HOMD	0	0	0	1	1	1.25388546410348	0.553135423351452	1	HETD	1	0
JFCF_6_T_1_L	chr9	95033612	95159196	123	1	-0.971252	1	DLOH	1	0	1	1	1	0.981603101288231	1	1	HETD	1	0
JFCF_6_T_1_L	chr9	95160477	114639957	13378	0.571429	0.052265	3	HET	2	1	1	NA	NA	2.07668384172237	0.57413350779953	2	NEUT	1	1
JFCF_6_T_1_L	chr9	114640441	114709864	96	0.583333	0.29991	5	GAIN	3	1	2	1	1	2.48030389561629	0.585974777112674	3	GAIN	2	1
JFCF_6_T_1_L	chr9	114711109	127948321	9425	0.571429	0.029421	3	HET	2	1	1	NA	NA	2.0428248400504	0.574178333930635	2	NEUT	1	1
JFCF_6_T_1_L	chr9	127950184	127999898	65	0.578947	0.363715	5	GAIN	3	1	2	1	1	2.59601581949694	0.58133818043555	3	GAIN	2	1
JFCF_6_T_1_L	chr9	128003979	139888969	8903	0.575758	0.074735	3	HET	2	1	1	NA	NA	2.11051566153037	0.57858043515896	2	NEUT	1	1
JFCF_6_T_1_L	chr9	139895514	140030001	68	0.583333	0.298844	5	GAIN	3	1	2	1	1	2.47841381136335	0.585976791780805	3	GAIN	2	1
JFCF_6_T_1_L	chr9	140031994	141007995	388	0.567117	0.102682	3	HET	2	1	1	NA	NA	2.15333583249352	0.56956778278312	2	NEUT	1	1
JFCF_6_T_1_L	chr10	131636	13338730	12035	0.571429	-0.062753	3	HET	2	1	1	NA	NA	1.91152390350986	0.574367183318965	2	NEUT	1	1
JFCF_6_T_1_L	chr10	13340836	13348867	24	0.571429	0.451358	5	GAIN	3	1	2	1	1	2.76353603299572	0.57346132654832	3	GAIN	2	1
JFCF_6_T_1_L	chr10	13350801	31864737	15313	0.571429	-0.025563	3	HET	2	1	1	NA	NA	1.9634933166667	0.574289415973623	2	NEUT	1	1
JFCF_6_T_1_L	chr10	31880635	32045570	90	1	-1.041852	1	DLOH	1	0	1	1	1	0.930968408109943	1	1	HETD	1	0
JFCF_6_T_1_L	chr10	32089720	35815727	1651	0.566667	0.000638	3	HET	2	1	1	NA	NA	2.00091943112815	0.569286783259198	2	NEUT	1	1
JFCF_6_T_1_L	chr10	35823669	37433297	999	1	-1.061793	1	DLOH	1	0	1	1	1	0.917109699602359	1	1	HETD	1	0
JFCF_6_T_1_L	chr10	37434800	37435018	18	0.568323	-0.990287	0	HOMD	0	0	0	1	1	0.967706215598058	0.573874462991259	1	HETD	1	0
JFCF_6_T_1_L	chr10	37435885	46970055	1871	1	-1.011128	1	DLOH	1	0	1	1	1	0.952699631454467	1	1	HETD	1	0
JFCF_6_T_1_L	chr10	46970136	47007210	260	0.6	-1.374714	0	HOMD	0	0	0	1	1	0.722950781430066	0.610876153301665	1	HETD	1	0
JFCF_6_T_1_L	chr10	47007246	47008725	10	1	-1.280166	1	DLOH	1	0	1	1	1	0.777242463575937	1	1	HETD	1	0
JFCF_6_T_1_L	chr10	47008775	47066632	293	0.592593	-1.325274	0	HOMD	0	0	0	1	1	0.750896386498101	0.602288767503421	1	HETD	1	0
JFCF_6_T_1_L	chr10	47066633	47067683	3	1	-1.239195	1	DLOH	1	0	1	1	1	0.801896727166894	1	1	HETD	1	0
JFCF_6_T_1_L	chr10	47067936	47081395	43	0.606061	-1.382829	0	HOMD	0	0	0	1	1	0.71845463951966	0.617668546064458	1	HETD	1	0
JFCF_6_T_1_L	chr10	47081432	47088968	20	1	-1.38424	1	DLOH	1	0	1	1	1	0.717675448140773	1	1	HETD	1	0
JFCF_6_T_1_L	chr10	47089683	47098233	35	0.6	-1.412169	0	HOMD	0	0	0	1	1	0.702408115593437	0.611194237870884	1	HETD	1	0
JFCF_6_T_1_L	chr10	47098576	47098793	4	1	-1.412169	1	DLOH	1	0	1	1	1	0.702408115593437	1	1	HETD	1	0
JFCF_6_T_1_L	chr10	47099660	47109636	91	0.6	-1.39343	0	HOMD	0	0	0	1	1	0.712619090971767	0.611033837891811	1	HETD	1	0
JFCF_6_T_1_L	chr10	47109647	47119709	90	1	-1.154937	1	DLOH	1	0	1	1	1	0.854853631125855	1	1	HETD	1	0
JFCF_6_T_1_L	chr10	47119736	47120161	8	0.604678	-1.154937	0	HOMD	0	0	0	1	1	0.854853631125855	0.614306257740697	1	HETD	1	0
JFCF_6_T_1_L	chr10	47120190	47126510	53	1	-1.329646	1	DLOH	1	0	1	1	1	0.748386364465485	1	1	HETD	1	0
JFCF_6_T_1_L	chr10	47126803	47612745	183	0.62963	-1.396655	0	HOMD	0	0	0	1	1	0.710852310200695	0.643968713715338	1	HETD	1	0
JFCF_6_T_1_L	chr10	47613027	48357217	262	1	-1.589796	1	DLOH	1	0	1	1	1	0.611929698666237	1	1	HETD	1	0
JFCF_6_T_1_L	chr10	48357255	48360017	203	0.583333	-1.054761	0	HOMD	0	0	0	1	1	0.921974988836377	0.590439928217418	1	HETD	1	0
JFCF_6_T_1_L	chr10	48362410	58926692	5803	1	-0.946219	1	DLOH	1	0	1	1	1	1.0001603118844	1	1	HETD	1	0
JFCF_6_T_1_L	chr10	58939730	58940674	25	0.541667	-0.915088	0	HOMD	0	0	0	1	1	1.02369179879991	0.544867420625051	1	HETD	1	0
JFCF_6_T_1_L	chr10	58940702	65607224	4380	1	-0.91044	1	DLOH	1	0	1	1	1	1.0272489264997	1	1	HETD	1	0
JFCF_6_T_1_L	chr10	65607685	65607751	6	0.511905	-0.782116	0	HOMD	0	0	0	1	1	1.13012123239218	0.512733301441673	1	HETD	1	0
JFCF_6_T_1_L	chr10	65608786	69446284	3306	1	-0.932718	1	DLOH	1	0	1	1	1	1.01030320422456	1	1	HETD	1	0
JFCF_6_T_1_L	chr10	69482437	69485653	5	1	-0.073391	2	NLOH	2	0	2	1	1	1.89690308291035	1	2	NEUT	2	0
JFCF_6_T_1_L	chr10	69517922	126603092	30592	1	-0.888027	1	DLOH	1	0	1	1	1	1.04456345199406	1	1	HETD	1	0
JFCF_6_T_1_L	chr10	126677068	126677963	38	0.557778	-0.842083	0	HOMD	0	0	0	1	1	1.08090824036641	0.561980983922756	1	HETD	1	0
JFCF_6_T_1_L	chr10	126678023	127572773	524	1	-0.920293	1	DLOH	1	0	1	1	1	1.01972197624939	1	1	HETD	1	0
JFCF_6_T_1_L	chr10	127575250	127594979	287	0.702703	-0.183582	5	GAIN	3	1	2	1	1	1.75163310012802	0.711802155455895	3	GAIN	2	1
JFCF_6_T_1_L	chr10	127596105	135429761	5856	1	-0.967539	1	DLOH	1	0	1	1	1	0.984335288398896	1	1	HETD	1	0
JFCF_6_T_1_L	chr11	190010	9919332	8786	0.576923	-0.114037	3	HET	2	1	1	NA	NA	1.84202183936119	0.580206564036267	2	NEUT	1	1
JFCF_6_T_1_L	chr11	9920458	9939968	29	1	-0.807798	1	DLOH	1	0	1	1	1	1.10879416378998	1	1	HETD	1	0
JFCF_6_T_1_L	chr11	9940209	31048097	15246	0.571429	-0.150934	3	HET	2	1	1	NA	NA	1.79352390125127	0.574560493058541	2	NEUT	1	1
JFCF_6_T_1_L	chr11	31050780	31057829	6	0.603896	-0.966292	0	HOMD	0	0	0	1	1	0.985254463794073	0.612187526026281	1	HETD	1	0
JFCF_6_T_1_L	chr11	31061201	58428763	17955	0.571429	-0.072913	3	HET	2	1	1	NA	NA	1.89755773332096	0.574388808573131	2	NEUT	1	1
JFCF_6_T_1_L	chr11	58430268	58439080	20	0.570724	0.534184	5	GAIN	3	1	2	1	1	2.93148126295461	0.572620984335699	3	GAIN	2	1
JFCF_6_T_1_L	chr11	58440166	65079008	2619	0.571429	0.121484	3	HET	2	1	1	NA	NA	2.1826144090766	0.574002247763663	2	NEUT	1	1
JFCF_6_T_1_L	chr11	65081509	65249731	108	0.576923	0.29658	5	GAIN	3	1	2	1	1	2.47440422842403	0.579367385034695	3	GAIN	2	1
JFCF_6_T_1_L	chr11	65250967	86008468	12201	0.566667	0.05561	3	HET	2	1	1	NA	NA	2.08168689948485	0.56918513816476	2	NEUT	1	1
JFCF_6_T_1_L	chr11	86010681	86040441	40	0.559412	0.361503	5	GAIN	3	1	2	1	1	2.59191808474299	0.561214340959071	3	GAIN	2	1
JFCF_6_T_1_L	chr11	86042319	97426280	6713	0.567568	0.017451	3	HET	2	1	1	NA	NA	2.02529601415883	0.57019123143507	2	NEUT	1	1
JFCF_6_T_1_L	chr11	97478154	110309887	9478	0.625	0.411693	5	GAIN	3	1	2	1	1	2.6864588650942	0.628658591068784	3	GAIN	2	1
JFCF_6_T_1_L	chr11	110310608	114418550	1981	0.888889	-0.818013	1	DLOH	1	0	1	1	1	1.10041630894902	0.916676705827019	1	HETD	1	0
JFCF_6_T_1_L	chr11	114419641	114433280	352	0.775815	-0.331374	5	GAIN	3	1	2	1	1	1.57342202055462	0.789598411091571	3	GAIN	2	1
JFCF_6_T_1_L	chr11	114439662	118293232	1898	0.9	-0.866523	1	DLOH	1	0	1	1	1	1.06143052305107	0.929631420456198	1	HETD	1	0
JFCF_6_T_1_L	chr11	118293285	118293681	20	0.633929	-0.872917	0	HOMD	0	0	0	1	1	1.05638897777452	0.643897614851061	1	HETD	1	0
JFCF_6_T_1_L	chr11	118296658	129539589	6763	0.916667	-0.822785	1	DLOH	1	0	1	1	1	1.09652282473841	0.946545272334059	1	HETD	1	0
JFCF_6_T_1_L	chr11	129540690	129549483	20	0.940351	0.351805	4	ALOH	3	0	3	1	1	2.57402649044253	0.953802478652249	3	GAIN	3	0
JFCF_6_T_1_L	chr11	129551393	131225242	1206	0.933333	-0.868559	1	DLOH	1	0	1	1	1	1.05982275113431	0.965482378164245	1	HETD	1	0
JFCF_6_T_1_L	chr11	131230525	131230834	17	0.590909	-0.957724	0	HOMD	0	0	0	1	1	0.991591545756785	0.598117719337124	1	HETD	1	0
JFCF_6_T_1_L	chr11	131243413	134939568	2305	0.928571	-0.997871	1	DLOH	1	0	1	1	1	0.962220241919037	0.963592306481413	1	HETD	1	0
JFCF_6_T_1_L	chr12	260215	2998892	1631	0.571429	0.018921	3	HET	2	1	1	NA	NA	2.02744085157545	0.574199195560936	2	NEUT	1	1
JFCF_6_T_1_L	chr12	3000403	3019487	94	0.592593	0.308686	5	GAIN	3	1	2	1	1	2.49591747954347	0.59550997014918	3	GAIN	2	1
JFCF_6_T_1_L	chr12	3020644	26453794	16847	0.571429	-0.016845	3	HET	2	1	1	NA	NA	1.97587093188486	0.574271497228165	2	NEUT	1	1
JFCF_6_T_1_L	chr12	26458507	26458738	4	1	0.034615	2	NLOH	2	0	2	1	1	2.05047627782149	1	2	NEUT	2	0
JFCF_6_T_1_L	chr12	26493814	53728369	16425	0.571429	0.032223	3	HET	2	1	1	NA	NA	2.04694912855786	0.574172794444492	2	NEUT	1	1
JFCF_6_T_1_L	chr12	53730525	53804307	78	0.56125	0.292213	5	GAIN	3	1	2	1	1	2.46668794755992	0.563202432072287	3	GAIN	2	1
JFCF_6_T_1_L	chr12	53811034	56858317	1643	0.571429	0.089723	3	HET	2	1	1	NA	NA	2.1333769932441	0.57406163720612	2	NEUT	1	1
JFCF_6_T_1_L	chr12	56871314	56952552	58	0.580982	0.329438	5	GAIN	3	1	2	1	1	2.53321787425622	0.583495622217999	3	GAIN	2	1
JFCF_6_T_1_L	chr12	56964730	59919033	1824	0.566667	0.029884	3	HET	2	1	1	NA	NA	2.04350578150965	0.569232187373632	2	NEUT	1	1
JFCF_6_T_1_L	chr12	59920382	59946684	41	0.611111	0.513167	5	GAIN	3	1	2	1	1	2.88794821349184	0.614136183388267	3	GAIN	2	1
JFCF_6_T_1_L	chr12	59949833	96907972	24365	0.571429	0.00718	3	HET	2	1	1	NA	NA	2.01037070026413	0.574222717420552	2	NEUT	1	1
JFCF_6_T_1_L	chr12	96910160	96918529	15	0.566667	-1.000477	0	HOMD	0	0	0	1	1	0.960341809314617	0.572125447375538	1	HETD	1	0
JFCF_6_T_1_L	chr12	96921724	133808447	27696	0.571429	-0.03409	3	HET	2	1	1	NA	NA	1.95145901992228	0.574307055644396	2	NEUT	1	1
JFCF_6_T_1_L	chr13	20140719	20493020	56	0.591085	0.241159	5	GAIN	3	1	2	1	1	2.37818954883497	0.594096510961918	3	GAIN	2	1
JFCF_6_T_1_L	chr13	20605034	25016589	4007	0.571429	0.050172	3	HET	2	1	1	NA	NA	2.07355927312627	0.574137583120765	2	NEUT	1	1
JFCF_6_T_1_L	chr13	25016707	25018542	9	0.92	0.150633	2	NLOH	2	0	2	1	1	2.22876648380827	0.93481728976955	2	NEUT	2	0
JFCF_6_T_1_L	chr13	25021245	41989945	12102	0.567568	0.039988	3	HET	2	1	1	NA	NA	2.05842044644954	0.570149017973674	2	NEUT	1	1
JFCF_6_T_1_L	chr13	42021301	42021570	11	0.771429	0.575347	5	GAIN	3	1	2	1	1	3.01860275377932	0.778499242905317	3	GAIN	2	1
JFCF_6_T_1_L	chr13	42037935	63604062	12568	0.567568	0.037456	3	HET	2	1	1	NA	NA	2.05467310960787	0.570153725264433	2	NEUT	1	1
JFCF_6_T_1_L	chr13	63605929	63608134	20	0.877074	-0.007498	2	NLOH	2	0	2	1	1	1.98922493606755	0.891978820328696	2	NEUT	2	0
JFCF_6_T_1_L	chr13	63609687	76198885	11011	0.576923	0.098589	3	HET	2	1	1	NA	NA	2.14701260675033	0.579740122101067	2	NEUT	1	1
JFCF_6_T_1_L	chr13	76207286	76260356	28	0.560386	0.444235	5	GAIN	3	1	2	1	1	2.7495380308365	0.562112873732461	3	GAIN	2	1
JFCF_6_T_1_L	chr13	76262278	79865292	2136	0.571429	0.142056	3	HET	2	1	1	NA	NA	2.21508942777698	0.573964521851473	2	NEUT	1	1
JFCF_6_T_1_L	chr13	79887653	80020051	50	0.573593	0.32807	5	GAIN	3	1	2	1	1	2.5307424284606	0.575879507408725	3	GAIN	2	1
JFCF_6_T_1_L	chr13	80022170	93227788	10384	0.571429	0.099623	3	HET	2	1	1	NA	NA	2.14860832759815	0.574042974624856	2	NEUT	1	1
JFCF_6_T_1_L	chr13	93229758	93677170	439	0.694444	0.759394	5	GAIN	3	1	2	1	1	3.44003157289968	0.698888431018015	3	GAIN	2	1
JFCF_6_T_1_L	chr13	93740906	93748767	37	0.696429	1.034393	7	ASCNA	4	1	3	1	1	4.17892659347197	0.700124940024817	4	AMP	3	1
JFCF_6_T_1_L	chr13	93750061	94341443	503	0.693878	0.784952	5	GAIN	3	1	2	1	1	3.5029216709699	0.698229932560957	3	GAIN	2	1
JFCF_6_T_1_L	chr13	94519555	98779282	3139	0.571429	0.151853	3	HET	2	1	1	NA	NA	2.23071853415874	0.573946757198451	2	NEUT	1	1
JFCF_6_T_1_L	chr13	98782402	98807234	31	0.566667	0.352433	5	GAIN	3	1	2	1	1	2.57518143336137	0.568702575109685	3	GAIN	2	1
JFCF_6_T_1_L	chr13	98810152	99679847	706	0.571429	0.171864	3	HET	2	1	1	NA	NA	2.26297368143641	0.573910870510986	2	NEUT	1	1
JFCF_6_T_1_L	chr13	99680017	99768008	175	0.566667	0.257696	5	GAIN	3	1	2	1	1	2.40651303816477	0.568845245098007	3	GAIN	2	1
JFCF_6_T_1_L	chr13	99772432	100599614	601	0.576923	0.171926	3	HET	2	1	1	NA	NA	2.26307431427725	0.579595646067161	2	NEUT	1	1
JFCF_6_T_1_L	chr13	100600168	100681190	47	0.551724	0.321086	5	GAIN	3	1	2	1	1	2.51814114267864	0.553339087612404	3	GAIN	2	1
JFCF_6_T_1_L	chr13	100705065	102262354	1043	0.571429	0.180276	3	HET	2	1	1	NA	NA	2.27666687422871	0.573895943104708	2	NEUT	1	1
JFCF_6_T_1_L	chr13	102303308	102447018	68	0.577935	0.247519	5	GAIN	3	1	2	1	1	2.38904413643	0.580500029820257	3	GAIN	2	1
JFCF_6_T_1_L	chr13	102463248	108866748	5404	0.571429	0.095624	3	HET	2	1	1	NA	NA	2.14244320613687	0.574050496631046	2	NEUT	1	1
JFCF_6_T_1_L	chr13	108869355	108919543	39	0.578947	0.264612	5	GAIN	3	1	2	1	1	2.41845492854244	0.581513738856573	3	GAIN	2	1
JFCF_6_T_1_L	chr13	108921373	111350281	2409	0.566667	0.168333	3	HET	2	1	1	NA	NA	2.25724960968607	0.568989284255219	2	NEUT	1	1
JFCF_6_T_1_L	chr13	111351534	111479557	95	0.571429	0.264282	5	GAIN	3	1	2	1	1	2.41788381440308	0.573751860847837	3	GAIN	2	1
JFCF_6_T_1_L	chr13	111485569	115093704	3463	0.571429	0.165102	3	HET	2	1	1	NA	NA	2.25202412584207	0.573922937601577	2	NEUT	1	1
JFCF_6_T_1_L	chr14	20210007	26378552	5214	0.571429	-0.012807	3	HET	2	1	1	NA	NA	1.98162938556635	0.574263237162612	2	NEUT	1	1
JFCF_6_T_1_L	chr14	26387827	26647836	193	0.909091	-0.875583	1	DLOH	1	0	1	1	1	1.05429347989634	0.939601017471319	1	HETD	1	0
JFCF_6_T_1_L	chr14	26652193	35337904	6062	0.571429	-0.016837	3	HET	2	1	1	NA	NA	1.97588232448443	0.574271480838812	2	NEUT	1	1
JFCF_6_T_1_L	chr14	35341527	35349984	14	0.595455	0.458901	5	GAIN	3	1	2	1	1	2.77843495086335	0.598156360221406	3	GAIN	2	1
JFCF_6_T_1_L	chr14	35350318	45388440	7002	0.571429	-0.048074	3	HET	2	1	1	NA	NA	1.93187649475291	0.574336229143452	2	NEUT	1	1
JFCF_6_T_1_L	chr14	45430522	45596051	13	0.657895	0.648627	5	GAIN	3	1	2	1	1	3.17998697943052	0.661799155326881	3	GAIN	2	1
JFCF_6_T_1_L	chr14	45612470	50597012	2489	0.571429	-0.040211	3	HET	2	1	1	NA	NA	1.94286410103183	0.574319787700546	2	NEUT	1	1
JFCF_6_T_1_L	chr14	50600480	50619927	37	0.588235	0.361451	5	GAIN	3	1	2	1	1	2.59182183019572	0.590911823882895	3	GAIN	2	1
JFCF_6_T_1_L	chr14	50623657	67547643	11109	0.575758	-0.019698	3	HET	2	1	1	NA	NA	1.97181207194638	0.578778974306522	2	NEUT	1	1
JFCF_6_T_1_L	chr14	67562338	69509799	1412	0.702128	0.646509	5	GAIN	3	1	2	1	1	3.17520656136165	0.707133397211907	3	GAIN	2	1
JFCF_6_T_1_L	chr14	69510441	91418457	16387	0.575758	-0.063458	3	HET	2	1	1	NA	NA	1.91055161542151	0.578875839663978	2	NEUT	1	1
JFCF_6_T_1_L	chr14	91418983	91419128	14	0.960769	-0.062695	2	NLOH	2	0	2	1	1	1.91160391432232	0.979721626033611	2	NEUT	2	0
JFCF_6_T_1_L	chr14	91419557	107268495	16239	0.590909	-0.090279	3	HET	2	1	1	NA	NA	1.87391258365177	0.594723535007015	2	NEUT	1	1
JFCF_6_T_1_L	chr15	21910133	34740014	7582	0.571429	-0.063161	3	HET	2	1	1	NA	NA	1.91096115971962	0.574368048561259	2	NEUT	1	1
JFCF_6_T_1_L	chr15	34740858	34749928	47	0.59375	0.342434	5	GAIN	3	1	2	1	1	2.55685205083425	0.596633033770164	3	GAIN	2	1
JFCF_6_T_1_L	chr15	34750037	41608470	5155	0.565217	0.050121	3	HET	2	1	1	NA	NA	2.07348319351778	0.567690115216724	2	NEUT	1	1
JFCF_6_T_1_L	chr15	41611066	41698990	75	0.586207	0.327773	5	GAIN	3	1	2	1	1	2.53020530620206	0.588885988329329	3	GAIN	2	1
JFCF_6_T_1_L	chr15	41701021	61189609	12003	0.566667	0.043663	3	HET	2	1	1	NA	NA	2.06387112641292	0.569206875267204	2	NEUT	1	1
JFCF_6_T_1_L	chr15	61190011	61197157	12	0.564583	-1.046208	0	HOMD	0	0	0	1	1	0.927924677709992	0.57005554752926	1	HETD	1	0
JFCF_6_T_1_L	chr15	61200750	65167333	2526	0.566667	0.062301	3	HET	2	1	1	NA	NA	2.09172938664824	0.569173048469813	2	NEUT	1	1
JFCF_6_T_1_L	chr15	65170437	65179949	20	0.583333	0.405356	5	GAIN	3	1	2	1	1	2.67433992393165	0.585783103670547	3	GAIN	2	1
JFCF_6_T_1_L	chr15	65180363	66008087	610	0.571429	0.138073	3	HET	2	1	1	NA	NA	2.20876565069347	0.573971781143546	2	NEUT	1	1
JFCF_6_T_1_L	chr15	66008646	66035779	41	0.6	0.366556	5	GAIN	3	1	2	1	1	2.6012880031976	0.603022703952322	3	GAIN	2	1
JFCF_6_T_1_L	chr15	66037266	102399429	24925	0.571429	0.043161	3	HET	2	1	1	NA	NA	2.06312575192195	0.574151280811949	2	NEUT	1	1
JFCF_6_T_1_L	chr16	90024	8308281	8931	0.935484	-0.123525	2	NLOH	2	0	2	1	1	1.82943196758378	0.954201161668279	2	NEUT	2	0
JFCF_6_T_1_L	chr16	8311250	8311420	6	0.746429	-0.177547	3	HET	2	1	1	NA	NA	1.75930538558067	0.757442735296096	2	NEUT	1	1
JFCF_6_T_1_L	chr16	8312366	8613404	564	0.933333	-0.129361	2	NLOH	2	0	2	1	1	1.82172905559357	0.952036463233826	2	NEUT	2	0
JFCF_6_T_1_L	chr16	8613413	8613796	7	0.59375	0.059413	3	HET	2	1	1	NA	NA	2.0873890887741	0.597281440711035	2	NEUT	1	1
JFCF_6_T_1_L	chr16	8614287	13773829	5381	0.935484	-0.107629	2	NLOH	2	0	2	1	1	1.85057174447178	0.953987348492526	2	NEUT	2	0
JFCF_6_T_1_L	chr16	13774271	13774413	14	0.694639	-0.112825	3	HET	2	1	1	NA	NA	1.84363604548821	0.702940158877795	2	NEUT	1	1
JFCF_6_T_1_L	chr16	13774810	21339214	3595	0.933333	-0.106106	2	NLOH	2	0	2	1	1	1.8526094062196	0.951724703237012	2	NEUT	2	0
JFCF_6_T_1_L	chr16	21570199	21594362	25	0.571429	-0.045101	3	HET	2	1	1	NA	NA	1.93602386916015	0.574330001241029	2	NEUT	1	1
JFCF_6_T_1_L	chr16	21610804	22438630	189	0.9375	-0.004675	2	NLOH	2	0	2	1	1	1.99327518037804	0.954758174272852	2	NEUT	2	0
JFCF_6_T_1_L	chr16	22630531	22709763	75	0.590909	-0.063974	3	HET	2	1	1	NA	NA	1.90984028436711	0.594651776403313	2	NEUT	1	1
JFCF_6_T_1_L	chr16	22712979	25779427	2486	0.933333	-0.119852	2	NLOH	2	0	2	1	1	1.83429594611388	0.951908324491925	2	NEUT	2	0
JFCF_6_T_1_L	chr16	25780081	25789598	19	0.9375	-0.516394	1	DLOH	1	0	1	1	1	1.37457597944936	0.962526110561379	1	HETD	1	0
JFCF_6_T_1_L	chr16	25790323	26035903	277	0.928571	-0.229897	2	NLOH	2	0	2	1	1	1.69380911499749	0.948465927767534	2	NEUT	2	0
JFCF_6_T_1_L	chr16	26039461	26043959	11	0.791667	-0.191335	3	HET	2	1	1	NA	NA	1.74182370638092	0.804833403169013	2	NEUT	1	1
JFCF_6_T_1_L	chr16	26049373	26288104	148	0.947368	-0.172064	2	NLOH	2	0	2	1	1	1.76630379427036	0.967283149276474	2	NEUT	2	0
JFCF_6_T_1_L	chr16	26385490	26386119	10	0.559028	-0.347505	3	HET	2	1	1	NA	NA	1.55505306029758	0.562012674040287	2	NEUT	1	1
JFCF_6_T_1_L	chr16	26400541	30929444	1911	0.9375	-0.096459	2	NLOH	2	0	2	1	1	1.86556646739827	0.955939595178129	2	NEUT	2	0
JFCF_6_T_1_L	chr16	30930983	31149142	130	0.916667	-0.710262	1	DLOH	1	0	1	1	1	1.19184793203908	0.94415558029396	1	HETD	1	0
JFCF_6_T_1_L	chr16	31158647	31309707	49	0.608696	0.429678	5	GAIN	3	1	2	1	1	2.721144903517	0.611836840955355	3	GAIN	2	1
JFCF_6_T_1_L	chr16	31330161	31949541	332	0.583333	-0.061185	3	HET	2	1	1	NA	NA	1.91368808682339	0.586756969720578	2	NEUT	1	1
JFCF_6_T_1_L	chr16	32520030	32619916	1266	0.729167	-0.443712	5	GAIN	3	1	2	1	1	1.44966301110854	0.741596941182352	3	GAIN	2	1
JFCF_6_T_1_L	chr16	32621754	33956195	626	0.659787	-0.079763	3	HET	2	1	1	NA	NA	1.88819692302781	0.666440929717333	2	NEUT	1	1
JFCF_6_T_1_L	chr16	33956207	33979968	797	0.668103	0.240609	5	GAIN	3	1	2	1	1	2.37725311198832	0.67366311906022	3	GAIN	2	1
JFCF_6_T_1_L	chr16	34000185	34189916	393	0.635135	-0.26624	3	HET	2	1	1	NA	NA	1.64971722755512	0.64157583818282	2	NEUT	1	1
JFCF_6_T_1_L	chr16	34189942	34195698	198	0.716292	-0.258278	5	GAIN	3	1	2	1	1	1.65928206053932	0.726541538015557	3	GAIN	2	1
JFCF_6_T_1_L	chr16	34195727	57307802	7016	0.571429	-0.081794	3	HET	2	1	1	NA	NA	1.88543000877795	0.574407847064567	2	NEUT	1	1
JFCF_6_T_1_L	chr16	57314135	57329944	35	0.55	0.402747	5	GAIN	3	1	2	1	1	2.66936589563225	0.551472807369956	3	GAIN	2	1
JFCF_6_T_1_L	chr16	57330028	84098815	21544	0.571429	-0.027536	3	HET	2	1	1	NA	NA	1.96070246075191	0.574293487478096	2	NEUT	1	1
JFCF_6_T_1_L	chr16	84100602	84109997	19	0.576923	-1.429921	0	HOMD	0	0	0	1	1	0.692856532655457	0.585652652360444	1	HETD	1	0
JFCF_6_T_1_L	chr16	84112158	89309087	5032	0.571429	0.078187	3	HET	2	1	1	NA	NA	2.11575999666847	0.574083558010331	2	NEUT	1	1
JFCF_6_T_1_L	chr16	89309592	89318271	34	0.586207	0.344224	5	GAIN	3	1	2	1	1	2.5601240100261	0.588854680526246	3	GAIN	2	1
JFCF_6_T_1_L	chr16	89320359	89729738	493	0.576923	0.123209	3	HET	2	1	1	NA	NA	2.18531974739496	0.57969073990303	2	NEUT	1	1
JFCF_6_T_1_L	chr16	89730314	89749436	50	0.565217	0.344418	5	GAIN	3	1	2	1	1	2.56047886849277	0.567219735855629	3	GAIN	2	1
JFCF_6_T_1_L	chr16	89750672	90149922	569	0.566667	0.18076	3	HET	2	1	1	NA	NA	2.27745716914576	0.568968678951284	2	NEUT	1	1
JFCF_6_T_1_L	chr17	1665	1209989	983	0.577778	0.072459	3	HET	2	1	1	NA	NA	2.10706478278505	0.580680437889845	2	NEUT	1	1
JFCF_6_T_1_L	chr17	1220372	1359022	97	0.576923	0.279654	5	GAIN	3	1	2	1	1	2.44462652646429	0.579397159795072	3	GAIN	2	1
JFCF_6_T_1_L	chr17	1364173	16070435	12693	0.571429	0.041042	3	HET	2	1	1	NA	NA	2.05998229652558	0.574155434909935	2	NEUT	1	1
JFCF_6_T_1_L	chr17	16071468	16148926	86	0.607692	0.276121	5	GAIN	3	1	2	1	1	2.43845491309542	0.611164584037015	3	GAIN	2	1
JFCF_6_T_1_L	chr17	16150158	41069257	12005	0.576923	0.063725	3	HET	2	1	1	NA	NA	2.09387267844776	0.579811617215364	2	NEUT	1	1
JFCF_6_T_1_L	chr17	41071396	41579102	63	0.611111	0.594743	5	GAIN	3	1	2	1	1	3.06052398528336	0.613965600389882	3	GAIN	2	1
JFCF_6_T_1_L	chr17	41651249	41756981	97	0.714286	1.007209	7	ASCNA	4	1	3	1	1	4.09945461975236	0.718396094116146	4	AMP	3	1
JFCF_6_T_1_L	chr17	41759061	48099946	3068	0.654509	0.673892	5	GAIN	3	1	2	1	1	3.23755566172032	0.658261499040597	3	GAIN	2	1
JFCF_6_T_1_L	chr17	48100584	48109168	42	0.652273	0.96149	7	ASCNA	4	1	3	1	1	3.96912710518484	0.65528955986999	4	AMP	3	1
JFCF_6_T_1_L	chr17	48111271	64919825	11106	0.657143	0.594424	5	GAIN	3	1	2	1	1	3.05982995144634	0.661181143987178	3	GAIN	2	1
JFCF_6_T_1_L	chr17	64921195	65205187	236	0.714286	0.873284	7	ASCNA	4	1	3	1	1	3.72906187405163	0.718804333264807	4	AMP	3	1
JFCF_6_T_1_L	chr17	65210507	65549847	305	0.65	0.623049	5	GAIN	3	1	2	1	1	3.12272305952218	0.653776955262371	3	GAIN	2	1
JFCF_6_T_1_L	chr17	65552709	65650905	46	0.744681	0.902442	7	ASCNA	4	1	3	1	1	3.80680124292857	0.749734870346986	4	AMP	3	1
JFCF_6_T_1_L	chr17	65712351	69399476	3456	0.653061	0.525871	5	GAIN	3	1	2	1	1	2.91418648264795	0.657190821290934	3	GAIN	2	1
JFCF_6_T_1_L	chr17	69400874	71505665	1845	0.722222	0.883767	7	ASCNA	4	1	3	1	1	3.75683031908206	0.726873034100346	4	AMP	3	1
JFCF_6_T_1_L	chr17	71510492	72319471	597	0.722222	0.782908	5	GAIN	3	1	2	1	1	3.49785094823037	0.727217394652852	3	GAIN	2	1
JFCF_6_T_1_L	chr17	72323768	80469511	7298	0.724138	0.96748	7	ASCNA	4	1	3	1	1	3.98596813101488	0.728559460222157	4	AMP	3	1
JFCF_6_T_1_L	chr17	80471266	80479328	16	0.714286	1.419969	14	UBCNA	6	2	4	1	1	5.48336190993983	0.71735877626186	6	HLAMP	4	2
JFCF_6_T_1_L	chr17	80480041	81102135	658	0.72973	0.937996	7	ASCNA	4	1	3	1	1	3.90374402342915	0.73435722302317	4	AMP	3	1
JFCF_6_T_1_L	chr18	130168	12089223	10939	0.621622	0.416577	5	GAIN	3	1	2	1	1	2.69583546558001	0.625169339952976	3	GAIN	2	1
JFCF_6_T_1_L	chr18	12089279	12089413	12	0.947619	0.505819	4	ALOH	3	0	3	1	1	2.87287711927301	0.959870112110726	3	GAIN	3	0
JFCF_6_T_1_L	chr18	12089632	14116869	1192	0.619524	0.459355	5	GAIN	3	1	2	1	1	2.7793341785017	0.622905414437591	3	GAIN	2	1
JFCF_6_T_1_L	chr18	19470936	50946260	17898	0.575758	-0.10556	3	HET	2	1	1	NA	NA	1.85334043795357	0.578972084948806	2	NEUT	1	1
JFCF_6_T_1_L	chr18	50953078	50959356	4	0.5	1.596952	15	BCNA	6	3	3	1	1	6.20929767423155	0.5	6	HLAMP	3	3
JFCF_6_T_1_L	chr18	50960222	60518363	7224	0.575758	-0.048706	3	HET	2	1	1	NA	NA	1.93099594736618	0.578842829678055	2	NEUT	1	1
JFCF_6_T_1_L	chr18	60522725	60538263	11	1	-0.87177	1	DLOH	1	0	1	1	1	1.05729172125686	1	1	HETD	1	0
JFCF_6_T_1_L	chr18	60540088	77832175	13962	0.576923	-0.115464	3	HET	2	1	1	NA	NA	1.84012302223317	0.580209952335613	2	NEUT	1	1
JFCF_6_T_1_L	chr19	260301	3129369	1912	0.933333	-0.681672	1	DLOH	1	0	1	1	1	1.21727620185619	0.96132388847817	1	HETD	1	0
JFCF_6_T_1_L	chr19	3130168	3139771	26	0.940972	-0.239171	2	NLOH	2	0	2	1	1	1.68245198589763	0.961580784935472	2	NEUT	2	0
JFCF_6_T_1_L	chr19	3140124	4459150	1002	0.933333	-0.683499	1	DLOH	1	0	1	1	1	1.21563613195471	0.96136165225674	1	HETD	1	0
JFCF_6_T_1_L	chr19	4460005	4464618	12	0.935417	-0.337036	2	NLOH	2	0	2	1	1	1.56695108750784	0.957266122166328	2	NEUT	2	0
JFCF_6_T_1_L	chr19	4479447	7859385	2585	0.9375	-0.724271	1	DLOH	1	0	1	1	1	1.17957092224256	0.966663393050852	1	HETD	1	0
JFCF_6_T_1_L	chr19	7861495	7862405	33	0.678571	-0.660462	5	GAIN	3	1	2	1	1	1.23646888863814	0.689926644531703	3	GAIN	2	1
JFCF_6_T_1_L	chr19	7863120	8999311	591	0.9375	-0.687826	1	DLOH	1	0	1	1	1	1.21176012479294	0.965888696519118	1	HETD	1	0
JFCF_6_T_1_L	chr19	8999373	8999453	6	0.606061	-0.797465	0	HOMD	0	0	0	1	1	1.11732936360988	0.613524775315548	1	HETD	1	0
JFCF_6_T_1_L	chr19	8999478	20497314	7177	0.9375	-0.721482	1	DLOH	1	0	1	1	1	1.18200561164	0.966603322435996	1	HETD	1	0
JFCF_6_T_1_L	chr19	20688241	20688324	10	0.839719	-0.071597	3	HET	2	1	1	NA	NA	1.89936119730734	0.853782594233307	2	NEUT	1	1
JFCF_6_T_1_L	chr19	20721238	20952225	289	0.9375	-0.844883	1	DLOH	1	0	1	1	1	1.07865997842952	0.96939169073168	1	HETD	1	0
JFCF_6_T_1_L	chr19	20952402	20952726	15	0.647059	-0.927012	0	HOMD	0	0	0	1	1	1.01461856674885	0.658455535693872	1	HETD	1	0
JFCF_6_T_1_L	chr19	20953619	21689825	963	0.9375	-0.863991	1	DLOH	1	0	1	1	1	1.06343314023487	0.969848334027956	1	HETD	1	0
JFCF_6_T_1_L	chr19	21700335	21700944	18	0.583333	-0.790761	0	HOMD	0	0	0	1	1	1.12289974659591	0.589168258297794	1	HETD	1	0
JFCF_6_T_1_L	chr19	21701504	21744954	51	0.933333	-0.811084	1	DLOH	1	0	1	1	1	1.10609266906094	0.964137509754336	1	HETD	1	0
JFCF_6_T_1_L	chr19	21746189	21748018	62	0.658333	-0.811084	0	HOMD	0	0	0	1	1	1.10609266906094	0.669588478910984	1	HETD	1	0
JFCF_6_T_1_L	chr19	21748508	21749173	17	0.944444	-0.811084	1	DLOH	1	0	1	1	1	1.10609266906094	0.976038361687793	1	HETD	1	0
JFCF_6_T_1_L	chr19	21749181	21749973	36	0.545455	-0.811084	0	HOMD	0	0	0	1	1	1.10609266906094	0.548686277079944	1	HETD	1	0
JFCF_6_T_1_L	chr19	21750036	21759994	118	0.62963	-0.519912	5	GAIN	3	1	2	1	1	1.37103666752215	0.637064307200752	3	GAIN	2	1
JFCF_6_T_1_L	chr19	21760007	21768257	97	0.612903	-0.762498	0	HOMD	0	0	0	1	1	1.14667027963109	0.620644960970783	1	HETD	1	0
JFCF_6_T_1_L	chr19	21768278	22484458	716	0.933333	-0.959182	1	DLOH	1	0	1	1	1	0.990510517783149	0.967732071793347	1	HETD	1	0
JFCF_6_T_1_L	chr19	22484471	22485589	57	0.575758	-0.994314	0	HOMD	0	0	0	1	1	0.964789647993276	0.581932188973762	1	HETD	1	0
JFCF_6_T_1_L	chr19	22486535	33443403	3844	1	-0.988028	1	DLOH	1	0	1	1	1	0.969345871398079	1	1	HETD	1	0
JFCF_6_T_1_L	chr19	33444287	33444511	8	0.647619	-0.650493	5	GAIN	3	1	2	1	1	1.24558766496933	0.656937628796523	3	GAIN	2	1
JFCF_6_T_1_L	chr19	33447667	35237220	1167	1	-0.866083	1	DLOH	1	0	1	1	1	1.06177827692934	1	1	HETD	1	0
JFCF_6_T_1_L	chr19	35237221	35239988	130	0.571429	-0.893989	0	HOMD	0	0	0	1	1	1.03993138706273	0.57682974827721	1	HETD	1	0
JFCF_6_T_1_L	chr19	35239994	44180595	4009	1	-0.849863	1	DLOH	1	0	1	1	1	1.0746720499578	1	1	HETD	1	0
JFCF_6_T_1_L	chr19	44183494	44183886	15	0.652174	-0.655537	0	HOMD	0	0	0	1	1	1.24096597627902	0.661815944645391	1	HETD	1	0
JFCF_6_T_1_L	chr19	44187577	50550608	3238	1	-0.800063	1	DLOH	1	0	1	1	1	1.11517762370443	1	1	HETD	1	0
JFCF_6_T_1_L	chr19	50552467	50928270	129	0.785714	-0.549425	5	GAIN	3	1	2	1	1	1.34168233790862	0.802458256591265	3	GAIN	2	1
JFCF_6_T_1_L	chr19	50930143	50969325	38	0.839744	-0.59982	1	DLOH	1	0	1	1	1	1.292925737905	0.860405519938173	1	HETD	1	0
JFCF_6_T_1_L	chr19	50971492	50978393	10	0.763305	-0.335831	3	HET	2	1	1	NA	NA	1.56832612005077	0.776505998524314	2	NEUT	1	1
JFCF_6_T_1_L	chr19	50983051	51019404	42	0.833333	-0.66605	1	DLOH	1	0	1	1	1	1.23138496275639	0.854617748212473	1	HETD	1	0
JFCF_6_T_1_L	chr19	51023624	51063128	38	0.75	-0.531427	5	GAIN	3	1	2	1	1	1.35951208239915	0.764459090930837	3	GAIN	2	1
JFCF_6_T_1_L	chr19	51063679	51269757	193	0.823529	-0.597901	1	DLOH	1	0	1	1	1	1.29475132486639	0.843176663125425	1	HETD	1	0
JFCF_6_T_1_L	chr19	51273091	51299959	43	0.785714	-0.421017	5	GAIN	3	1	2	1	1	1.47389463244721	0.800956251946199	3	GAIN	2	1
JFCF_6_T_1_L	chr19	51300139	51312730	30	0.846154	-0.680861	1	DLOH	1	0	1	1	1	1.21800488999546	0.868500235662955	1	HETD	1	0
JFCF_6_T_1_L	chr19	51312979	51318809	37	0.75	-0.559542	5	GAIN	3	1	2	1	1	1.33175714477272	0.764760430532051	3	GAIN	2	1
JFCF_6_T_1_L	chr19	51318995	52021250	489	0.8	-0.64607	1	DLOH	1	0	1	1	1	1.24965366544	0.818876246465352	1	HETD	1	0
JFCF_6_T_1_L	chr19	52021498	52037929	38	0.75	-0.610772	5	GAIN	3	1	2	1	1	1.28255320746654	0.765326700449184	3	GAIN	2	1
JFCF_6_T_1_L	chr19	52039101	52159606	174	0.8	-0.645225	1	DLOH	1	0	1	1	1	1.25043188105958	0.818864498692394	1	HETD	1	0
JFCF_6_T_1_L	chr19	52160243	52228013	70	0.784161	-0.465613	5	GAIN	3	1	2	1	1	1.42663780337024	0.799822551989392	3	GAIN	2	1
JFCF_6_T_1_L	chr19	52228759	52328616	63	0.809524	-0.664162	1	DLOH	1	0	1	1	1	1.23310045064753	0.829260944714634	1	HETD	1	0
JFCF_6_T_1_L	chr19	52329848	52367633	70	0.79057	-0.523592	5	GAIN	3	1	2	1	1	1.36734359848439	0.807279257952261	3	GAIN	2	1
JFCF_6_T_1_L	chr19	52368499	52495114	66	0.837719	-0.626505	1	DLOH	1	0	1	1	1	1.26778977159373	0.85866457576172	1	HETD	1	0
JFCF_6_T_1_L	chr19	52495312	52789926	311	0.777778	-0.505048	5	GAIN	3	1	2	1	1	1.38604969424332	0.793536072606928	3	GAIN	2	1
JFCF_6_T_1_L	chr19	52790033	52810393	33	0.708333	-0.183321	3	HET	2	1	1	NA	NA	1.75196424542842	0.71768311346102	2	NEUT	1	1
JFCF_6_T_1_L	chr19	52814459	52859101	26	0.818182	-0.620444	1	DLOH	1	0	1	1	1	1.27345819874523	0.837828037353845	1	HETD	1	0
JFCF_6_T_1_L	chr19	52859417	52965500	77	0.806452	-0.51144	5	GAIN	3	1	2	1	1	1.37957464725052	0.823918315765697	3	GAIN	2	1
JFCF_6_T_1_L	chr19	52965508	52965683	20	0.906158	-0.51144	1	DLOH	1	0	1	1	1	1.37957464725052	0.929307086573963	1	HETD	1	0
JFCF_6_T_1_L	chr19	52967570	54718166	1777	0.764706	-0.465206	5	GAIN	3	1	2	1	1	1.42706251551815	0.779290946439791	3	GAIN	2	1
JFCF_6_T_1_L	chr19	54730202	54731383	12	0.854111	-0.745646	1	DLOH	1	0	1	1	1	1.16106681938606	0.878091942931732	1	HETD	1	0
JFCF_6_T_1_L	chr19	54731511	54909323	132	0.730769	-0.455421	5	GAIN	3	1	2	1	1	1.43730949776468	0.743393413896558	3	GAIN	2	1
JFCF_6_T_1_L	chr19	54910299	55932587	768	1	-0.845872	1	DLOH	1	0	1	1	1	1.07786690243006	1	1	HETD	1	0
JFCF_6_T_1_L	chr19	55932706	55933116	12	0.595455	-0.732784	0	HOMD	0	0	0	1	1	1.17216844423908	0.601858135736092	1	HETD	1	0
JFCF_6_T_1_L	chr19	55933435	56968314	382	1	-0.865719	1	DLOH	1	0	1	1	1	1.06206604440213	1	1	HETD	1	0
JFCF_6_T_1_L	chr19	56974255	57058605	102	0.75	-0.568984	5	GAIN	3	1	2	1	1	1.32255673490711	0.764863111957432	3	GAIN	2	1
JFCF_6_T_1_L	chr19	57060087	59085045	1703	0.882353	-0.71618	1	DLOH	1	0	1	1	1	1.18664705192376	0.907688354728918	1	HETD	1	0
JFCF_6_T_1_L	chr20	68749	719883	664	0.566667	0.297361	5	GAIN	3	1	2	1	1	2.47578668201127	0.568784296803784	3	GAIN	2	1
JFCF_6_T_1_L	chr20	722097	1049506	291	0.565217	0.202414	3	HET	2	1	1	NA	NA	2.31308735888612	0.567433934357369	2	NEUT	1	1
JFCF_6_T_1_L	chr20	1050326	1329821	193	0.567568	0.284489	5	GAIN	3	1	2	1	1	2.45309706760914	0.56973376027089	3	GAIN	2	1
JFCF_6_T_1_L	chr20	1331699	2341960	912	0.571429	0.178459	3	HET	2	1	1	NA	NA	2.27370236746183	0.573899159563305	2	NEUT	1	1
JFCF_6_T_1_L	chr20	2364386	2610648	272	0.575758	0.309448	5	GAIN	3	1	2	1	1	2.49727765804515	0.578143314899787	3	GAIN	2	1
JFCF_6_T_1_L	chr20	2611493	2689683	140	0.5625	0.205913	3	HET	2	1	1	NA	NA	2.31889508167537	0.564619253796379	2	NEUT	1	1
JFCF_6_T_1_L	chr20	2690122	4328509	1304	0.571429	0.331988	5	GAIN	3	1	2	1	1	2.53783846242963	0.573642067431297	3	GAIN	2	1
JFCF_6_T_1_L	chr20	4330033	4409679	123	0.571429	0.172151	3	HET	2	1	1	NA	NA	2.26343955043023	0.573910359683773	2	NEUT	1	1
JFCF_6_T_1_L	chr20	4443569	4769897	300	0.566667	0.245394	5	GAIN	3	1	2	1	1	2.38541208269589	0.568864513489053	3	GAIN	2	1
JFCF_6_T_1_L	chr20	4771575	4872886	125	0.571429	0.157417	3	HET	2	1	1	NA	NA	2.23964212514448	0.573936725490622	2	NEUT	1	1
JFCF_6_T_1_L	chr20	4927713	5249933	151	0.571429	0.280525	5	GAIN	3	1	2	1	1	2.44615035462378	0.573725018982022	3	GAIN	2	1
JFCF_6_T_1_L	chr20	5260333	5539192	414	0.571429	0.164575	3	HET	2	1	1	NA	NA	2.25117292029953	0.573923880600442	2	NEUT	1	1
JFCF_6_T_1_L	chr20	5540924	5815500	321	0.571429	0.266089	5	GAIN	3	1	2	1	1	2.42101269840795	0.573748858813954	3	GAIN	2	1
JFCF_6_T_1_L	chr20	5830581	8601114	2406	0.571429	0.151298	3	HET	2	1	1	NA	NA	2.22983030658689	0.573947760118429	2	NEUT	1	1
JFCF_6_T_1_L	chr20	8638233	8743803	123	0.585366	0.291519	5	GAIN	3	1	2	1	1	2.46546383208665	0.58808851541957	3	GAIN	2	1
JFCF_6_T_1_L	chr20	8746125	8889897	237	0.571429	0.21354	3	HET	2	1	1	NA	NA	2.33160347687289	0.573837817666814	2	NEUT	1	1
JFCF_6_T_1_L	chr20	8890584	9082318	251	0.567568	0.265092	5	GAIN	3	1	2	1	1	2.41928587325378	0.569764028269499	3	GAIN	2	1
JFCF_6_T_1_L	chr20	9087641	11229511	1487	0.571429	0.20779	3	HET	2	1	1	NA	NA	2.322016380161	0.573847763147014	2	NEUT	1	1
JFCF_6_T_1_L	chr20	11230127	11649616	261	0.566667	0.306492	5	GAIN	3	1	2	1	1	2.4920051748316	0.568770516991704	3	GAIN	2	1
JFCF_6_T_1_L	chr20	11650342	11719728	85	0.566667	0.145198	3	HET	2	1	1	NA	NA	2.2200902888987	0.569028154073276	2	NEUT	1	1
JFCF_6_T_1_L	chr20	11722022	11759889	112	0.581989	0.306524	5	GAIN	3	1	2	1	1	2.49206219395976	0.58457590669411	3	GAIN	2	1
JFCF_6_T_1_L	chr20	11760097	17229558	3733	0.571429	0.110712	3	HET	2	1	1	NA	NA	2.16579352467347	0.574022233188257	2	NEUT	1	1
JFCF_6_T_1_L	chr20	17230025	17291588	48	0.569498	0.353098	5	GAIN	3	1	2	1	1	2.57640497044956	0.571619007627465	3	GAIN	2	1
JFCF_6_T_1_L	chr20	17292329	17846770	297	0.5625	0.201739	3	HET	2	1	1	NA	NA	2.31196859778693	0.564625602921229	2	NEUT	1	1
JFCF_6_T_1_L	chr20	17849427	17986365	199	0.5625	0.29478	5	GAIN	3	1	2	1	1	2.47122088440528	0.56448862320898	3	GAIN	2	1
JFCF_6_T_1_L	chr20	18000162	18272884	217	0.575758	0.154189	3	HET	2	1	1	NA	NA	2.23446084010015	0.578423875140767	2	NEUT	1	1
JFCF_6_T_1_L	chr20	18287104	18469576	85	0.575	0.314729	5	GAIN	3	1	2	1	1	2.50672407045517	0.577352549574881	3	GAIN	2	1
JFCF_6_T_1_L	chr20	18471068	19889114	1162	0.569805	0.142125	3	HET	2	1	1	NA	NA	2.21519913243947	0.572282751859242	2	NEUT	1	1
JFCF_6_T_1_L	chr20	19890080	20039506	125	0.571429	0.312146	5	GAIN	3	1	2	1	1	2.50209939729005	0.573673678070415	3	GAIN	2	1
JFCF_6_T_1_L	chr20	20042444	32889704	4231	0.571429	0.128318	3	HET	2	1	1	NA	NA	2.19335125745594	0.573989651253648	2	NEUT	1	1
JFCF_6_T_1_L	chr20	32890337	33095891	152	0.565217	0.285684	5	GAIN	3	1	2	1	1	2.45519499280013	0.567305617341005	3	GAIN	2	1
JFCF_6_T_1_L	chr20	33099793	33969530	615	0.5625	0.200687	3	HET	2	1	1	NA	NA	2.31022603116841	0.564627206229583	2	NEUT	1	1
JFCF_6_T_1_L	chr20	33971085	34009906	51	0.565217	0.339107	5	GAIN	3	1	2	1	1	2.55078136816835	0.567227349809476	3	GAIN	2	1
JFCF_6_T_1_L	chr20	34010090	35455653	279	0.571429	0.181599	3	HET	2	1	1	NA	NA	2.27882775082835	0.573893603849525	2	NEUT	1	1
JFCF_6_T_1_L	chr20	35472482	35779880	137	0.590909	0.213125	5	GAIN	3	1	2	1	1	2.33091025848821	0.5939756582398	3	GAIN	2	1
JFCF_6_T_1_L	chr20	35780519	43925467	4489	0.566667	0.100552	3	HET	2	1	1	NA	NA	2.15004298285315	0.569105079271195	2	NEUT	1	1
JFCF_6_T_1_L	chr20	43929318	43978342	47	0.576923	0.3909	5	GAIN	3	1	2	1	1	2.64689254243026	0.57920809339491	3	GAIN	2	1
JFCF_6_T_1_L	chr20	43980726	47628434	2355	0.571429	0.11035	3	HET	2	1	1	NA	NA	2.16523042638102	0.574022907594622	2	NEUT	1	1
JFCF_6_T_1_L	chr20	47630449	47669177	54	0.56466	0.384339	5	GAIN	3	1	2	1	1	2.63452572354009	0.566589822247713	3	GAIN	2	1
JFCF_6_T_1_L	chr20	47670599	47809722	124	0.57634	0.190595	3	HET	2	1	1	NA	NA	2.29357372339877	0.578957119197145	2	NEUT	1	1
JFCF_6_T_1_L	chr20	47810118	47889621	131	0.571429	0.347479	5	GAIN	3	1	2	1	1	2.56608427068157	0.57361770740578	3	GAIN	2	1
JFCF_6_T_1_L	chr20	47890342	48588417	531	0.567568	0.145511	3	HET	2	1	1	NA	NA	2.22058906185197	0.569960527397768	2	NEUT	1	1
JFCF_6_T_1_L	chr20	48589996	48739958	117	0.575758	0.281604	5	GAIN	3	1	2	1	1	2.44803935825289	0.578191291599891	3	GAIN	2	1
JFCF_6_T_1_L	chr20	48742509	49059697	342	0.56	0.141778	3	HET	2	1	1	NA	NA	2.21464748243311	0.56213025059494	2	NEUT	1	1
JFCF_6_T_1_L	chr20	49060777	49119606	113	0.565217	0.314695	5	GAIN	3	1	2	1	1	2.50666314214107	0.567262732731815	3	GAIN	2	1
JFCF_6_T_1_L	chr20	49120126	49298211	109	0.576923	0.175363	3	HET	2	1	1	NA	NA	2.26865971491376	0.579589066059173	2	NEUT	1	1
JFCF_6_T_1_L	chr20	49317620	49420116	64	0.569048	0.309937	5	GAIN	3	1	2	1	1	2.49815090702185	0.57122128401684	3	GAIN	2	1
JFCF_6_T_1_L	chr20	49421524	53419953	3521	0.571429	0.076999	3	HET	2	1	1	NA	NA	2.11395375122044	0.574085826169377	2	NEUT	1	1
JFCF_6_T_1_L	chr20	53430930	53438784	6	0.563937	0.745562	5	GAIN	3	1	2	1	1	3.40645722510178	0.565412819916159	3	GAIN	2	1
JFCF_6_T_1_L	chr20	53441234	62892853	7920	0.571429	0.009363	3	HET	2	1	1	NA	NA	2.01353404293026	0.574218328378537	2	NEUT	1	1
JFCF_6_T_1_L	chr21	15412891	15701813	33	0.592593	0.053043	3	HET	2	1	1	NA	NA	2.0778464476366	0.596096876232493	2	NEUT	1	1
JFCF_6_T_1_L	chr21	15768466	48097610	19424	1	-0.924697	1	DLOH	1	0	1	1	1	1.01637423945694	1	1	HETD	1	0
JFCF_6_T_1_L	chr22	17046497	17046631	18	0.674242	-0.531447	5	GAIN	3	1	2	1	1	1.35949214566534	0.684319671473148	3	GAIN	2	1
JFCF_6_T_1_L	chr22	17409897	18469599	948	0.571429	0.082497	3	HET	2	1	1	NA	NA	2.12232545842347	0.574075346075153	2	NEUT	1	1
JFCF_6_T_1_L	chr22	18470897	18509095	72	0.576923	0.299877	5	GAIN	3	1	2	1	1	2.48024536361531	0.579361628352853	3	GAIN	2	1
JFCF_6_T_1_L	chr22	18510145	25819901	5747	0.575758	0.10164	3	HET	2	1	1	NA	NA	2.15172435684908	0.578526381362454	2	NEUT	1	1
JFCF_6_T_1_L	chr22	25830001	25839181	23	0.565217	0.409992	5	GAIN	3	1	2	1	1	2.68320062752498	0.567128136567615	3	GAIN	2	1
JFCF_6_T_1_L	chr22	25840801	29972391	2544	0.571429	0.048713	3	HET	2	1	1	NA	NA	2.07138386133484	0.574140427732895	2	NEUT	1	1
JFCF_6_T_1_L	chr22	29972875	29999236	64	0.574176	0.28665	5	GAIN	3	1	2	1	1	2.45689215940494	0.57654989424444	3	GAIN	2	1
JFCF_6_T_1_L	chr22	30001447	51179770	16775	0.575758	0.006734	3	HET	2	1	1	NA	NA	2.00972499902717	0.578721984430468	2	NEUT	1	1
JFCF_6_T_1_L	chrX	2832070	2832141	6	1	-0.270265	2	NLOH	2	0	2	1	1	1.64490200384373	1	2	NEUT	2	0
JFCF_6_T_1_L	chrX	2832186	2833173	39	0.692308	-0.270265	3	HET	2	1	1	NA	NA	1.64490200384373	0.701500663723217	2	NEUT	1	1
JFCF_6_T_1_L	chrX	2833415	2835012	64	0.909091	-0.270265	2	NLOH	2	0	2	1	1	1.64490200384373	0.928646275886569	2	NEUT	2	0
JFCF_6_T_1_L	chrX	2835165	2835714	22	0.803828	-0.270265	3	HET	2	1	1	NA	NA	1.64490200384373	0.818351517657598	2	NEUT	1	1
JFCF_6_T_1_L	chrX	2835831	2925674	20	0.935417	-0.270265	2	NLOH	2	0	2	1	1	1.64490200384373	0.956230705412005	2	NEUT	2	0
JFCF_6_T_1_L	chrX	3195610	9357047	25	0.733333	-0.110033	3	HET	2	1	1	NA	NA	1.8473597439262	0.743264360373541	2	NEUT	1	1
JFCF_6_T_1_L	chrX	11891836	47348992	26	1	0.04827	2	NLOH	2	0	2	1	1	2.07072377063152	1	2	NEUT	2	0
JFCF_6_T_1_L	chrX	48996377	49471995	135	0.571429	0.270541	5	GAIN	3	1	2	1	1	2.42873823552691	0.573741479609758	2	HLAMP	2	1
JFCF_6_T_1_L	chrX	49722400	50358924	4	1	0.009158	2	NLOH	2	0	2	1	1	2.01323677774983	1	2	NEUT	2	0
JFCF_6_T_1_L	chrX	51010773	88459836	175	0.714286	-0.003595	3	HET	2	1	1	NA	NA	1.9948267865514	0.722732419722075	2	NEUT	1	1
JFCF_6_T_1_L	chrX	90606215	100439104	21	0.947368	0.158499	2	NLOH	2	0	2	1	1	2.24138144662003	0.963061983629401	2	NEUT	2	0
JFCF_6_T_1_L	chrX	100439848	118605217	61	0.666667	0.011918	3	HET	2	1	1	NA	NA	2.0172425282413	0.673163441837606	2	NEUT	1	1
JFCF_6_T_1_L	chrX	118641247	130274404	14	1	0.165251	4	ALOH	3	0	3	1	1	2.25226484565761	1	2	HLAMP	3	0
JFCF_6_T_1_L	chrX	130495219	140846091	37	0.761905	0.001318	3	HET	2	1	1	NA	NA	2.00189983680282	0.77219192319588	2	NEUT	1	1
JFCF_6_T_1_L	chrX	145131562	154871281	10	1	-0.02289	2	NLOH	2	0	2	1	1	1.96728043268506	1	2	NEUT	2	0
