Sample	Chromosome	Start_Position.bp.	End_Position.bp.	Length.snp.	Median_Ratio	Median_logR	TITAN_state	TITAN_call	Copy_Number	MinorCN	MajorCN	Clonal_Cluster	Cellular_Prevalence	logR_Copy_Number	Corrected_Ratio	Corrected_Copy_Number	Corrected_Call	Corrected_MajorCN	Corrected_MinorCN
JFCF_6_T_1_M	chr1	821038	2818633	646	0.647059	-0.30161	3	HET	2	1	1	NA	NA	1.53878974637019	0.689562597689257	2	NEUT	1	1
JFCF_6_T_1_M	chr1	2822146	2897474	87	0.666667	-0.475494	1	DLOH	1	0	1	1	1	1.31356500362803	0.723097177502241	1	HETD	1	0
JFCF_6_T_1_M	chr1	2904056	2978043	73	0.642857	-0.381455	3	HET	2	1	1	NA	NA	1.43199470990248	0.687225370574798	2	NEUT	1	1
JFCF_6_T_1_M	chr1	2991808	3119517	101	0.666667	-0.457937	1	DLOH	1	0	1	1	1	1.33509366709261	0.722187229136342	1	HETD	1	0
JFCF_6_T_1_M	chr1	3120632	3839728	388	0.666667	-0.301773	3	HET	2	1	1	NA	NA	1.5385656530772	0.714844798696603	2	NEUT	1	1
JFCF_6_T_1_M	chr1	4003702	4189941	134	0.666667	-0.431987	1	DLOH	1	0	1	1	1	1.36739762626125	0.72087559660122	1	HETD	1	0
JFCF_6_T_1_M	chr1	4190740	4292358	86	0.630682	-0.352199	3	HET	2	1	1	NA	NA	1.47044112966198	0.670207875474333	2	NEUT	1	1
JFCF_6_T_1_M	chr1	4313941	4369907	34	0.679487	-0.438994	1	DLOH	1	0	1	1	1	1.35861759047907	0.73824258205733	1	HETD	1	0
JFCF_6_T_1_M	chr1	4370581	4497875	160	0.666667	-0.370578	3	HET	2	1	1	NA	NA	1.44619762060602	0.717921894392925	2	NEUT	1	1
JFCF_6_T_1_M	chr1	4500436	4531049	61	0.642857	-0.46641	1	DLOH	1	0	1	1	1	1.32467123225184	0.690820049550112	1	HETD	1	0
JFCF_6_T_1_M	chr1	4532047	4933525	304	0.63961	-0.358238	3	HET	2	1	1	NA	NA	1.46244106738187	0.682067216700714	2	NEUT	1	1
JFCF_6_T_1_M	chr1	4935645	4957578	18	0.703297	-0.470739	1	DLOH	1	0	1	1	1	1.31936981223128	0.771826536487101	1	HETD	1	0
JFCF_6_T_1_M	chr1	4960911	4997570	53	0.625	-0.339303	3	HET	2	1	1	NA	NA	1.48763740907509	0.6623702746453	2	NEUT	1	1
JFCF_6_T_1_M	chr1	5000086	5057872	50	0.644958	-0.416014	1	DLOH	1	0	1	1	1	1.38757252139355	0.691420210180078	1	HETD	1	0
JFCF_6_T_1_M	chr1	5060476	5607951	497	0.6	-0.224531	3	HET	2	1	1	NA	NA	1.64764641936929	0.626992887743981	2	NEUT	1	1
JFCF_6_T_1_M	chr1	5610205	5619900	12	0.720779	-0.584924	1	DLOH	1	0	1	1	1	1.18512771255216	0.803631568370479	1	HETD	1	0
JFCF_6_T_1_M	chr1	5620187	5719471	112	0.651087	-0.314313	3	HET	2	1	1	NA	NA	1.52140127130869	0.695253876875039	2	NEUT	1	1
JFCF_6_T_1_M	chr1	5723376	5730699	91	0.769231	-0.564566	1	DLOH	1	0	1	1	1	1.20829006539936	0.868329533361677	1	HETD	1	0
JFCF_6_T_1_M	chr1	5730721	5731307	32	0.551724	-0.467713	3	HET	2	1	1	NA	NA	1.3230738665544	0.569110868889225	2	NEUT	1	1
JFCF_6_T_1_M	chr1	5731383	5749083	156	0.631579	-0.467713	1	DLOH	1	0	1	1	1	1.3230738665544	0.675808889830164	1	HETD	1	0
JFCF_6_T_1_M	chr1	5749226	5866891	95	0.642857	-0.32564	3	HET	2	1	1	NA	NA	1.50602493262355	0.685044397149808	2	NEUT	1	1
JFCF_6_T_1_M	chr1	5870534	5911001	25	0.733333	-0.411701	1	DLOH	1	0	1	1	1	1.39305851810897	0.807826807470943	1	HETD	1	0
JFCF_6_T_1_M	chr1	5934380	6308695	131	0.636364	-0.326556	3	HET	2	1	1	NA	NA	1.50478673591206	0.676667071504811	2	NEUT	1	1
JFCF_6_T_1_M	chr1	6312016	6399288	21	0.75	-0.500885	1	DLOH	1	0	1	1	1	1.28288996118497	0.836669036677797	1	HETD	1	0
JFCF_6_T_1_M	chr1	6415611	6799665	216	0.642857	-0.282815	3	HET	2	1	1	NA	NA	1.56479973237088	0.683459813660914	2	NEUT	1	1
JFCF_6_T_1_M	chr1	6803747	6829948	24	0.654762	-0.542092	1	DLOH	1	0	1	1	1	1.23424234945657	0.710528996783968	1	HETD	1	0
JFCF_6_T_1_M	chr1	6832052	7579538	513	0.681818	-0.273231	3	HET	2	1	1	NA	NA	1.57819384004723	0.733055732234857	2	NEUT	1	1
JFCF_6_T_1_M	chr1	7580769	7637979	54	0.666667	-0.409509	1	DLOH	1	0	1	1	1	1.39585296342251	0.719770520397818	1	HETD	1	0
JFCF_6_T_1_M	chr1	7644802	10877504	1361	0.666667	-0.294143	3	HET	2	1	1	NA	NA	1.54908261238266	0.714517712236353	2	NEUT	1	1
JFCF_6_T_1_M	chr1	10880243	10912430	39	0.727273	-0.46235	1	DLOH	1	0	1	1	1	1.3296577034202	0.803291860983902	1	HETD	1	0
JFCF_6_T_1_M	chr1	10917962	13187866	741	0.636364	-0.310545	3	HET	2	1	1	NA	NA	1.52654312792415	0.676092669506655	2	NEUT	1	1
JFCF_6_T_1_M	chr1	13187904	14228227	174	0.642857	-0.42542	1	DLOH	1	0	1	1	1	1.37566512663622	0.689042129447499	1	HETD	1	0
JFCF_6_T_1_M	chr1	14231834	14461676	138	0.642857	-0.316981	3	HET	2	1	1	NA	NA	1.51776859989059	0.684717974034305	2	NEUT	1	1
JFCF_6_T_1_M	chr1	14463740	14586955	81	0.666667	-0.432915	1	DLOH	1	0	1	1	1	1.36623235588503	0.720921831541772	1	HETD	1	0
JFCF_6_T_1_M	chr1	14590918	14813830	131	0.666667	-0.344313	3	HET	2	1	1	NA	NA	1.48093851781525	0.716719521035656	2	NEUT	1	1
JFCF_6_T_1_M	chr1	14815110	14927796	93	0.692308	-0.412667	1	DLOH	1	0	1	1	1	1.39182837161946	0.753758445198369	1	HETD	1	0
JFCF_6_T_1_M	chr1	14929423	17230486	1486	0.653454	-0.272528	3	HET	2	1	1	NA	NA	1.57917982402887	0.696671535180357	2	NEUT	1	1
JFCF_6_T_1_M	chr1	17230975	17231567	43	0.823529	-0.378367	1	DLOH	1	0	1	1	1	1.43601606304078	0.923728899279116	1	HETD	1	0
JFCF_6_T_1_M	chr1	17231595	17629045	439	0.652174	-0.23729	3	HET	2	1	1	NA	NA	1.62922315811424	0.693714646324635	2	NEUT	1	1
JFCF_6_T_1_M	chr1	17630115	17868769	119	0.647059	-0.415211	1	DLOH	1	0	1	1	1	1.38859266935632	0.694159997831416	1	HETD	1	0
JFCF_6_T_1_M	chr1	17871367	18357983	237	0.642857	-0.316203	3	HET	2	1	1	NA	NA	1.5188272083464	0.68468879732425	2	NEUT	1	1
JFCF_6_T_1_M	chr1	18359580	18370015	20	0.757353	-0.505096	1	DLOH	1	0	1	1	1	1.27785461177361	0.846922707929	1	HETD	1	0
JFCF_6_T_1_M	chr1	18372532	18595155	170	0.642857	-0.343517	3	HET	2	1	1	NA	NA	1.48200129882856	0.68572826603757	2	NEUT	1	1
JFCF_6_T_1_M	chr1	18595859	18690508	104	0.7	-0.371316	1	DLOH	1	0	1	1	1	1.44523056902885	0.761546905791915	1	HETD	1	0
JFCF_6_T_1_M	chr1	18690998	26599542	3883	0.636364	-0.223498	3	HET	2	1	1	NA	NA	1.64914515382445	0.67313912999769	2	NEUT	1	1
JFCF_6_T_1_M	chr1	26601570	26609093	9	0.625	-1.209947	1	DLOH	1	0	1	1	1	0.61207902722425	0.715827190733642	1	HETD	1	0
JFCF_6_T_1_M	chr1	26610030	53259930	13264	0.583333	0.073104	3	HET	2	1	1	NA	NA	2.12707212594306	0.600757012252346	2	NEUT	1	1
JFCF_6_T_1_M	chr1	53260537	53266749	3	0.529412	1.37563	15	BCNA	6	3	3	1	1	5.89891233850023	0.531629512019243	6	HLAMP	3	3
JFCF_6_T_1_M	chr1	53270010	85925108	19930	0.578947	0.089461	3	HET	2	1	1	NA	NA	2.15639684737247	0.595229470898974	2	NEUT	1	1
JFCF_6_T_1_M	chr1	85926904	85959529	43	0.571429	0.356491	5	GAIN	3	1	2	1	1	2.68528241989621	0.58325936023077	3	GAIN	2	1
JFCF_6_T_1_M	chr1	85960156	98128050	6846	0.583333	0.136807	3	HET	2	1	1	NA	NA	2.24317670933367	0.599855162801461	2	NEUT	1	1
JFCF_6_T_1_M	chr1	98130138	98736226	99	0.583333	0.308524	5	GAIN	3	1	2	1	1	2.58292561122611	0.597681895927538	3	GAIN	2	1
JFCF_6_T_1_M	chr1	98740356	110367095	6677	0.578947	0.10292	3	HET	2	1	1	NA	NA	2.18077664176211	0.595047442494474	2	NEUT	1	1
JFCF_6_T_1_M	chr1	110370456	110379315	29	0.555556	0.438714	5	GAIN	3	1	2	1	1	2.86885246641141	0.564168636577478	3	GAIN	2	1
JFCF_6_T_1_M	chr1	110390086	145119567	6943	0.588235	0.093879	3	HET	2	1	1	NA	NA	2.16437460330778	0.606366002935412	2	NEUT	1	1
JFCF_6_T_1_M	chr1	145397947	215379360	20608	1	-0.80051	1	DLOH	1	0	1	1	1	0.958894997957248	1	1	HETD	1	0
JFCF_6_T_1_M	chr1	215387063	215389609	3	1	1.464903	12	ALOH	6	0	6	1	1	6.30385327164752	1	6	HLAMP	6	0
JFCF_6_T_1_M	chr1	215392903	243036667	9839	1	-0.824188	1	DLOH	1	0	1	1	1	0.936045959986047	1	1	HETD	1	0
JFCF_6_T_1_M	chr1	243380376	249209648	4215	0.583333	0.134083	3	HET	2	1	1	NA	NA	2.23810633970647	0.599892593316248	2	NEUT	1	1
JFCF_6_T_1_M	chr2	11594	89269227	55186	0.588235	-0.090911	3	HET	2	1	1	NA	NA	1.85069846824932	0.609439038885397	2	NEUT	1	1
JFCF_6_T_1_M	chr2	89850016	89868463	78	0.732051	-0.894359	1	DLOH	1	0	1	1	1	0.87049292235461	0.850609191908054	1	HETD	1	0
JFCF_6_T_1_M	chr2	89870780	101850706	1630	0.588235	0.015719	3	HET	2	1	1	NA	NA	2.0267825825511	0.607596860825008	2	NEUT	1	1
JFCF_6_T_1_M	chr2	101850761	101850961	14	0.86039	0.104109	2	NLOH	2	0	2	1	1	2.18294136451134	0.933815012460223	2	NEUT	2	0
JFCF_6_T_1_M	chr2	101852149	133033704	19237	0.588235	-0.030448	3	HET	2	1	1	NA	NA	1.94894439872524	0.6083701471656	2	NEUT	1	1
JFCF_6_T_1_M	chr2	133033919	133034130	18	1	-0.145199	2	NLOH	2	0	2	1	1	1.76592678362292	1	2	NEUT	2	0
JFCF_6_T_1_M	chr2	133034140	133037077	145	0.571429	-0.145199	3	HET	2	1	1	NA	NA	1.76592678362292	0.589418340579314	2	NEUT	1	1
JFCF_6_T_1_M	chr2	133037078	133037537	43	1	-0.145199	2	NLOH	2	0	2	1	1	1.76592678362292	1	2	NEUT	2	0
JFCF_6_T_1_M	chr2	133037568	162101261	17673	0.583333	-0.027633	3	HET	2	1	1	NA	NA	1.95361955197334	0.602304007301099	2	NEUT	1	1
JFCF_6_T_1_M	chr2	162135135	162139126	28	0.719697	-1.333014	1	DLOH	1	0	1	1	1	0.525666052146359	0.90557481691827	1	HETD	1	0
JFCF_6_T_1_M	chr2	162176035	213049435	25920	0.583333	-0.07977	3	HET	2	1	1	NA	NA	1.86849333120965	0.603168302682115	2	NEUT	1	1
JFCF_6_T_1_M	chr2	213052052	213057810	4	0.748252	1.123482	10	ASCNA	5	1	4	1	1	4.88167702776867	0.770869108445821	5	HLAMP	4	1
JFCF_6_T_1_M	chr2	213061726	242999159	19639	0.588235	-0.144743	3	HET	2	1	1	NA	NA	1.7666256331406	0.61044812854843	2	NEUT	1	1
JFCF_6_T_1_M	chr3	65982	6654288	6319	0.583333	0.08461	3	HET	2	1	1	NA	NA	2.14766529988691	0.600589939796908	2	NEUT	1	1
JFCF_6_T_1_M	chr3	6656173	6826875	251	0.62963	0.411964	5	GAIN	3	1	2	1	1	2.80797882949062	0.650161707065363	3	GAIN	2	1
JFCF_6_T_1_M	chr3	6845968	8429631	1618	0.578947	0.152955	3	HET	2	1	1	NA	NA	2.27343148794881	0.59439126084538	2	NEUT	1	1
JFCF_6_T_1_M	chr3	8440532	8624169	277	0.578947	0.281316	5	GAIN	3	1	2	1	1	2.52636133088281	0.592845039241169	3	GAIN	2	1
JFCF_6_T_1_M	chr3	8624872	8669915	46	0.572082	0.155682	3	HET	2	1	1	NA	NA	2.27857428214109	0.586151446240351	2	NEUT	1	1
JFCF_6_T_1_M	chr3	8670161	8929855	294	0.590909	0.322386	5	GAIN	3	1	2	1	1	2.61215693122304	0.606387218866655	3	GAIN	2	1
JFCF_6_T_1_M	chr3	8931038	8958872	64	0.581989	0.233971	3	HET	2	1	1	NA	NA	2.43044082171542	0.596992200251579	2	NEUT	1	1
JFCF_6_T_1_M	chr3	8970083	9032897	100	0.571429	0.326035	5	GAIN	3	1	2	1	1	2.61989852732457	0.583554606399408	3	GAIN	2	1
JFCF_6_T_1_M	chr3	9040081	9179971	161	0.571429	0.217132	3	HET	2	1	1	NA	NA	2.39707698600114	0.584681748465839	2	NEUT	1	1
JFCF_6_T_1_M	chr3	9181403	9322660	119	0.571429	0.297342	5	GAIN	3	1	2	1	1	2.55954951752175	0.583840503716281	3	GAIN	2	1
JFCF_6_T_1_M	chr3	9333095	9919339	263	0.6	0.213984	3	HET	2	1	1	NA	NA	2.39088280804277	0.61860180460966	2	NEUT	1	1
JFCF_6_T_1_M	chr3	9921616	10219729	152	0.606431	0.25828	5	GAIN	3	1	2	1	1	2.47929737600492	0.625523064346726	3	GAIN	2	1
JFCF_6_T_1_M	chr3	10222955	11059847	555	0.588235	0.242846	3	HET	2	1	1	NA	NA	2.44818257767013	0.604264148578963	2	NEUT	1	1
JFCF_6_T_1_M	chr3	11060622	11729072	653	0.588235	0.306739	5	GAIN	3	1	2	1	1	2.57918188568759	0.60345001159095	3	GAIN	2	1
JFCF_6_T_1_M	chr3	11730846	12305587	537	0.583333	0.083906	3	HET	2	1	1	NA	NA	2.14640057433295	0.60060010811917	2	NEUT	1	1
JFCF_6_T_1_M	chr3	12310773	12709606	344	0.608696	0.352556	5	GAIN	3	1	2	1	1	2.6767567890556	0.626756011271526	3	GAIN	2	1
JFCF_6_T_1_M	chr3	12710016	12739475	41	0.576923	0.161597	3	HET	2	1	1	NA	NA	2.28976272751809	0.591863980508451	2	NEUT	1	1
JFCF_6_T_1_M	chr3	12740027	15843274	2330	0.6	0.352822	5	GAIN	3	1	2	1	1	2.67733237615319	0.616611585186785	3	GAIN	2	1
JFCF_6_T_1_M	chr3	15847941	22586160	4596	0.588235	0.068132	3	HET	2	1	1	NA	NA	2.1182240484841	0.606761030008009	2	NEUT	1	1
JFCF_6_T_1_M	chr3	22590938	22678927	110	0.603571	0.249731	5	GAIN	3	1	2	1	1	2.46202155594697	0.622280392494827	3	GAIN	2	1
JFCF_6_T_1_M	chr3	22680505	22719966	101	0.611111	0.171155	3	HET	2	1	1	NA	NA	2.30793927652843	0.632522448355864	2	NEUT	1	1
JFCF_6_T_1_M	chr3	22720032	24949327	1584	0.6	0.348778	5	GAIN	3	1	2	1	1	2.66859316854828	0.616665985420326	3	GAIN	2	1
JFCF_6_T_1_M	chr3	24950387	24997330	55	0.611111	0.101576	3	HET	2	1	1	NA	NA	2.17833186930457	0.633796396713052	2	NEUT	1	1
JFCF_6_T_1_M	chr3	25003280	30889582	4840	0.621156	0.493379	5	GAIN	3	1	2	1	1	2.99681674511233	0.639136348591684	3	GAIN	2	1
JFCF_6_T_1_M	chr3	30890550	32409940	767	0.583333	0.176937	3	HET	2	1	1	NA	NA	2.3189935674365	0.599314989473574	2	NEUT	1	1
JFCF_6_T_1_M	chr3	32411030	32427326	27	0.566667	0.38321	5	GAIN	3	1	2	1	1	2.74379132160788	0.577473204991668	3	GAIN	2	1
JFCF_6_T_1_M	chr3	32431066	33129985	462	0.586207	0.162435	3	HET	2	1	1	NA	NA	2.29135154915431	0.602939628686988	2	NEUT	1	1
JFCF_6_T_1_M	chr3	33132144	33909611	230	0.588235	0.318018	5	GAIN	3	1	2	1	1	2.60291564020077	0.603311278954195	3	GAIN	2	1
JFCF_6_T_1_M	chr3	33911416	37043009	1889	0.578947	0.190737	3	HET	2	1	1	NA	NA	2.34555678248526	0.593916353620499	2	NEUT	1	1
JFCF_6_T_1_M	chr3	37089130	37407664	87	0.571429	0.294981	5	GAIN	3	1	2	1	1	2.55463694499192	0.583864371065545	3	GAIN	2	1
JFCF_6_T_1_M	chr3	37409312	37727660	216	0.583333	0.221768	3	HET	2	1	1	NA	NA	2.40622367876635	0.598735612446677	2	NEUT	1	1
JFCF_6_T_1_M	chr3	37729404	38561838	244	0.588235	0.302724	5	GAIN	3	1	2	1	1	2.57077803250255	0.603499749344269	3	GAIN	2	1
JFCF_6_T_1_M	chr3	38605732	38998552	190	0.591751	0.192836	3	HET	2	1	1	NA	NA	2.34961939508365	0.609118074024097	2	NEUT	1	1
JFCF_6_T_1_M	chr3	39000835	39157441	149	0.571429	0.325129	5	GAIN	3	1	2	1	1	2.61797456041784	0.583563517588152	3	GAIN	2	1
JFCF_6_T_1_M	chr3	39160441	41519139	1003	0.578947	0.195495	3	HET	2	1	1	NA	NA	2.35477438100142	0.593857757139735	2	NEUT	1	1
JFCF_6_T_1_M	chr3	41522811	41529946	38	0.596875	0.387533	5	GAIN	3	1	2	1	1	2.75336002788924	0.612523116824407	3	GAIN	2	1
JFCF_6_T_1_M	chr3	41540355	42649575	726	0.590909	0.171976	3	HET	2	1	1	NA	NA	2.30950620426979	0.608415572019928	2	NEUT	1	1
JFCF_6_T_1_M	chr3	42660567	43458926	237	0.6	0.275798	5	GAIN	3	1	2	1	1	2.51501918005661	0.61768365632854	3	GAIN	2	1
JFCF_6_T_1_M	chr3	43463613	43599924	94	0.5625	0.22317	3	HET	2	1	1	NA	NA	2.40899557722919	0.574038713286826	2	NEUT	1	1
JFCF_6_T_1_M	chr3	43621472	43901152	146	0.590909	0.324788	5	GAIN	3	1	2	1	1	2.61725073124842	0.606357094526364	3	GAIN	2	1
JFCF_6_T_1_M	chr3	43905515	44762112	113	0.583333	0.177625	3	HET	2	1	1	NA	NA	2.32031186905667	0.599305909193075	2	NEUT	1	1
JFCF_6_T_1_M	chr3	44913713	45307445	378	0.583333	0.282607	5	GAIN	3	1	2	1	1	2.52902122635805	0.59798773298436	3	GAIN	2	1
JFCF_6_T_1_M	chr3	45310542	45738107	414	0.583333	0.229672	3	HET	2	1	1	NA	NA	2.42188597414464	0.598636004014112	2	NEUT	1	1
JFCF_6_T_1_M	chr3	45749183	46108389	274	0.6	0.287412	5	GAIN	3	1	2	1	1	2.53894208921433	0.617517033975978	3	GAIN	2	1
JFCF_6_T_1_M	chr3	46112185	46360359	184	0.578947	0.237743	3	HET	2	1	1	NA	NA	2.43796798408307	0.593348940117023	2	NEUT	1	1
JFCF_6_T_1_M	chr3	46365783	46479830	125	0.6	0.296772	5	GAIN	3	1	2	1	1	2.55836277263077	0.617384061133001	3	GAIN	2	1
JFCF_6_T_1_M	chr3	46480387	47673258	344	0.583333	0.241808	3	HET	2	1	1	NA	NA	2.44610190145116	0.598484507286785	2	NEUT	1	1
JFCF_6_T_1_M	chr3	47678035	47774348	56	0.571429	0.293064	5	GAIN	3	1	2	1	1	2.55065412038606	0.583883788791166	3	GAIN	2	1
JFCF_6_T_1_M	chr3	47781166	50181135	888	0.591751	0.213004	3	HET	2	1	1	NA	NA	2.38895726324584	0.608832098348084	2	NEUT	1	1
JFCF_6_T_1_M	chr3	50190346	50337032	48	0.56125	0.310771	5	GAIN	3	1	2	1	1	2.58764489124168	0.571777246293177	3	GAIN	2	1
JFCF_6_T_1_M	chr3	50352458	51846733	114	0.578947	0.207177	3	HET	2	1	1	NA	NA	2.37753510164176	0.593715012842265	2	NEUT	1	1
JFCF_6_T_1_M	chr3	51874679	52575831	142	0.583333	0.287665	5	GAIN	3	1	2	1	1	2.53946537348428	0.597927461956851	3	GAIN	2	1
JFCF_6_T_1_M	chr3	52580173	52678494	111	0.583333	0.209392	3	HET	2	1	1	NA	NA	2.38187153922921	0.598893088012156	2	NEUT	1	1
JFCF_6_T_1_M	chr3	52680823	52767427	80	0.609903	0.279603	5	GAIN	3	1	2	1	1	2.52283564549794	0.629277654039877	3	GAIN	2	1
JFCF_6_T_1_M	chr3	52770239	52878600	108	0.6	0.184868	3	HET	2	1	1	NA	NA	2.33422865730368	0.619053289702638	2	NEUT	1	1
JFCF_6_T_1_M	chr3	52880128	53009595	146	0.576923	0.309166	5	GAIN	3	1	2	1	1	2.58427322699906	0.590161267503375	3	GAIN	2	1
JFCF_6_T_1_M	chr3	53010271	55050000	1231	0.588235	0.156359	3	HET	2	1	1	NA	NA	2.27985252968791	0.605447640631311	2	NEUT	1	1
JFCF_6_T_1_M	chr3	55050275	55119276	95	0.590909	0.311076	5	GAIN	3	1	2	1	1	2.58828603672158	0.606529969290833	3	GAIN	2	1
JFCF_6_T_1_M	chr3	55120905	55209168	79	0.583333	0.173205	3	HET	2	1	1	NA	NA	2.31185349161988	0.599364349269494	2	NEUT	1	1
JFCF_6_T_1_M	chr3	55210985	55449471	127	0.590909	0.281886	5	GAIN	3	1	2	1	1	2.52753542970156	0.606905427278685	3	GAIN	2	1
JFCF_6_T_1_M	chr3	55452238	55471649	43	0.583333	0.180543	3	HET	2	1	1	NA	NA	2.32591014707236	0.599267463689712	2	NEUT	1	1
JFCF_6_T_1_M	chr3	55472381	55538653	81	0.571429	0.279521	5	GAIN	3	1	2	1	1	2.52266697860494	0.584021965547237	3	GAIN	2	1
JFCF_6_T_1_M	chr3	55542177	55816930	282	0.58114	0.214237	3	HET	2	1	1	NA	NA	2.39138012543699	0.596230365377368	2	NEUT	1	1
JFCF_6_T_1_M	chr3	55833006	55934301	69	0.592593	0.309316	5	GAIN	3	1	2	1	1	2.58458817693253	0.608526095878778	3	GAIN	2	1
JFCF_6_T_1_M	chr3	56016962	56920909	400	0.589572	0.21892	3	HET	2	1	1	NA	NA	2.40060117631244	0.606166555515425	2	NEUT	1	1
JFCF_6_T_1_M	chr3	56925925	57050225	158	0.590909	0.274633	5	GAIN	3	1	2	1	1	2.51263008459807	0.607000320781104	3	GAIN	2	1
JFCF_6_T_1_M	chr3	57051060	57989169	238	0.588235	0.216794	3	HET	2	1	1	NA	NA	2.39641127073386	0.604610437206939	2	NEUT	1	1
JFCF_6_T_1_M	chr3	57990620	58019995	37	0.6	0.384199	5	GAIN	3	1	2	1	1	2.74597788618867	0.61619631937442	3	GAIN	2	1
JFCF_6_T_1_M	chr3	58020600	58568505	199	0.590909	0.245343	3	HET	2	1	1	NA	NA	2.45319396311915	0.607390182207098	2	NEUT	1	1
JFCF_6_T_1_M	chr3	58573534	58656551	145	0.588235	0.310553	5	GAIN	3	1	2	1	1	2.58718671293871	0.603402935924242	3	GAIN	2	1
JFCF_6_T_1_M	chr3	58676810	63599888	3120	0.578947	0.144359	3	HET	2	1	1	NA	NA	2.25728393526731	0.594501741858305	2	NEUT	1	1
JFCF_6_T_1_M	chr3	63601523	63959465	320	0.571429	0.317692	5	GAIN	3	1	2	1	1	2.60222704984614	0.583636950244236	3	GAIN	2	1
JFCF_6_T_1_M	chr3	63962339	64060663	87	0.578947	0.173241	3	HET	2	1	1	NA	NA	2.31192227876172	0.594134132040091	2	NEUT	1	1
JFCF_6_T_1_M	chr3	64082280	64218287	200	0.589572	0.2768	5	GAIN	3	1	2	1	1	2.51707555101514	0.605398664191564	3	GAIN	2	1
JFCF_6_T_1_M	chr3	64222735	65832202	1170	0.587221	0.147764	3	HET	2	1	1	NA	NA	2.2636687096391	0.604357477749349	2	NEUT	1	1
JFCF_6_T_1_M	chr3	65870800	66045121	96	0.571429	0.293728	5	GAIN	3	1	2	1	1	2.55203307040333	0.583877059046392	3	GAIN	2	1
JFCF_6_T_1_M	chr3	66048651	67348748	838	0.583333	0.189645	3	HET	2	1	1	NA	NA	2.3434455537444	0.599148230153241	2	NEUT	1	1
JFCF_6_T_1_M	chr3	67352063	68099936	257	0.586207	0.278114	5	GAIN	3	1	2	1	1	2.51977439453405	0.601422780724862	3	GAIN	2	1
JFCF_6_T_1_M	chr3	68100145	69076210	608	0.586207	0.18633	3	HET	2	1	1	NA	NA	2.33704624668681	0.602612466822793	2	NEUT	1	1
JFCF_6_T_1_M	chr3	69080722	69108316	37	0.578947	0.375946	5	GAIN	3	1	2	1	1	2.72777731133525	0.591818823798841	3	GAIN	2	1
JFCF_6_T_1_M	chr3	69111488	69589133	386	0.590909	0.219557	3	HET	2	1	1	NA	NA	2.40185777396874	0.6077424433178	2	NEUT	1	1
JFCF_6_T_1_M	chr3	69590125	70039943	481	0.583333	0.291732	5	GAIN	3	1	2	1	1	2.54788982624197	0.597879206198689	3	GAIN	2	1
JFCF_6_T_1_M	chr3	70040793	70259534	116	0.58114	0.225209	3	HET	2	1	1	NA	NA	2.41303170095541	0.596094963017987	2	NEUT	1	1
JFCF_6_T_1_M	chr3	70323789	70549657	170	0.588235	0.284421	5	GAIN	3	1	2	1	1	2.53276270244918	0.603728864564555	3	GAIN	2	1
JFCF_6_T_1_M	chr3	70552283	70807661	187	0.583333	0.198118	3	HET	2	1	1	NA	NA	2.35986889142373	0.599038165197418	2	NEUT	1	1
JFCF_6_T_1_M	chr3	70812963	71129879	105	0.6	0.298248	5	GAIN	3	1	2	1	1	2.56143678248413	0.617363198320544	3	GAIN	2	1
JFCF_6_T_1_M	chr3	71130199	75276525	2999	0.586207	0.157344	3	HET	2	1	1	NA	NA	2.281713385358	0.603010308824582	2	NEUT	1	1
JFCF_6_T_1_M	chr3	75276577	75279188	28	0.8775	0.011823	2	NLOH	2	0	2	1	1	2.02011721644023	0.960610090173938	2	NEUT	2	0
JFCF_6_T_1_M	chr3	75280809	76353902	836	0.61471	0.188488	3	HET	2	1	1	NA	NA	2.34121039947631	0.63650085158094	2	NEUT	1	1
JFCF_6_T_1_M	chr3	76380182	76668979	171	0.586207	0.303871	5	GAIN	3	1	2	1	1	2.57317644853862	0.601107002168575	3	GAIN	2	1
JFCF_6_T_1_M	chr3	76670453	77835381	1225	0.583333	0.160111	3	HET	2	1	1	NA	NA	2.2869475865154	0.599538937994638	2	NEUT	1	1
JFCF_6_T_1_M	chr3	77835427	77835540	12	0.895276	0.158307	2	NLOH	2	0	2	1	1	2.28353390743371	0.972261041611649	2	NEUT	2	0
JFCF_6_T_1_M	chr3	77835572	81618033	2541	0.588235	0.188614	3	HET	2	1	1	NA	NA	2.34145372602532	0.604994794075674	2	NEUT	1	1
JFCF_6_T_1_M	chr3	81620523	82064577	313	0.571429	0.277145	5	GAIN	3	1	2	1	1	2.51778391353043	0.584046388719503	3	GAIN	2	1
JFCF_6_T_1_M	chr3	82072715	84557160	1768	0.588235	0.195709	3	HET	2	1	1	NA	NA	2.35518967464868	0.604897047523522	2	NEUT	1	1
JFCF_6_T_1_M	chr3	84559006	84579911	44	0.613248	0.396265	5	GAIN	3	1	2	1	1	2.77277546573797	0.631412740828728	3	GAIN	2	1
JFCF_6_T_1_M	chr3	84580988	85599081	950	0.578947	0.189623	3	HET	2	1	1	NA	NA	2.34340303625151	0.593930111471148	2	NEUT	1	1
JFCF_6_T_1_M	chr3	85599378	85609879	76	0.565217	0.381164	5	GAIN	3	1	2	1	1	2.73927260753668	0.575805609450799	3	GAIN	2	1
JFCF_6_T_1_M	chr3	85610083	98749944	5724	0.578947	0.111935	3	HET	2	1	1	NA	NA	2.1972341765696	0.594926848342246	2	NEUT	1	1
JFCF_6_T_1_M	chr3	98760056	98799867	80	0.571429	0.320155	5	GAIN	3	1	2	1	1	2.607433352958	0.583612574438321	3	GAIN	2	1
JFCF_6_T_1_M	chr3	98800506	111665274	7341	0.578947	0.142813	3	HET	2	1	1	NA	NA	2.25438997444055	0.594521709483303	2	NEUT	1	1
JFCF_6_T_1_M	chr3	111673909	111698898	55	0.571429	0.357268	5	GAIN	3	1	2	1	1	2.68696863083835	0.583251936071574	3	GAIN	2	1
JFCF_6_T_1_M	chr3	111700322	197794027	50691	0.588235	-0.022826	3	HET	2	1	1	NA	NA	1.96162413901621	0.608239995608172	2	NEUT	1	1
JFCF_6_T_1_M	chr4	40094	68603	96	0.725229	-0.777664	1	DLOH	1	0	1	1	1	0.98129950015614	0.827307927500127	1	HETD	1	0
JFCF_6_T_1_M	chr4	72048	5308759	4728	0.583333	0.032738	3	HET	2	1	1	NA	NA	2.05611105924596	0.601358354524209	2	NEUT	1	1
JFCF_6_T_1_M	chr4	5310171	5319745	17	0.565217	0.541158	5	GAIN	3	1	2	1	1	3.11270240068476	0.574535297764057	3	GAIN	2	1
JFCF_6_T_1_M	chr4	5320018	10586384	5071	0.583333	0.063569	3	HET	2	1	1	NA	NA	2.11013060999612	0.600896903678988	2	NEUT	1	1
JFCF_6_T_1_M	chr4	10591448	10599012	15	0.625	-0.730014	1	DLOH	1	0	1	1	1	1.02918609310551	0.679016876949832	1	HETD	1	0
JFCF_6_T_1_M	chr4	10601134	33974339	16667	0.580645	0.040653	3	HET	2	1	1	NA	NA	2.06986912418026	0.59797297957734	2	NEUT	1	1
JFCF_6_T_1_M	chr4	34007346	34009108	24	0.854497	0.179505	2	NLOH	2	0	2	1	1	2.3239174126097	0.922340030870887	2	NEUT	2	0
JFCF_6_T_1_M	chr4	34026732	68259065	18292	0.583333	0.052994	3	HET	2	1	1	NA	NA	2.09147174283539	0.601053598382941	2	NEUT	1	1
JFCF_6_T_1_M	chr4	68260976	68268266	34	0.660031	0.581766	5	GAIN	3	1	2	1	1	3.21425762860477	0.682174017497445	3	GAIN	2	1
JFCF_6_T_1_M	chr4	68280971	110889007	21169	0.590909	-0.054905	3	HET	2	1	1	NA	NA	1.90870783148351	0.612091674492458	2	NEUT	1	1
JFCF_6_T_1_M	chr4	110894449	111409705	260	0.583333	-0.511281	1	DLOH	1	0	1	1	1	1.2704854260952	0.612504630010716	1	HETD	1	0
JFCF_6_T_1_M	chr4	111414399	111485994	49	0.588235	-0.340923	3	HET	2	1	1	NA	NA	1.48546875507688	0.614652440388285	2	NEUT	1	1
JFCF_6_T_1_M	chr4	111493220	112199699	287	0.6	-0.517221	1	DLOH	1	0	1	1	1	1.26343782652761	0.635201364013329	1	HETD	1	0
JFCF_6_T_1_M	chr4	112200328	112799945	102	0.583333	-0.362275	3	HET	2	1	1	NA	NA	1.4571117654824	0.608768338360463	2	NEUT	1	1
JFCF_6_T_1_M	chr4	112801865	112849012	32	0.6125	-0.607201	1	DLOH	1	0	1	1	1	1.16015373181368	0.655627109212125	1	HETD	1	0
JFCF_6_T_1_M	chr4	112851332	112918774	46	0.6	-0.333067	3	HET	2	1	1	NA	NA	1.4960081542333	0.629728938785498	2	NEUT	1	1
JFCF_6_T_1_M	chr4	112921066	113055291	72	0.6	-0.478321	1	DLOH	1	0	1	1	1	1.31012291649298	0.63394699404149	1	HETD	1	0
JFCF_6_T_1_M	chr4	113058401	113269731	121	0.583333	-0.413229	3	HET	2	1	1	NA	NA	1.39111307523729	0.609975069177399	2	NEUT	1	1
JFCF_6_T_1_M	chr4	113277168	113294328	14	0.666667	-0.557392	1	DLOH	1	0	1	1	1	1.21653049320077	0.727598235780563	1	HETD	1	0
JFCF_6_T_1_M	chr4	113302357	113359883	73	0.611111	-0.358318	3	HET	2	1	1	NA	NA	1.46233531333216	0.644903743823751	2	NEUT	1	1
JFCF_6_T_1_M	chr4	113360369	114008386	233	0.6	-0.48176	1	DLOH	1	0	1	1	1	1.30594475585013	0.63405560200045	1	HETD	1	0
JFCF_6_T_1_M	chr4	114010341	115435633	864	0.588235	-0.340482	3	HET	2	1	1	NA	NA	1.48605886968264	0.614641950011532	2	NEUT	1	1
JFCF_6_T_1_M	chr4	115437617	115500636	80	0.6	-0.477315	1	DLOH	1	0	1	1	1	1.31134702490911	0.633915305403533	1	HETD	1	0
JFCF_6_T_1_M	chr4	115503324	115569030	28	0.541958	-0.402747	3	HET	2	1	1	NA	NA	1.40450021907082	0.555244369763923	2	NEUT	1	1
JFCF_6_T_1_M	chr4	115571345	115819310	113	0.583333	-0.454605	1	DLOH	1	0	1	1	1	1.33920907868819	0.611007641229553	1	HETD	1	0
JFCF_6_T_1_M	chr4	115822385	125968933	5281	0.636364	-0.05926	3	HET	2	1	1	NA	NA	1.9016142718461	0.66825665473806	2	NEUT	1	1
JFCF_6_T_1_M	chr4	125970061	126009714	61	0.7	0.258116	5	GAIN	3	1	2	1	1	2.47896500078637	0.735881696454528	3	GAIN	2	1
JFCF_6_T_1_M	chr4	126010084	137509776	6406	0.615385	-0.250909	3	HET	2	1	1	NA	NA	1.60973705457625	0.647264226889276	2	NEUT	1	1
JFCF_6_T_1_M	chr4	137510939	137518366	18	0.585784	-0.5937	1	DLOH	1	0	1	1	1	1.17524317990476	0.618247244362815	1	HETD	1	0
JFCF_6_T_1_M	chr4	137520302	151408045	6242	0.615385	-0.278982	3	HET	2	1	1	NA	NA	1.57014586240063	0.64806806086955	2	NEUT	1	1
JFCF_6_T_1_M	chr4	151411626	151419684	11	0.653846	2.326712	23	UBCNA	8	3	5	1	1	11.8195899751629	0.659634914903599	12	HLAMP	8	4
JFCF_6_T_1_M	chr4	151430475	155429635	1861	0.608696	-0.301387	3	HET	2	1	1	NA	NA	1.53909636900848	0.640105506743636	2	NEUT	1	1
JFCF_6_T_1_M	chr4	155431151	155449832	31	0.6	-0.513364	1	DLOH	1	0	1	1	1	1.2680107160994	0.635074415598488	1	HETD	1	0
JFCF_6_T_1_M	chr4	155450158	155538800	86	0.615385	-0.291348	3	HET	2	1	1	NA	NA	1.55294909576834	0.64842998063378	2	NEUT	1	1
JFCF_6_T_1_M	chr4	155542248	157568858	1163	0.6875	-0.484791	1	DLOH	1	0	1	1	1	1.30227053684398	0.751534411794904	1	HETD	1	0
JFCF_6_T_1_M	chr4	157570144	158148178	377	0.6875	-0.288282	3	HET	2	1	1	NA	NA	1.55719909321231	0.741051359096039	2	NEUT	1	1
JFCF_6_T_1_M	chr4	158171716	162886100	2665	0.681818	-0.496148	1	DLOH	1	0	1	1	1	1.28857187451409	0.744572026368559	1	HETD	1	0
JFCF_6_T_1_M	chr4	162886447	162910176	30	0.625	-0.230437	3	HET	2	1	1	NA	NA	1.63909823888547	0.658917075396018	2	NEUT	1	1
JFCF_6_T_1_M	chr4	162910885	169067538	3610	0.666667	-0.485496	1	DLOH	1	0	1	1	1	1.30141703233378	0.723623920398173	1	HETD	1	0
JFCF_6_T_1_M	chr4	169072888	169419648	194	0.674242	-0.342256	3	HET	2	1	1	NA	NA	1.48368612625515	0.72647249950273	2	NEUT	1	1
JFCF_6_T_1_M	chr4	169461271	177049880	3135	0.6875	-0.499375	1	DLOH	1	0	1	1	1	1.28469914327661	0.752410238526316	1	HETD	1	0
JFCF_6_T_1_M	chr4	177050057	177061748	44	0.649616	-0.311715	3	HET	2	1	1	NA	NA	1.52494509451027	0.693251223010633	2	NEUT	1	1
JFCF_6_T_1_M	chr4	177062289	177129771	53	0.666667	-0.414116	1	DLOH	1	0	1	1	1	1.3899846955992	0.719994714003	1	HETD	1	0
JFCF_6_T_1_M	chr4	177131099	177239625	151	0.6875	-0.322717	3	HET	2	1	1	NA	NA	1.50998133889852	0.742725932716141	2	NEUT	1	1
JFCF_6_T_1_M	chr4	177242959	177318936	74	0.666667	-0.403705	1	DLOH	1	0	1	1	1	1.40327266157992	0.719489739546572	1	HETD	1	0
JFCF_6_T_1_M	chr4	177320029	177524867	126	0.666667	-0.317388	3	HET	2	1	1	NA	NA	1.51721503083287	0.71552276850288	2	NEUT	1	1
JFCF_6_T_1_M	chr4	177526205	178049288	149	0.666667	-0.427786	1	DLOH	1	0	1	1	1	1.37268212195757	0.720666906555024	1	HETD	1	0
JFCF_6_T_1_M	chr4	178050504	178073392	32	0.630682	-0.286342	3	HET	2	1	1	NA	NA	1.55989293246803	0.667941270667635	2	NEUT	1	1
JFCF_6_T_1_M	chr4	178074304	184289462	4545	0.6875	-0.501917	1	DLOH	1	0	1	1	1	1.28165457593848	0.752564432640578	1	HETD	1	0
JFCF_6_T_1_M	chr4	184290837	184340039	116	0.666667	-0.318169	3	HET	2	1	1	NA	NA	1.51615321395691	0.715556983962774	2	NEUT	1	1
JFCF_6_T_1_M	chr4	184340894	185712679	630	0.666667	-0.533363	1	DLOH	1	0	1	1	1	1.24443184054347	0.726232099429704	1	HETD	1	0
JFCF_6_T_1_M	chr4	185713349	185719151	42	0.622024	-0.293444	3	HET	2	1	1	NA	NA	1.55004887675954	0.657035702698292	2	NEUT	1	1
JFCF_6_T_1_M	chr4	185721370	190542253	3531	0.692308	-0.510369	1	DLOH	1	0	1	1	1	1.27157005367349	0.759570100761692	1	HETD	1	0
JFCF_6_T_1_M	chr4	190542347	190544080	53	0.690909	-0.373888	3	HET	2	1	1	NA	NA	1.44186416616092	0.749795456524817	2	NEUT	1	1
JFCF_6_T_1_M	chr4	190544203	190560064	301	0.773585	-0.434783	1	DLOH	1	0	1	1	1	1.36388901869835	0.862797686401427	1	HETD	1	0
JFCF_6_T_1_M	chr4	190560147	190566006	102	0.709722	-0.169263	3	HET	2	1	1	NA	NA	1.72935879686659	0.763657194691663	2	NEUT	1	1
JFCF_6_T_1_M	chr4	190566108	190569385	39	0.789474	-0.169263	2	NLOH	2	0	2	1	1	1.72935879686659	0.863919392224824	2	NEUT	2	0
JFCF_6_T_1_M	chr4	190569443	190574489	56	0.738796	-0.132692	3	HET	2	1	1	NA	NA	1.78517485370938	0.798288148675177	2	NEUT	1	1
JFCF_6_T_1_M	chr4	190574544	190575545	15	0.853659	-0.132692	2	NLOH	2	0	2	1	1	1.78517485370938	0.941767401348073	2	NEUT	2	0
JFCF_6_T_1_M	chr4	190575559	190577562	49	0.75	-0.132692	3	HET	2	1	1	NA	NA	1.78517485370938	0.812283443478091	2	NEUT	1	1
JFCF_6_T_1_M	chr4	190577648	190583873	146	0.792778	-0.065333	2	NLOH	2	0	2	1	1	1.89175806222518	0.861609338303445	2	NEUT	2	0
JFCF_6_T_1_M	chr4	190583912	190585942	44	0.700767	-0.065333	3	HET	2	1	1	NA	NA	1.89175806222518	0.747966794032228	2	NEUT	1	1
JFCF_6_T_1_M	chr4	190585974	190587064	40	0.815126	-0.065333	2	NLOH	2	0	2	1	1	1.89175806222518	0.889211294367102	2	NEUT	2	0
JFCF_6_T_1_M	chr4	190587065	190587326	6	0.639451	-0.065333	3	HET	2	1	1	NA	NA	1.89175806222518	0.672235563586587	2	NEUT	1	1
JFCF_6_T_1_M	chr4	190587405	190590639	61	0.803279	-0.065333	2	NLOH	2	0	2	1	1	1.89175806222518	0.874579095804092	2	NEUT	2	0
JFCF_6_T_1_M	chr4	190590729	190592913	50	0.753905	-0.084319	3	HET	2	1	1	NA	NA	1.86121087794744	0.814577101604922	2	NEUT	1	1
JFCF_6_T_1_M	chr4	190592948	190596829	92	0.8	-0.084319	2	NLOH	2	0	2	1	1	1.86121087794744	0.87168677450809	2	NEUT	2	0
JFCF_6_T_1_M	chr4	190596940	190597429	12	0.703793	-0.084319	3	HET	2	1	1	NA	NA	1.86121087794744	0.75249054279109	2	NEUT	1	1
JFCF_6_T_1_M	chr4	190597539	190599761	45	0.803279	-0.084319	2	NLOH	2	0	2	1	1	1.86121087794744	0.875749310953463	2	NEUT	2	0
JFCF_6_T_1_M	chr4	190599872	190602047	63	0.727273	-0.163744	3	HET	2	1	1	NA	NA	1.73769172345534	0.785441582348705	2	NEUT	1	1
JFCF_6_T_1_M	chr4	190602150	190602823	21	0.821429	-0.163744	2	NLOH	2	0	2	1	1	1.73769172345534	0.903696006004945	2	NEUT	2	0
JFCF_6_T_1_M	chr4	190602929	190610626	102	0.75	-0.163744	3	HET	2	1	1	NA	NA	1.73769172345534	0.813985363801139	2	NEUT	1	1
JFCF_6_T_1_M	chr4	190610732	190612311	44	0.798734	-0.126211	2	NLOH	2	0	2	1	1	1.79521483831621	0.872742498337148	2	NEUT	2	0
JFCF_6_T_1_M	chr4	190612315	190616939	92	0.75	-0.126211	3	HET	2	1	1	NA	NA	1.79521483831621	0.811935114798741	2	NEUT	1	1
JFCF_6_T_1_M	chr4	190616965	190619356	69	0.793103	-0.126211	2	NLOH	2	0	2	1	1	1.79521483831621	0.865716471811421	2	NEUT	2	0
JFCF_6_T_1_M	chr4	190619433	190620539	24	0.735519	-0.115038	3	HET	2	1	1	NA	NA	1.81262964814122	0.793306011734459	2	NEUT	1	1
JFCF_6_T_1_M	chr4	190620560	190623679	46	0.820714	-0.103864	2	NLOH	2	0	2	1	1	1.83018142800511	0.898649825875805	2	NEUT	2	0
JFCF_6_T_1_M	chr4	190623703	190624142	13	0.708333	-0.103864	3	HET	2	1	1	NA	NA	1.83018142800511	0.75895942856933	2	NEUT	1	1
JFCF_6_T_1_M	chr4	190624282	190627506	46	0.8125	-0.103864	2	NLOH	2	0	2	1	1	1.83018142800511	0.888439764357618	2	NEUT	2	0
JFCF_6_T_1_M	chr4	190627742	190628405	14	0.73876	-0.103864	3	HET	2	1	1	NA	NA	1.83018142800511	0.79678041004168	2	NEUT	1	1
JFCF_6_T_1_M	chr4	190628515	190629604	18	0.806027	-0.103864	2	NLOH	2	0	2	1	1	1.83018142800511	0.88039377845462	2	NEUT	2	0
JFCF_6_T_1_M	chr4	190629683	190633774	91	0.75	-0.11981	3	HET	2	1	1	NA	NA	1.80517526121241	0.811593375163385	2	NEUT	1	1
JFCF_6_T_1_M	chr4	190633798	190636236	59	0.809524	-0.11981	2	NLOH	2	0	2	1	1	1.80517526121241	0.885782511416287	2	NEUT	2	0
JFCF_6_T_1_M	chr4	190636345	190640747	105	0.75	-0.11981	3	HET	2	1	1	NA	NA	1.80517526121241	0.811593375163385	2	NEUT	1	1
JFCF_6_T_1_M	chr4	190640783	190644615	81	0.803571	-0.114714	2	NLOH	2	0	2	1	1	1.81313666609025	0.878034442180387	2	NEUT	2	0
JFCF_6_T_1_M	chr4	190644735	190650547	112	0.754116	-0.114714	3	HET	2	1	1	NA	NA	1.81313666609025	0.816448541886778	2	NEUT	1	1
JFCF_6_T_1_M	chr4	190650622	190651388	18	0.855277	-0.197295	2	NLOH	2	0	2	1	1	1.68752301552536	0.948910391807477	2	NEUT	2	0
JFCF_6_T_1_M	chr4	190651407	190653695	63	0.746269	-0.197295	3	HET	2	1	1	NA	NA	1.68752301552536	0.811173290925209	2	NEUT	1	1
JFCF_6_T_1_M	chr4	190653761	190655934	58	0.805424	-0.197295	2	NLOH	2	0	2	1	1	1.68752301552536	0.885918614228917	2	NEUT	2	0
JFCF_6_T_1_M	chr4	190655975	190659728	56	0.74431	-0.197295	3	HET	2	1	1	NA	NA	1.68752301552536	0.808697995711754	2	NEUT	1	1
JFCF_6_T_1_M	chr4	190660082	190662549	60	0.790064	-0.26743	1	DLOH	1	0	1	1	1	1.58634435434493	0.871386314737275	1	HETD	1	0
JFCF_6_T_1_M	chr4	190662636	190664836	27	0.7	-0.26743	3	HET	2	1	1	NA	NA	1.58634435434493	0.756071980485186	2	NEUT	1	1
JFCF_6_T_1_M	chr4	190665048	190669779	109	0.794872	-0.26743	1	DLOH	1	0	1	1	1	1.58634435434493	0.877542285148139	1	HETD	1	0
JFCF_6_T_1_M	chr4	190669936	190675623	126	0.756156	-0.121822	3	HET	2	1	1	NA	NA	1.80203967882441	0.819375863089018	2	NEUT	1	1
JFCF_6_T_1_M	chr4	190675661	190678576	62	0.814815	-0.121822	2	NLOH	2	0	2	1	1	1.80203967882441	0.892512033051613	2	NEUT	2	0
JFCF_6_T_1_M	chr4	190678608	190680284	43	0.76	-0.121822	3	HET	2	1	1	NA	NA	1.80203967882441	0.824168570726997	2	NEUT	1	1
JFCF_6_T_1_M	chr4	190680354	190809125	236	0.7	-0.507254	1	DLOH	1	0	1	1	1	1.27527984991188	0.769748980732159	1	HETD	1	0
JFCF_6_T_1_M	chr4	190820493	190837034	60	0.65	-0.339211	3	HET	2	1	1	NA	NA	1.48776064029252	0.694840615118433	2	NEUT	1	1
JFCF_6_T_1_M	chr4	190860865	190937364	42	0.633971	-0.705579	1	DLOH	1	0	1	1	1	1.05436278712708	0.690482143735061	1	HETD	1	0
JFCF_6_T_1_M	chr5	31468	34630031	25170	0.578947	0.071989	3	HET	2	1	1	NA	NA	2.12508523973294	0.595469381435577	2	NEUT	1	1
JFCF_6_T_1_M	chr5	34630724	34658419	63	0.583333	0.349276	5	GAIN	3	1	2	1	1	2.66966803964785	0.597215673888153	3	GAIN	2	1
JFCF_6_T_1_M	chr5	34660235	39437622	2556	0.578947	0.168222	3	HET	2	1	1	NA	NA	2.30234874744675	0.594197282544258	2	NEUT	1	1
JFCF_6_T_1_M	chr5	39439911	39519246	94	0.576923	0.341112	5	GAIN	3	1	2	1	1	2.65209379092104	0.589822732429502	3	GAIN	2	1
JFCF_6_T_1_M	chr5	39520600	52239660	3639	0.576923	0.139182	3	HET	2	1	1	NA	NA	2.24760528012719	0.592144222597808	2	NEUT	1	1
JFCF_6_T_1_M	chr5	52240091	52258711	51	0.583333	0.38978	5	GAIN	3	1	2	1	1	2.75834496662926	0.596769365368523	3	GAIN	2	1
JFCF_6_T_1_M	chr5	52270265	95264652	24649	0.578947	0.115706	3	HET	2	1	1	NA	NA	2.20414897437463	0.594876716785112	2	NEUT	1	1
JFCF_6_T_1_M	chr5	95268768	95279233	23	0.555556	0.445931	5	GAIN	3	1	2	1	1	2.88547009098715	0.564119035799532	3	GAIN	2	1
JFCF_6_T_1_M	chr5	95280033	98525925	1495	0.571429	0.16359	3	HET	2	1	1	NA	NA	2.29354290593919	0.585279998063504	2	NEUT	1	1
JFCF_6_T_1_M	chr5	98531883	98569709	47	0.590909	0.467473	5	GAIN	3	1	2	1	1	2.93556925765115	0.604681980007248	3	GAIN	2	1
JFCF_6_T_1_M	chr5	98570327	114929837	9400	0.578947	0.132271	3	HET	2	1	1	NA	NA	2.23473883711642	0.594658665421848	2	NEUT	1	1
JFCF_6_T_1_M	chr5	114931610	114978793	53	0.566667	0.283076	5	GAIN	3	1	2	1	1	2.5299881141236	0.578386411371988	3	GAIN	2	1
JFCF_6_T_1_M	chr5	114980013	130049981	10389	0.578947	0.123571	3	HET	2	1	1	NA	NA	2.21862913857678	0.594772749470011	2	NEUT	1	1
JFCF_6_T_1_M	chr5	130104308	130218658	10	0.607906	0.668716	5	GAIN	3	1	2	1	1	3.44156370974614	0.62185050645802	3	GAIN	2	1
JFCF_6_T_1_M	chr5	130227298	135089973	2442	0.578947	0.168376	3	HET	2	1	1	NA	NA	2.30264200095279	0.594195340340988	2	NEUT	1	1
JFCF_6_T_1_M	chr5	135090120	135149952	177	0.6	0.547378	5	GAIN	3	1	2	1	1	3.12807301267478	0.614217933743745	3	GAIN	2	1
JFCF_6_T_1_M	chr5	135150207	136739724	948	0.571429	0.185333	3	HET	2	1	1	NA	NA	2.33512450298066	0.585033353133281	2	NEUT	1	1
JFCF_6_T_1_M	chr5	136742178	149861956	7653	0.592593	0.457208	5	GAIN	3	1	2	1	1	2.91160314075301	0.606736579752965	3	GAIN	2	1
JFCF_6_T_1_M	chr5	149892939	149939997	71	0.580645	0.770405	8	BCNA	4	2	2	1	1	3.72537692540664	0.590272656645145	4	AMP	2	2
JFCF_6_T_1_M	chr5	149940455	156333978	3569	0.586207	0.35978	5	GAIN	3	1	2	1	1	2.6924262799844	0.600447068501922	3	GAIN	2	1
JFCF_6_T_1_M	chr5	156340361	156469783	90	0.607919	0.215262	3	HET	2	1	1	NA	NA	2.39339584151727	0.627972803160845	2	NEUT	1	1
JFCF_6_T_1_M	chr5	156470401	157939583	1132	0.588235	0.366862	5	GAIN	3	1	2	1	1	2.70786411240595	0.602726968820044	3	GAIN	2	1
JFCF_6_T_1_M	chr5	157940011	157969514	38	0.60101	0.035037	3	HET	2	1	1	NA	NA	2.06009946758856	0.622816679904769	2	NEUT	1	1
JFCF_6_T_1_M	chr5	157970985	158279381	222	0.592593	0.316519	5	GAIN	3	1	2	1	1	2.59975067869397	0.60843316943152	3	GAIN	2	1
JFCF_6_T_1_M	chr5	158282326	158287543	2	0.682143	-1.100123	1	DLOH	1	0	1	1	1	0.69567038475848	0.79858840008325	1	HETD	1	0
JFCF_6_T_1_M	chr5	158290225	165498874	5260	0.588235	0.368064	5	GAIN	3	1	2	1	1	2.71049184586101	0.602712919328858	3	GAIN	2	1
JFCF_6_T_1_M	chr5	165501885	165519771	43	0.583333	0.106172	3	HET	2	1	1	NA	NA	2.18670154900418	0.600281874802295	2	NEUT	1	1
JFCF_6_T_1_M	chr5	165537915	180698630	10194	0.59375	0.397949	5	GAIN	3	1	2	1	1	2.77653334372539	0.608766950546099	3	GAIN	2	1
JFCF_6_T_1_M	chr6	202777	746039	766	0.590909	0.035282	3	HET	2	1	1	NA	NA	2.06052487944901	0.610530959966983	2	NEUT	1	1
JFCF_6_T_1_M	chr6	749311	779944	31	0.6	0.537301	5	GAIN	3	1	2	1	1	3.10320437221421	0.61433187425167	3	GAIN	2	1
JFCF_6_T_1_M	chr6	780160	57370012	35765	0.583333	0.077499	3	HET	2	1	1	NA	NA	2.13491881607202	0.60069297196008	2	NEUT	1	1
JFCF_6_T_1_M	chr6	57370050	57380056	286	0.666667	0.258271	5	GAIN	3	1	2	1	1	2.47927913492161	0.69656468488404	3	GAIN	2	1
JFCF_6_T_1_M	chr6	57380068	63528727	6024	0.66129	0.056298	3	HET	2	1	1	NA	NA	2.09728674209147	0.695492905298295	2	NEUT	1	1
JFCF_6_T_1_M	chr6	63540113	63589841	180	0.6	0.320644	5	GAIN	3	1	2	1	1	2.60846806181377	0.617050135859774	3	GAIN	2	1
JFCF_6_T_1_M	chr6	63590112	112719807	28803	0.578947	0.069001	3	HET	2	1	1	NA	NA	2.11976830627483	0.595510823890586	2	NEUT	1	1
JFCF_6_T_1_M	chr6	112720097	112729387	16	0.560386	-0.75991	1	DLOH	1	0	1	1	1	0.99895705051352	0.587270552610706	1	HETD	1	0
JFCF_6_T_1_M	chr6	112730624	170871490	37159	0.583333	0.010665	3	HET	2	1	1	NA	NA	2.01813955112371	0.601697503467275	2	NEUT	1	1
JFCF_6_T_1_M	chr7	50134	4941604	3282	0.6	-0.240616	3	HET	2	1	1	NA	NA	1.62444731815094	0.627378379306527	2	NEUT	1	1
JFCF_6_T_1_M	chr7	4942972	5008921	52	0.615385	-0.470287	1	DLOH	1	0	1	1	1	1.31992260118375	0.654263925740713	1	HETD	1	0
JFCF_6_T_1_M	chr7	5010409	8417400	2123	0.6	-0.258288	3	HET	2	1	1	NA	NA	1.59925574271494	0.627809645231791	2	NEUT	1	1
JFCF_6_T_1_M	chr7	8421229	8429658	26	0.577381	-0.501257	1	DLOH	1	0	1	1	1	1.28244454603473	0.60421646409301	1	HETD	1	0
JFCF_6_T_1_M	chr7	8433402	65825257	36115	0.588235	-0.177081	3	HET	2	1	1	NA	NA	1.71760912668656	0.611082038756487	2	NEUT	1	1
JFCF_6_T_1_M	chr7	65832872	65834280	24	0.851648	0.008184	2	NLOH	2	0	2	1	1	2.01390776880374	0.929305238326452	2	NEUT	2	0
JFCF_6_T_1_M	chr7	65838141	82213593	9342	0.588235	0.014279	3	HET	2	1	1	NA	NA	2.02431690032913	0.6076204441859	2	NEUT	1	1
JFCF_6_T_1_M	chr7	82251633	82737049	309	0.578947	0.265115	5	GAIN	3	1	2	1	1	2.49318337620451	0.593029986935134	3	GAIN	2	1
JFCF_6_T_1_M	chr7	82741386	82958784	282	0.576923	0.215348	3	HET	2	1	1	NA	NA	2.39356503014165	0.591216031461443	2	NEUT	1	1
JFCF_6_T_1_M	chr7	82960004	84949545	882	0.578947	0.309647	5	GAIN	3	1	2	1	1	2.58528328231933	0.592528284942393	3	GAIN	2	1
JFCF_6_T_1_M	chr7	84971036	86309182	1238	0.583333	0.158209	3	HET	2	1	1	NA	NA	2.28334858588298	0.599564481698938	2	NEUT	1	1
JFCF_6_T_1_M	chr7	86311188	89637087	1484	0.615385	0.336951	5	GAIN	3	1	2	1	1	2.64317479506583	0.634799975086289	3	GAIN	2	1
JFCF_6_T_1_M	chr7	89640601	89659482	59	0.590909	0.189999	3	HET	2	1	1	NA	NA	2.34412978801699	0.608156994075329	2	NEUT	1	1
JFCF_6_T_1_M	chr7	89662674	93168948	1732	0.586207	0.307906	5	GAIN	3	1	2	1	1	2.58162893997127	0.601058218186212	3	GAIN	2	1
JFCF_6_T_1_M	chr7	93171168	93259217	92	0.592593	0.21051	3	HET	2	1	1	NA	NA	2.38406284411902	0.609866240649594	2	NEUT	1	1
JFCF_6_T_1_M	chr7	93260091	94399890	558	0.586207	0.326686	5	GAIN	3	1	2	1	1	2.62128172654965	0.600833560081285	3	GAIN	2	1
JFCF_6_T_1_M	chr7	94402178	99179970	3319	0.590909	0.190256	3	HET	2	1	1	NA	NA	2.34462663956723	0.608153339040259	2	NEUT	1	1
JFCF_6_T_1_M	chr7	99181096	99198515	17	0.590909	0.905018	8	BCNA	4	2	2	1	1	4.1332079573766	0.600691120114078	4	AMP	2	2
JFCF_6_T_1_M	chr7	99202373	99573259	163	0.6	0.33351	5	GAIN	3	1	2	1	1	2.63581850820539	0.616873215929456	3	GAIN	2	1
JFCF_6_T_1_M	chr7	99590692	112949077	6057	0.583333	0.137187	3	HET	2	1	1	NA	NA	2.24388479083569	0.599849949058803	2	NEUT	1	1
JFCF_6_T_1_M	chr7	112950694	112969708	28	0.547727	0.500209	5	GAIN	3	1	2	1	1	3.01314840961437	0.55477161042452	3	GAIN	2	1
JFCF_6_T_1_M	chr7	112970642	118159504	2172	0.578947	0.121539	3	HET	2	1	1	NA	NA	2.21488047975643	0.594799534362416	2	NEUT	1	1
JFCF_6_T_1_M	chr7	118220761	118579610	353	0.682927	0.76794	7	ASCNA	4	1	3	1	1	3.7182579020864	0.704807219270095	4	AMP	3	1
JFCF_6_T_1_M	chr7	118580175	159119220	13825	1	-0.859155	1	DLOH	1	0	1	1	1	0.90298160305879	1	1	HETD	1	0
JFCF_6_T_1_M	chr8	179474	38989515	17743	1	-0.836513	1	DLOH	1	0	1	1	1	0.924300033294106	1	1	HETD	1	0
JFCF_6_T_1_M	chr8	39001714	39099936	86	0.741667	-0.288441	3	HET	2	1	1	NA	NA	1.55697847004849	0.810698627291525	2	NEUT	1	1
JFCF_6_T_1_M	chr8	39100547	42830879	1859	0.75	-0.458649	1	DLOH	1	0	1	1	1	1.33421549525987	0.83333499160708	1	HETD	1	0
JFCF_6_T_1_M	chr8	47839407	106037189	33256	0.588235	-0.030822	3	HET	2	1	1	NA	NA	1.9483239455745	0.608376559300259	2	NEUT	1	1
JFCF_6_T_1_M	chr8	106040394	106077419	59	0.583333	0.285981	5	GAIN	3	1	2	1	1	2.53598405398153	0.597947496777244	3	GAIN	2	1
JFCF_6_T_1_M	chr8	106080378	108579890	1358	0.578947	0.133139	3	HET	2	1	1	NA	NA	2.23635143974029	0.594647335953485	2	NEUT	1	1
JFCF_6_T_1_M	chr8	108580127	108599838	46	0.571429	0.385425	5	GAIN	3	1	2	1	1	2.74869051195556	0.582986451888654	3	GAIN	2	1
JFCF_6_T_1_M	chr8	108600276	112286614	1759	0.578947	0.07697	3	HET	2	1	1	NA	NA	2.13397309074359	0.595400566854373	2	NEUT	1	1
JFCF_6_T_1_M	chr8	112290731	117219307	2973	0.6	0.320055	5	GAIN	3	1	2	1	1	2.6072217992452	0.617058285893698	3	GAIN	2	1
JFCF_6_T_1_M	chr8	117225602	117249366	36	0.615385	0.177324	3	HET	2	1	1	NA	NA	2.31973503474014	0.637506997567132	2	NEUT	1	1
JFCF_6_T_1_M	chr8	117254826	127419765	6135	0.6	0.39733	5	GAIN	3	1	2	1	1	2.77515152359846	0.616026056401467	3	GAIN	2	1
JFCF_6_T_1_M	chr8	127420218	127429802	52	0.6	0.138516	3	HET	2	1	1	NA	NA	2.24636268000581	0.619798554897507	2	NEUT	1	1
JFCF_6_T_1_M	chr8	127430706	127979691	421	0.6	0.32929	5	GAIN	3	1	2	1	1	2.6268207692085	0.616931012332908	3	GAIN	2	1
JFCF_6_T_1_M	chr8	127980052	127989849	57	0.607143	0.161782	3	HET	2	1	1	NA	NA	2.29011340232214	0.627950513331478	2	NEUT	1	1
JFCF_6_T_1_M	chr8	128000351	138289272	7377	0.6	0.372542	5	GAIN	3	1	2	1	1	2.72030064901051	0.616349198334377	3	GAIN	2	1
JFCF_6_T_1_M	chr8	138290160	138299959	36	0.623482	0.12941	3	HET	2	1	1	NA	NA	2.22943042919074	0.648115328475213	2	NEUT	1	1
JFCF_6_T_1_M	chr8	138302363	138408744	183	0.6	0.294281	5	GAIN	3	1	2	1	1	2.55318198765885	0.617419335971655	3	GAIN	2	1
JFCF_6_T_1_M	chr8	138410462	138419041	15	0.555556	0.055607	3	HET	2	1	1	NA	NA	2.09606948902534	0.567343960187853	2	NEUT	1	1
JFCF_6_T_1_M	chr8	138432319	138539573	158	0.615385	0.286082	5	GAIN	3	1	2	1	1	2.53619273592846	0.635618940452528	3	GAIN	2	1
JFCF_6_T_1_M	chr8	138540407	138549223	41	0.6	0.175569	3	HET	2	1	1	NA	NA	2.31637416034896	0.619200151513133	2	NEUT	1	1
JFCF_6_T_1_M	chr8	138551331	138609034	82	0.580128	0.324907	5	GAIN	3	1	2	1	1	2.61750330909012	0.593742773822322	3	GAIN	2	1
JFCF_6_T_1_M	chr8	138610608	138639688	56	0.6	0.17585	3	HET	2	1	1	NA	NA	2.31691200839527	0.619195694389193	2	NEUT	1	1
JFCF_6_T_1_M	chr8	138640055	138789940	339	0.59375	0.309525	5	GAIN	3	1	2	1	1	2.58502706177597	0.609879449679213	3	GAIN	2	1
JFCF_6_T_1_M	chr8	138790379	138819703	47	0.590909	0.145483	3	HET	2	1	1	NA	NA	2.25938990116854	0.608803891304334	2	NEUT	1	1
JFCF_6_T_1_M	chr8	138840870	139367262	450	0.611111	0.273977	5	GAIN	3	1	2	1	1	2.51128565730366	0.630788698745317	3	GAIN	2	1
JFCF_6_T_1_M	chr8	139375380	139749638	183	0.608696	0.228356	3	HET	2	1	1	NA	NA	2.419272275982	0.628678148459025	2	NEUT	1	1
JFCF_6_T_1_M	chr8	139751241	139788688	59	0.6	0.297532	5	GAIN	3	1	2	1	1	2.5599452033581	0.617373315171538	3	GAIN	2	1
JFCF_6_T_1_M	chr8	139814518	140199832	141	0.6	0.175868	3	HET	2	1	1	NA	NA	2.31694646486536	0.619195408920418	2	NEUT	1	1
JFCF_6_T_1_M	chr8	140201697	146288858	2967	0.6	0.362297	5	GAIN	3	1	2	1	1	2.69790433177094	0.616484919170804	3	GAIN	2	1
JFCF_6_T_1_M	chr9	212189	33790164	24620	0.583333	0.025888	3	HET	2	1	1	NA	NA	2.0442649831935	0.601462807578154	2	NEUT	1	1
JFCF_6_T_1_M	chr9	33793811	33804075	197	0.88	0.021504	2	NLOH	2	0	2	1	1	2.03671295914666	0.962978797592605	2	NEUT	2	0
JFCF_6_T_1_M	chr9	33807575	35998202	858	0.578947	0.088257	3	HET	2	1	1	NA	NA	2.15422697011138	0.595245871660755	2	NEUT	1	1
JFCF_6_T_1_M	chr9	36004505	36059850	86	0.577935	0.31507	5	GAIN	3	1	2	1	1	2.59669441047421	0.59128327250276	3	GAIN	2	1
JFCF_6_T_1_M	chr9	36062653	38769613	1310	0.579796	0.074777	3	HET	2	1	1	NA	NA	2.13005622831934	0.596457090416742	2	NEUT	1	1
JFCF_6_T_1_M	chr9	66840056	66859994	101	0.648148	0.232446	5	GAIN	3	1	2	1	1	2.42740321137555	0.675291586966394	3	GAIN	2	1
JFCF_6_T_1_M	chr9	68410129	68415500	162	0.654188	-0.001984	3	HET	2	1	1	NA	NA	1.99664028432897	0.688533046873502	2	NEUT	1	1
JFCF_6_T_1_M	chr9	68415624	68415624	1	0.857768	-0.001984	2	NLOH	2	0	2	1	1	1.99664028432897	0.937460055995533	2	NEUT	2	0
JFCF_6_T_1_M	chr9	68415630	68416944	22	0.62806	-0.001984	3	HET	2	1	1	NA	NA	1.99664028432897	0.656585090815243	2	NEUT	1	1
JFCF_6_T_1_M	chr9	68416972	68418289	32	0.680513	-0.001984	5	GAIN	3	1	2	1	1	1.99664028432897	0.720721884259972	3	GAIN	2	1
JFCF_6_T_1_M	chr9	68418299	68418311	2	0.842231	-0.001984	2	NLOH	2	0	2	1	1	1.99664028432897	0.918462222511256	2	NEUT	2	0
JFCF_6_T_1_M	chr9	68418318	68419957	67	0.669091	-0.001984	3	HET	2	1	1	NA	NA	1.99664028432897	0.706755658215214	2	NEUT	1	1
JFCF_6_T_1_M	chr9	71080974	99893375	18787	0.714286	0.42216	5	GAIN	3	1	2	1	1	2.83104833828696	0.747949547531123	3	GAIN	2	1
JFCF_6_T_1_M	chr9	99893817	99894617	20	0.909091	0.312548	4	ALOH	3	0	3	1	1	2.59138225834007	0.979301458884619	3	GAIN	3	0
JFCF_6_T_1_M	chr9	99895662	132188155	20993	0.714286	0.433123	5	GAIN	3	1	2	1	1	2.85603583918435	0.747655024642928	3	GAIN	2	1
JFCF_6_T_1_M	chr9	132188238	132188928	44	0.842928	0.257347	2	NLOH	2	0	2	1	1	2.47740698913172	0.904490883838036	2	NEUT	2	0
JFCF_6_T_1_M	chr9	132189409	132200364	567	0.589744	0.168395	3	HET	2	1	1	NA	NA	2.30267818374949	0.607077471223341	2	NEUT	1	1
JFCF_6_T_1_M	chr9	132200395	140768844	5926	0.714286	0.372631	5	GAIN	3	1	2	1	1	2.72049590715772	0.749317528644496	3	GAIN	2	1
JFCF_6_T_1_M	chr9	140771590	140995939	58	0.721111	0.011171	3	HET	2	1	1	NA	NA	2.01900351703919	0.769817468374981	2	NEUT	1	1
JFCF_6_T_1_M	chr10	131636	4649016	4033	0.583333	0.115937	3	HET	2	1	1	NA	NA	2.20457314166102	0.600144477053618	2	NEUT	1	1
JFCF_6_T_1_M	chr10	4650036	4667529	36	0.585784	0.388403	5	GAIN	3	1	2	1	1	2.7552891899364	0.599630897332712	3	GAIN	2	1
JFCF_6_T_1_M	chr10	4669878	4748240	89	0.583333	0.201467	3	HET	2	1	1	NA	NA	2.36638694949294	0.598994906347142	2	NEUT	1	1
JFCF_6_T_1_M	chr10	4749892	4829867	62	0.588558	0.319607	5	GAIN	3	1	2	1	1	2.60627421859209	0.603669969185158	3	GAIN	2	1
JFCF_6_T_1_M	chr10	4830013	10216373	4600	0.583333	0.072771	3	HET	2	1	1	NA	NA	2.1264785721911	0.600761875733212	2	NEUT	1	1
JFCF_6_T_1_M	chr10	10230151	10239333	23	0.583333	0.479062	5	GAIN	3	1	2	1	1	2.96283229815601	0.595842020779584	3	GAIN	2	1
JFCF_6_T_1_M	chr10	10240191	16928828	5213	0.583333	0.109869	3	HET	2	1	1	NA	NA	2.19345345558625	0.600229702635594	2	NEUT	1	1
JFCF_6_T_1_M	chr10	16930279	16969923	59	0.578947	0.327398	5	GAIN	3	1	2	1	1	2.62279524909543	0.592334041526056	3	GAIN	2	1
JFCF_6_T_1_M	chr10	16972809	17049739	141	0.578947	0.18948	3	HET	2	1	1	NA	NA	2.34312668835087	0.593931878576367	2	NEUT	1	1
JFCF_6_T_1_M	chr10	17050107	17149293	87	0.578947	0.30935	5	GAIN	3	1	2	1	1	2.58465957013665	0.592531562284203	3	GAIN	2	1
JFCF_6_T_1_M	chr10	17150635	17339959	47	0.56	0.232958	3	HET	2	1	1	NA	NA	2.42842269367565	0.570988548646568	2	NEUT	1	1
JFCF_6_T_1_M	chr10	17340093	17366408	36	0.55364	0.437201	5	GAIN	3	1	2	1	1	2.8653792108718	0.561965686065411	3	GAIN	2	1
JFCF_6_T_1_M	chr10	17371332	26699872	6024	0.583333	0.084594	3	HET	2	1	1	NA	NA	2.14763654927005	0.600590170817219	2	NEUT	1	1
JFCF_6_T_1_M	chr10	26700217	26709971	59	0.611111	0.321737	5	GAIN	3	1	2	1	1	2.61078208439124	0.630038785249982	3	GAIN	2	1
JFCF_6_T_1_M	chr10	26710064	26914887	445	0.642857	0.14191	3	HET	2	1	1	NA	NA	2.25270108086397	0.671061040247424	2	NEUT	1	1
JFCF_6_T_1_M	chr10	26914893	26915625	32	0.869565	0.066875	2	NLOH	2	0	2	1	1	2.115991939916	0.947241597301811	2	NEUT	2	0
JFCF_6_T_1_M	chr10	26915655	26949396	175	0.68	0.147673	3	HET	2	1	1	NA	NA	2.26349787791003	0.715367615535637	2	NEUT	1	1
JFCF_6_T_1_M	chr10	26950217	26960120	46	0.58114	0.382503	5	GAIN	3	1	2	1	1	2.74222914491686	0.594299658781948	3	GAIN	2	1
JFCF_6_T_1_M	chr10	26961805	27218041	261	0.583333	0.140892	3	HET	2	1	1	NA	NA	2.25079836835119	0.599799215412803	2	NEUT	1	1
JFCF_6_T_1_M	chr10	27226736	27234060	48	0.698485	0.313201	5	GAIN	3	1	2	1	1	2.59275679788606	0.732532033458273	3	GAIN	2	1
JFCF_6_T_1_M	chr10	27267265	27617789	73	0.571429	0.109368	3	HET	2	1	1	NA	NA	2.19253745525771	0.585918083537682	2	NEUT	1	1
JFCF_6_T_1_M	chr10	27619383	27619781	22	0.842105	0.056819	2	NLOH	2	0	2	1	1	2.09820491183104	0.914619505502203	2	NEUT	2	0
JFCF_6_T_1_M	chr10	27620211	27624251	24	0.666296	0.35188	5	GAIN	3	1	2	1	1	2.6752944963024	0.693941444324514	3	GAIN	2	1
JFCF_6_T_1_M	chr10	27643842	37433297	5964	0.583333	0.125717	3	HET	2	1	1	NA	NA	2.22259384272549	0.600008170276999	2	NEUT	1	1
JFCF_6_T_1_M	chr10	37434800	37435018	18	0.896552	0.119914	2	NLOH	2	0	2	1	1	2.21188645676614	0.976287309180293	2	NEUT	2	0
JFCF_6_T_1_M	chr10	37435885	52834982	5941	0.6	0.018092	3	HET	2	1	1	NA	NA	2.03085119472813	0.621899553721739	2	NEUT	1	1
JFCF_6_T_1_M	chr10	52865767	53189077	162	0.58114	-0.585394	1	DLOH	1	0	1	1	1	1.18459681968129	0.611603360402004	1	HETD	1	0
JFCF_6_T_1_M	chr10	53191646	58940106	4182	0.588235	-0.061043	3	HET	2	1	1	NA	NA	1.89871623828994	0.608902797269826	2	NEUT	1	1
JFCF_6_T_1_M	chr10	58940610	58940979	27	0.916667	-0.122933	2	NLOH	2	0	2	1	1	1.80031012446554	1	2	NEUT	2	0
JFCF_6_T_1_M	chr10	58952665	69449238	8087	0.588235	-0.078344	3	HET	2	1	1	NA	NA	1.87078093316784	0.609211417703517	2	NEUT	1	1
JFCF_6_T_1_M	chr10	69482437	69485607	4	0.5	1.06512	11	UBCNA	5	2	3	1	1	4.67050487414001	0.5	5	HLAMP	3	2
JFCF_6_T_1_M	chr10	69485653	69485653	1	0.974747	1.06512	9	ALOH	5	0	5	1	1	4.67050487414001	1	5	HLAMP	5	0
JFCF_6_T_1_M	chr10	69517922	106846467	18600	0.590909	-0.088515	3	HET	2	1	1	NA	NA	1.85451386762614	0.612710690136334	2	NEUT	1	1
JFCF_6_T_1_M	chr10	106849780	106899707	75	0.6	-0.458871	1	DLOH	1	0	1	1	1	1.33394177187688	0.633340836742244	1	HETD	1	0
JFCF_6_T_1_M	chr10	106900164	108388134	719	0.590909	-0.338208	3	HET	2	1	1	NA	NA	1.48910463843119	0.618060575283599	2	NEUT	1	1
JFCF_6_T_1_M	chr10	108390059	108738713	361	0.588235	-0.472614	1	DLOH	1	0	1	1	1	1.31707856489707	0.618029944152759	1	HETD	1	0
JFCF_6_T_1_M	chr10	108740201	108748108	25	0.545455	-0.363423	3	HET	2	1	1	NA	NA	1.45559899545428	0.559343434097967	2	NEUT	1	1
JFCF_6_T_1_M	chr10	108750248	108909660	94	0.6	-0.48778	1	DLOH	1	0	1	1	1	1.29865478250896	0.634246772459331	1	HETD	1	0
JFCF_6_T_1_M	chr10	108910142	108937590	41	0.588235	-0.378224	3	HET	2	1	1	NA	NA	1.43620249363754	0.615558641658993	2	NEUT	1	1
JFCF_6_T_1_M	chr10	108938229	109300981	282	0.6	-0.473393	1	DLOH	1	0	1	1	1	1.31612750325499	0.63379211719975	1	HETD	1	0
JFCF_6_T_1_M	chr10	109304315	109480247	166	0.588235	-0.408446	3	HET	2	1	1	NA	NA	1.39720964592588	0.616321180481455	2	NEUT	1	1
JFCF_6_T_1_M	chr10	109480890	109618541	210	0.6	-0.47346	1	DLOH	1	0	1	1	1	1.31604572860945	0.633794216928009	1	HETD	1	0
JFCF_6_T_1_M	chr10	109620231	110463931	191	0.588235	-0.39137	3	HET	2	1	1	NA	NA	1.41914091799252	0.61588713925437	2	NEUT	1	1
JFCF_6_T_1_M	chr10	110464562	110496659	29	0.6	-0.546902	1	DLOH	1	0	1	1	1	1.22865385540789	0.636197936989375	1	HETD	1	0
JFCF_6_T_1_M	chr10	110500212	113528173	2459	0.6	-0.290535	3	HET	2	1	1	NA	NA	1.55407517222258	0.628618136133145	2	NEUT	1	1
JFCF_6_T_1_M	chr10	113530084	113599775	52	0.58114	-0.534994	1	DLOH	1	0	1	1	1	1.24252326358067	0.610183158310795	1	HETD	1	0
JFCF_6_T_1_M	chr10	113600635	113669813	64	0.611111	-0.390724	3	HET	2	1	1	NA	NA	1.41997570386317	0.645911822643244	2	NEUT	1	1
JFCF_6_T_1_M	chr10	113670116	113719764	60	0.6	-0.508633	1	DLOH	1	0	1	1	1	1.27363654748015	0.634919486982216	1	HETD	1	0
JFCF_6_T_1_M	chr10	113720754	118364842	1900	0.590909	-0.360112	3	HET	2	1	1	NA	NA	1.45996531837677	0.618602491199142	2	NEUT	1	1
JFCF_6_T_1_M	chr10	118365973	118462209	104	0.61204	-0.481523	1	DLOH	1	0	1	1	1	1.30623237596318	0.650187494910909	1	HETD	1	0
JFCF_6_T_1_M	chr10	118470658	118856646	46	0.583333	-0.371646	3	HET	2	1	1	NA	NA	1.44479830762279	0.608985113923802	2	NEUT	1	1
JFCF_6_T_1_M	chr10	118885523	118929983	32	0.615385	-0.542224	1	DLOH	1	0	1	1	1	1.23408873660338	0.656968049316334	1	HETD	1	0
JFCF_6_T_1_M	chr10	118935756	119269774	240	0.6	-0.341884	3	HET	2	1	1	NA	NA	1.48418343838857	0.629965793775529	2	NEUT	1	1
JFCF_6_T_1_M	chr10	119270787	119329891	47	0.615385	-0.530661	1	DLOH	1	0	1	1	1	1.24759844109382	0.656517764441353	1	HETD	1	0
JFCF_6_T_1_M	chr10	119330030	122558903	1645	0.6	-0.337525	3	HET	2	1	1	NA	NA	1.49002037846641	0.629848407097346	2	NEUT	1	1
JFCF_6_T_1_M	chr10	122560915	122588238	29	0.583333	-0.523644	1	DLOH	1	0	1	1	1	1.25584974598018	0.612844596353535	1	HETD	1	0
JFCF_6_T_1_M	chr10	122592911	122809264	107	0.588235	-0.371416	3	HET	2	1	1	NA	NA	1.4450995702825	0.615390417587061	2	NEUT	1	1
JFCF_6_T_1_M	chr10	122812361	122868134	47	0.636364	-0.405558	1	DLOH	1	0	1	1	1	1.40090058516582	0.679655813893972	1	HETD	1	0
JFCF_6_T_1_M	chr10	122869290	123073337	178	0.6	-0.34418	3	HET	2	1	1	NA	NA	1.48111605223438	0.630027852829435	2	NEUT	1	1
JFCF_6_T_1_M	chr10	123075510	123425657	149	0.6	-0.480987	1	DLOH	1	0	1	1	1	1.30688303287328	0.634031151771881	1	HETD	1	0
JFCF_6_T_1_M	chr10	123430129	125309148	1333	0.6	-0.310507	3	HET	2	1	1	NA	NA	1.52659505159653	0.629133289010268	2	NEUT	1	1
JFCF_6_T_1_M	chr10	125310232	125718697	277	0.6	-0.416147	1	DLOH	1	0	1	1	1	1.38740361022174	0.632056089887714	1	HETD	1	0
JFCF_6_T_1_M	chr10	125720464	132139759	4881	0.6	-0.218401	3	HET	2	1	1	NA	NA	1.65655589895352	0.626847711488578	2	NEUT	1	1
JFCF_6_T_1_M	chr10	132141392	132242917	99	0.578947	-0.524651	1	DLOH	1	0	1	1	1	1.25466314472192	0.606931777477276	1	HETD	1	0
JFCF_6_T_1_M	chr10	132244131	132416075	164	0.6	-0.344578	3	HET	2	1	1	NA	NA	1.48058483261127	0.630038626534738	2	NEUT	1	1
JFCF_6_T_1_M	chr10	132482512	132669972	106	0.6	-0.499017	1	DLOH	1	0	1	1	1	1.28512835295144	0.634607231828374	1	HETD	1	0
JFCF_6_T_1_M	chr10	132670295	132689878	56	0.607692	-0.360487	3	HET	2	1	1	NA	NA	1.45947029038538	0.64050920207613	2	NEUT	1	1
JFCF_6_T_1_M	chr10	132690286	133198982	695	0.6	-0.478664	1	DLOH	1	0	1	1	1	1.30970574658782	0.633957806901037	1	HETD	1	0
JFCF_6_T_1_M	chr10	133200384	133898421	309	0.6	-0.392811	3	HET	2	1	1	NA	NA	1.41728014907837	0.631380341331054	2	NEUT	1	1
JFCF_6_T_1_M	chr10	133911045	133918102	23	0.583333	-0.639781	1	DLOH	1	0	1	1	1	1.12431684623158	0.61629713364994	1	HETD	1	0
JFCF_6_T_1_M	chr10	133921155	134838611	580	0.585784	-0.3603	3	HET	2	1	1	NA	NA	1.45971712825978	0.611920712241271	2	NEUT	1	1
JFCF_6_T_1_M	chr10	134862983	135356184	109	0.6	-0.458855	1	DLOH	1	0	1	1	1	1.33396149827984	0.633340343703441	1	HETD	1	0
JFCF_6_T_1_M	chr10	135379495	135429761	19	0.588235	-0.260458	3	HET	2	1	1	NA	NA	1.59618360863185	0.612820067829095	2	NEUT	1	1
JFCF_6_T_1_M	chr11	190010	195431	55	0.703704	-0.243334	3	HET	2	1	1	NA	NA	1.62055267897366	0.75960888666833	2	NEUT	1	1
JFCF_6_T_1_M	chr11	201212	219800	22	1	-0.477021	1	DLOH	1	0	1	1	1	1.31170492754343	1	1	HETD	1	0
JFCF_6_T_1_M	chr11	221659	238689	47	1	-0.302356	2	NLOH	2	0	2	1	1	1.53776434867735	1	2	NEUT	2	0
JFCF_6_T_1_M	chr11	240867	1379743	636	1	-0.469719	1	DLOH	1	0	1	1	1	1.32061750193672	1	1	HETD	1	0
JFCF_6_T_1_M	chr11	1380145	1389916	38	1	-0.263702	2	NLOH	2	0	2	1	1	1.59159958929904	1	2	NEUT	2	0
JFCF_6_T_1_M	chr11	1390636	5049949	2011	1	-0.490889	1	DLOH	1	0	1	1	1	1.29490180563332	1	1	HETD	1	0
JFCF_6_T_1_M	chr11	5050783	5289306	224	1	-0.332033	2	NLOH	2	0	2	1	1	1.49739961981307	1	2	NEUT	2	0
JFCF_6_T_1_M	chr11	5291532	5329920	39	1	-0.544588	1	DLOH	1	0	1	1	1	1.23134004851897	1	1	HETD	1	0
JFCF_6_T_1_M	chr11	5330565	5409837	110	1	-0.270248	2	NLOH	2	0	2	1	1	1.58238091789004	1	2	NEUT	2	0
JFCF_6_T_1_M	chr11	5420148	5748222	272	1	-0.476467	1	DLOH	1	0	1	1	1	1.31237954095045	1	1	HETD	1	0
JFCF_6_T_1_M	chr11	5751580	5812949	131	1	-0.359545	2	NLOH	2	0	2	1	1	1.46071404510111	1	2	NEUT	2	0
JFCF_6_T_1_M	chr11	5814098	7829337	1175	1	-0.487707	1	DLOH	1	0	1	1	1	1.29874300044268	1	1	HETD	1	0
JFCF_6_T_1_M	chr11	7840065	7859404	62	1	-0.321672	2	NLOH	2	0	2	1	1	1.51139773765177	1	2	NEUT	2	0
JFCF_6_T_1_M	chr11	7860750	9738621	1099	1	-0.421969	1	DLOH	1	0	1	1	1	1.38002485824328	1	1	HETD	1	0
JFCF_6_T_1_M	chr11	9749894	9857326	67	1	-0.335993	2	NLOH	2	0	2	1	1	1.49207600242211	1	2	NEUT	2	0
JFCF_6_T_1_M	chr11	9863476	11898743	1388	1	-0.440682	1	DLOH	1	0	1	1	1	1.35650882889831	1	1	HETD	1	0
JFCF_6_T_1_M	chr11	11903129	11980397	50	1	-0.321998	2	NLOH	2	0	2	1	1	1.51095576534593	1	2	NEUT	2	0
JFCF_6_T_1_M	chr11	11986061	12009819	28	1	-0.484394	1	DLOH	1	0	1	1	1	1.30275134638245	1	1	HETD	1	0
JFCF_6_T_1_M	chr11	12010327	12157814	90	1	-0.359089	2	NLOH	2	0	2	1	1	1.46131640922006	1	2	NEUT	2	0
JFCF_6_T_1_M	chr11	12159098	12209826	65	1	-0.467445	1	DLOH	1	0	1	1	1	1.32340229361628	1	1	HETD	1	0
JFCF_6_T_1_M	chr11	12210173	12279991	51	1	-0.303575	2	NLOH	2	0	2	1	1	1.53608994002239	1	2	NEUT	2	0
JFCF_6_T_1_M	chr11	12282619	12571586	132	1	-0.397667	1	DLOH	1	0	1	1	1	1.41102324447611	1	1	HETD	1	0
JFCF_6_T_1_M	chr11	12580396	12795418	96	1	-0.324957	2	NLOH	2	0	2	1	1	1.50694868495284	1	2	NEUT	2	0
JFCF_6_T_1_M	chr11	12802005	13307622	524	1	-0.444532	1	DLOH	1	0	1	1	1	1.3517083748161	1	1	HETD	1	0
JFCF_6_T_1_M	chr11	13309671	13479364	107	1	-0.329478	2	NLOH	2	0	2	1	1	1.50084219218708	1	2	NEUT	2	0
JFCF_6_T_1_M	chr11	13481424	13809502	194	1	-0.480089	1	DLOH	1	0	1	1	1	1.30797366788768	1	1	HETD	1	0
JFCF_6_T_1_M	chr11	13820030	13829603	27	1	-0.220291	2	NLOH	2	0	2	1	1	1.65380489284578	1	2	NEUT	2	0
JFCF_6_T_1_M	chr11	13830128	19489018	2804	1	-0.471219	1	DLOH	1	0	1	1	1	1.31878296929983	1	1	HETD	1	0
JFCF_6_T_1_M	chr11	19490135	19527554	53	1	-0.266846	2	NLOH	2	0	2	1	1	1.58716670254067	1	2	NEUT	2	0
JFCF_6_T_1_M	chr11	19530914	50643892	12377	1	-0.779446	1	DLOH	1	0	1	1	1	0.979539151213125	1	1	HETD	1	0
JFCF_6_T_1_M	chr11	55670119	58427589	3901	0.583333	0.080201	3	HET	2	1	1	NA	NA	2.13975475790082	0.600653737643979	2	NEUT	1	1
JFCF_6_T_1_M	chr11	58430268	58439080	20	0.598465	0.51175	5	GAIN	3	1	2	1	1	3.04092117021146	0.612865915120391	3	GAIN	2	1
JFCF_6_T_1_M	chr11	58440166	129539589	37761	0.6	-0.126807	3	HET	2	1	1	NA	NA	1.79428966584035	0.624786819924629	2	NEUT	1	1
JFCF_6_T_1_M	chr11	129540016	129549483	22	0.617216	0.856127	8	BCNA	4	2	2	1	1	3.98066650310588	0.630312175012188	4	AMP	2	2
JFCF_6_T_1_M	chr11	129551393	134939568	3524	0.611111	-0.261654	3	HET	2	1	1	NA	NA	1.59449236976648	0.642102884040872	2	NEUT	1	1
JFCF_6_T_1_M	chr12	260214	880325	421	0.588235	0.19853	3	HET	2	1	1	NA	NA	2.36066993867622	0.604858366800659	2	NEUT	1	1
JFCF_6_T_1_M	chr12	883178	1016608	111	0.6	0.261947	5	GAIN	3	1	2	1	1	2.48673908079054	0.617884761285719	3	GAIN	2	1
JFCF_6_T_1_M	chr12	1021159	2307869	385	0.590909	0.212738	3	HET	2	1	1	NA	NA	2.38843484102836	0.607837046769788	2	NEUT	1	1
JFCF_6_T_1_M	chr12	2311836	2358844	52	0.565942	0.359755	5	GAIN	3	1	2	1	1	2.69237191737903	0.576834822592138	3	GAIN	2	1
JFCF_6_T_1_M	chr12	2360166	2749812	358	0.588235	0.22967	3	HET	2	1	1	NA	NA	2.42188200014978	0.604438218110328	2	NEUT	1	1
JFCF_6_T_1_M	chr12	2751125	2893063	90	0.590993	0.290505	5	GAIN	3	1	2	1	1	2.54534569552563	0.60689217453803	3	GAIN	2	1
JFCF_6_T_1_M	chr12	2907087	3416630	603	0.588235	0.20685	3	HET	2	1	1	NA	NA	2.37689547805354	0.604744889748303	2	NEUT	1	1
JFCF_6_T_1_M	chr12	3420653	3577397	96	0.604348	0.295211	5	GAIN	3	1	2	1	1	2.55511515650633	0.622510976409289	3	GAIN	2	1
JFCF_6_T_1_M	chr12	3585544	7318633	2255	0.586207	0.192262	3	HET	2	1	1	NA	NA	2.34850783136064	0.602532402092076	2	NEUT	1	1
JFCF_6_T_1_M	chr12	7320545	7647187	51	0.566667	0.344648	5	GAIN	3	1	2	1	1	2.6596933601354	0.577814890926097	3	GAIN	2	1
JFCF_6_T_1_M	chr12	7671598	8158404	264	0.587221	0.146448	3	HET	2	1	1	NA	NA	2.2611992685638	0.604376192385705	2	NEUT	1	1
JFCF_6_T_1_M	chr12	8160627	8189880	31	0.583333	0.392857	5	GAIN	3	1	2	1	1	2.76518385680781	0.596736134367652	3	GAIN	2	1
JFCF_6_T_1_M	chr12	8190049	9779894	683	0.578947	0.182886	3	HET	2	1	1	NA	NA	2.33041347213073	0.594013626302104	2	NEUT	1	1
JFCF_6_T_1_M	chr12	9796871	10669230	464	0.593171	0.283671	5	GAIN	3	1	2	1	1	2.53121521520006	0.609541617144193	3	GAIN	2	1
JFCF_6_T_1_M	chr12	10680619	10739929	234	0.588235	0.224663	3	HET	2	1	1	NA	NA	2.41195035521655	0.604504937812373	2	NEUT	1	1
JFCF_6_T_1_M	chr12	10745766	11049363	261	0.583333	0.306348	5	GAIN	3	1	2	1	1	2.57836244977767	0.597707290467677	3	GAIN	2	1
JFCF_6_T_1_M	chr12	11050250	11149769	138	0.583333	0.201179	3	HET	2	1	1	NA	NA	2.36582582891596	0.598998620998414	2	NEUT	1	1
JFCF_6_T_1_M	chr12	11150033	11172544	136	0.612007	0.36447	5	GAIN	3	1	2	1	1	2.70264138806277	0.630438900167018	3	GAIN	2	1
JFCF_6_T_1_M	chr12	11172629	11174327	13	0.925926	0.36447	4	ALOH	3	0	3	1	1	2.70264138806277	0.996016489974172	3	GAIN	3	0
JFCF_6_T_1_M	chr12	11174372	11284772	760	0.714286	0.27971	5	GAIN	3	1	2	1	1	2.52305574964107	0.752058899117424	3	GAIN	2	1
JFCF_6_T_1_M	chr12	11284914	11285109	17	0.9	0.358886	4	ALOH	3	0	3	1	1	2.69048285857848	0.966121565797012	3	GAIN	3	0
JFCF_6_T_1_M	chr12	11285141	11349969	119	0.6	0.290367	5	GAIN	3	1	2	1	1	2.54505969391479	0.617474927973653	3	GAIN	2	1
JFCF_6_T_1_M	chr12	11350263	12559234	720	0.591751	0.1788	3	HET	2	1	1	NA	NA	2.32256478314853	0.609320376001454	2	NEUT	1	1
JFCF_6_T_1_M	chr12	12580405	13630096	800	0.583333	0.301078	5	GAIN	3	1	2	1	1	2.56733952041039	0.597769006803702	3	GAIN	2	1
JFCF_6_T_1_M	chr12	13631960	15468046	1138	0.588235	0.171727	3	HET	2	1	1	NA	NA	2.30903087862201	0.605230131008955	2	NEUT	1	1
JFCF_6_T_1_M	chr12	15472354	15548498	135	0.578947	0.316125	5	GAIN	3	1	2	1	1	2.59891933984031	0.592457026408184	3	GAIN	2	1
JFCF_6_T_1_M	chr12	15554246	15699772	37	0.583333	0.182355	3	HET	2	1	1	NA	NA	2.32939223119079	0.599243644110421	2	NEUT	1	1
JFCF_6_T_1_M	chr12	15700857	16016108	121	0.5625	0.311951	5	GAIN	3	1	2	1	1	2.59012614090225	0.573231797512069	3	GAIN	2	1
JFCF_6_T_1_M	chr12	16018712	16503424	276	0.583333	0.227345	3	HET	2	1	1	NA	NA	2.41726595486463	0.598665252005399	2	NEUT	1	1
JFCF_6_T_1_M	chr12	16510079	16529269	33	0.6	0.253506	5	GAIN	3	1	2	1	1	2.46963745608178	0.618008608806237	3	GAIN	2	1
JFCF_6_T_1_M	chr12	16540394	18219249	908	0.583333	0.180276	3	HET	2	1	1	NA	NA	2.3253974281122	0.599270977025348	2	NEUT	1	1
JFCF_6_T_1_M	chr12	18220136	18729614	391	0.583333	0.336416	5	GAIN	3	1	2	1	1	2.64202990163928	0.597360899820915	3	GAIN	2	1
JFCF_6_T_1_M	chr12	18731043	18809209	118	0.589572	0.13764	3	HET	2	1	1	NA	NA	2.24472914224756	0.607318866978715	2	NEUT	1	1
JFCF_6_T_1_M	chr12	18810048	18887348	101	0.6	0.30395	5	GAIN	3	1	2	1	1	2.57334171042764	0.617282871784803	3	GAIN	2	1
JFCF_6_T_1_M	chr12	18895858	19249696	241	0.580645	0.232701	3	HET	2	1	1	NA	NA	2.42791091612425	0.595417638350676	2	NEUT	1	1
JFCF_6_T_1_M	chr12	19251468	19382823	88	0.611111	0.288677	5	GAIN	3	1	2	1	1	2.54155942846948	0.630554307944846	3	GAIN	2	1
JFCF_6_T_1_M	chr12	19394160	21569730	1276	0.583333	0.153119	3	HET	2	1	1	NA	NA	2.27374049758344	0.599633070664813	2	NEUT	1	1
JFCF_6_T_1_M	chr12	21581446	21681322	168	0.583333	0.328285	5	GAIN	3	1	2	1	1	2.6246818202802	0.597453618544194	3	GAIN	2	1
JFCF_6_T_1_M	chr12	21749978	24729864	1845	0.588235	0.17115	3	HET	2	1	1	NA	NA	2.3079297364601	0.60523823959866	2	NEUT	1	1
JFCF_6_T_1_M	chr12	24742342	24799067	37	0.571429	0.359344	5	GAIN	3	1	2	1	1	2.69147833118028	0.583232126178168	3	GAIN	2	1
JFCF_6_T_1_M	chr12	24800607	25379793	555	0.578947	0.197351	3	HET	2	1	1	NA	NA	2.35837823062853	0.59383497193681	2	NEUT	1	1
JFCF_6_T_1_M	chr12	25381987	25459794	104	0.583333	0.290632	5	GAIN	3	1	2	1	1	2.54560892408092	0.597892239808384	3	GAIN	2	1
JFCF_6_T_1_M	chr12	25460048	25629955	101	0.580645	0.216898	3	HET	2	1	1	NA	NA	2.39661608958917	0.595610538313527	2	NEUT	1	1
JFCF_6_T_1_M	chr12	25655169	26017632	149	0.6	0.266002	5	GAIN	3	1	2	1	1	2.49499023471478	0.617825614794397	3	GAIN	2	1
JFCF_6_T_1_M	chr12	26024756	26189238	127	0.571429	0.171186	3	HET	2	1	1	NA	NA	2.30799842569008	0.585193246108282	2	NEUT	1	1
JFCF_6_T_1_M	chr12	26190069	27901229	1436	0.588235	0.309191	5	GAIN	3	1	2	1	1	2.58432571638064	0.603419727697894	3	GAIN	2	1
JFCF_6_T_1_M	chr12	27902532	27976468	109	0.578947	0.188511	3	HET	2	1	1	NA	NA	2.34125481464178	0.593943859245906	2	NEUT	1	1
JFCF_6_T_1_M	chr12	27981870	28319022	232	0.583333	0.298823	5	GAIN	3	1	2	1	1	2.56263516491307	0.597795507691887	3	GAIN	2	1
JFCF_6_T_1_M	chr12	28320492	31999144	3622	0.578947	0.182141	3	HET	2	1	1	NA	NA	2.32898076388473	0.594022894768412	2	NEUT	1	1
JFCF_6_T_1_M	chr12	32000892	32029983	57	0.607143	0.349653	5	GAIN	3	1	2	1	1	2.67048199408156	0.624986806943848	3	GAIN	2	1
JFCF_6_T_1_M	chr12	32030152	32460957	510	0.583333	0.137611	3	HET	2	1	1	NA	NA	2.24467508090255	0.599844133882751	2	NEUT	1	1
JFCF_6_T_1_M	chr12	32462672	32668892	58	0.577381	0.313066	5	GAIN	3	1	2	1	1	2.59247257713051	0.590655969567656	3	GAIN	2	1
JFCF_6_T_1_M	chr12	32671052	32759698	92	0.574176	0.222614	3	HET	2	1	1	NA	NA	2.40789598562072	0.587876583211144	2	NEUT	1	1
JFCF_6_T_1_M	chr12	32761558	33288775	575	0.578947	0.303133	5	GAIN	3	1	2	1	1	2.5716330466864	0.592600374442059	3	GAIN	2	1
JFCF_6_T_1_M	chr12	33309797	59919033	11446	0.586207	0.030043	3	HET	2	1	1	NA	NA	2.05144373729409	0.604896440010636	2	NEUT	1	1
JFCF_6_T_1_M	chr12	59920382	59928903	25	0.636364	0.419378	5	GAIN	3	1	2	1	1	2.82473759189022	0.657834145613197	3	GAIN	2	1
JFCF_6_T_1_M	chr12	59930050	71332580	7656	0.583333	0.010118	3	HET	2	1	1	NA	NA	2.01720592084715	0.60170600317287	2	NEUT	1	1
JFCF_6_T_1_M	chr12	71332586	71332650	14	1	0.271363	4	ALOH	3	0	3	1	1	2.50593450962792	1	3	GAIN	3	0
JFCF_6_T_1_M	chr12	71392136	96907972	14422	0.583333	-0.001677	3	HET	2	1	1	NA	NA	1.99715985758158	0.601890418247399	2	NEUT	1	1
JFCF_6_T_1_M	chr12	96910160	96918529	14	0.581169	-1.146785	1	DLOH	1	0	1	1	1	0.659375253508406	0.635917335382688	1	HETD	1	0
JFCF_6_T_1_M	chr12	96923355	133808447	23722	0.588235	-0.054927	3	HET	2	1	1	NA	NA	1.90867194335905	0.608794993257323	2	NEUT	1	1
JFCF_6_T_1_M	chr13	20216720	62299673	24036	0.590909	-0.054575	3	HET	2	1	1	NA	NA	1.90924621902759	0.612085701198923	2	NEUT	1	1
JFCF_6_T_1_M	chr13	62300030	62357850	104	0.589572	0.285129	5	GAIN	3	1	2	1	1	2.53422426875972	0.605291567514918	3	GAIN	2	1
JFCF_6_T_1_M	chr13	62359887	63519423	1146	0.583333	0.188437	3	HET	2	1	1	NA	NA	2.34111191620037	0.599163994890756	2	NEUT	1	1
JFCF_6_T_1_M	chr13	63520488	63612678	171	0.636364	0.238921	5	GAIN	3	1	2	1	1	2.44032276131624	0.661216256586028	3	GAIN	2	1
JFCF_6_T_1_M	chr13	63612845	63633671	402	0.675338	0.149539	3	HET	2	1	1	NA	NA	2.26700302282577	0.709736326684284	2	NEUT	1	1
JFCF_6_T_1_M	chr13	63633680	63635853	130	0.746688	0.149539	5	GAIN	3	1	2	1	1	2.26700302282577	0.795083980409796	3	GAIN	2	1
JFCF_6_T_1_M	chr13	63635908	63641749	292	0.666667	0.149539	3	HET	2	1	1	NA	NA	2.26700302282577	0.699364224295302	2	NEUT	1	1
JFCF_6_T_1_M	chr13	63641766	63646604	183	0.728395	0.174295	5	GAIN	3	1	2	1	1	2.31393697439729	0.772293373966661	3	GAIN	2	1
JFCF_6_T_1_M	chr13	63646639	84075112	14405	0.583333	0.040911	3	HET	2	1	1	NA	NA	2.07031885821656	0.601234653475727	2	NEUT	1	1
JFCF_6_T_1_M	chr13	84108675	84108897	15	0.863636	0.061302	2	NLOH	2	0	2	1	1	2.10611911765003	0.940424698904425	2	NEUT	2	0
JFCF_6_T_1_M	chr13	84132586	90789734	4854	0.583333	0.031376	3	HET	2	1	1	NA	NA	2.05375119681105	0.60137906655451	2	NEUT	1	1
JFCF_6_T_1_M	chr13	90800352	93677170	2079	0.675676	0.572362	5	GAIN	3	1	2	1	1	3.19048449628972	0.700164893542044	3	GAIN	2	1
JFCF_6_T_1_M	chr13	93740906	93748767	37	0.692308	0.968918	7	ASCNA	4	1	3	1	1	4.34053276694352	0.712012602561027	4	AMP	3	1
JFCF_6_T_1_M	chr13	93750061	96199409	1741	0.677419	0.59775	5	GAIN	3	1	2	1	1	3.25502211595974	0.701660503435122	3	GAIN	2	1
JFCF_6_T_1_M	chr13	96200552	96258386	40	0.666667	0.81455	8	BCNA	4	2	2	1	1	3.85495078854361	0.685895444247784	4	AMP	2	2
JFCF_6_T_1_M	chr13	96262797	96451934	92	0.690598	0.652707	5	GAIN	3	1	2	1	1	3.39867728351084	0.715539454583299	3	GAIN	2	1
JFCF_6_T_1_M	chr13	96460070	96528855	47	0.657895	0.754163	7	ASCNA	4	1	3	1	1	3.67869254559628	0.676984223060888	4	AMP	3	1
JFCF_6_T_1_M	chr13	96530537	97849951	993	0.676471	0.617268	5	GAIN	3	1	2	1	1	3.30541584565236	0.700215367723773	3	GAIN	2	1
JFCF_6_T_1_M	chr13	97850125	97949822	81	0.666667	0.779248	7	ASCNA	4	1	3	1	1	3.75101620200745	0.686428233309467	4	AMP	3	1
JFCF_6_T_1_M	chr13	97951435	101959985	2783	0.666667	0.61648	5	GAIN	3	1	2	1	1	3.30336806589675	0.689106130256391	3	GAIN	2	1
JFCF_6_T_1_M	chr13	101970040	102169519	190	0.666667	0.772734	7	ASCNA	4	1	3	1	1	3.73211435971501	0.686528316983095	4	AMP	3	1
JFCF_6_T_1_M	chr13	102171095	111559791	7918	0.692308	0.573074	5	GAIN	3	1	2	1	1	3.19227900156726	0.719100292601538	3	GAIN	2	1
JFCF_6_T_1_M	chr13	111561798	111569300	26	0.689327	0.803723	7	ASCNA	4	1	3	1	1	3.82280360292737	0.711353420914138	4	AMP	3	1
JFCF_6_T_1_M	chr13	111570004	115093704	3288	0.7	0.570703	5	GAIN	3	1	2	1	1	3.18630663246038	0.727916167506744	3	GAIN	2	1
JFCF_6_T_1_M	chr14	20210007	27117177	5293	0.583333	0.086645	3	HET	2	1	1	NA	NA	2.1513246194742	0.600560586412837	2	NEUT	1	1
JFCF_6_T_1_M	chr14	27117817	27117890	8	0.931034	0.073432	2	NLOH	2	0	2	1	1	2.12765690142452	1	2	NEUT	2	0
JFCF_6_T_1_M	chr14	27118376	59329655	19616	0.578947	0.084867	3	HET	2	1	1	NA	NA	2.14812715036657	0.595292153920703	2	NEUT	1	1
JFCF_6_T_1_M	chr14	59330827	59389682	102	0.571429	0.291897	5	GAIN	3	1	2	1	1	2.54823211158837	0.583895626648435	3	GAIN	2	1
JFCF_6_T_1_M	chr14	59391958	59449819	62	0.557778	0.183713	3	HET	2	1	1	NA	NA	2.33200474115182	0.568797108084254	2	NEUT	1	1
JFCF_6_T_1_M	chr14	59451196	59808207	389	0.588235	0.308541	5	GAIN	3	1	2	1	1	2.5829612880269	0.603427748907159	3	GAIN	2	1
JFCF_6_T_1_M	chr14	59811665	59839129	29	0.6	0.176294	3	HET	2	1	1	NA	NA	2.31776206015359	0.619188654264562	2	NEUT	1	1
JFCF_6_T_1_M	chr14	59842139	60019941	226	0.571429	0.311617	5	GAIN	3	1	2	1	1	2.58942361514984	0.583697312593916	3	GAIN	2	1
JFCF_6_T_1_M	chr14	60030675	60369092	168	0.583333	0.195058	3	HET	2	1	1	NA	NA	2.35392651939938	0.599077812116528	2	NEUT	1	1
JFCF_6_T_1_M	chr14	60372486	60617696	287	0.583333	0.302098	5	GAIN	3	1	2	1	1	2.56946984931483	0.597757038014667	3	GAIN	2	1
JFCF_6_T_1_M	chr14	60618745	70279457	4956	0.580645	0.096713	3	HET	2	1	1	NA	NA	2.16950494528295	0.597177181680224	2	NEUT	1	1
JFCF_6_T_1_M	chr14	70280239	70297982	33	0.580645	0.375422	5	GAIN	3	1	2	1	1	2.72662523067288	0.593799227984134	3	GAIN	2	1
JFCF_6_T_1_M	chr14	70300012	74649362	2561	0.588235	0.192963	3	HET	2	1	1	NA	NA	2.34986539315463	0.60493480008226	2	NEUT	1	1
JFCF_6_T_1_M	chr14	74651114	74689960	42	0.577381	0.3484	5	GAIN	3	1	2	1	1	2.66777755019274	0.590281248959627	3	GAIN	2	1
JFCF_6_T_1_M	chr14	74690983	75287554	542	0.589572	0.189654	3	HET	2	1	1	NA	NA	2.3434629474511	0.606571163368058	2	NEUT	1	1
JFCF_6_T_1_M	chr14	75290018	75389833	87	0.6	0.28733	5	GAIN	3	1	2	1	1	2.53877250688819	0.617518204060875	3	GAIN	2	1
JFCF_6_T_1_M	chr14	75390912	75509306	69	0.588235	0.225982	3	HET	2	1	1	NA	NA	2.4145633171732	0.60448733101439	2	NEUT	1	1
JFCF_6_T_1_M	chr14	75510586	75538217	30	0.604348	0.427299	5	GAIN	3	1	2	1	1	2.84273780265939	0.620673282010612	3	GAIN	2	1
JFCF_6_T_1_M	chr14	75541954	80707574	3455	0.588235	0.169288	3	HET	2	1	1	NA	NA	2.30437931282142	0.605264436980085	2	NEUT	1	1
JFCF_6_T_1_M	chr14	80723131	81029788	131	0.571429	0.298705	5	GAIN	3	1	2	1	1	2.56238919704445	0.583826749095012	3	GAIN	2	1
JFCF_6_T_1_M	chr14	81030092	91418457	7405	0.583333	0.067807	3	HET	2	1	1	NA	NA	2.11764674568264	0.60083456434713	2	NEUT	1	1
JFCF_6_T_1_M	chr14	91418983	91419128	14	0.880357	0.158398	2	NLOH	2	0	2	1	1	2.28370600300312	0.954430793637269	2	NEUT	2	0
JFCF_6_T_1_M	chr14	91419557	104069002	9569	0.590909	-0.115698	3	HET	2	1	1	NA	NA	1.81159718595274	0.613227171505801	2	NEUT	1	1
JFCF_6_T_1_M	chr14	104070983	104098063	31	0.692308	-0.381646	1	DLOH	1	0	1	1	1	1.43174626238189	0.752045172237104	1	HETD	1	0
JFCF_6_T_1_M	chr14	104100560	104869315	421	0.631579	-0.322142	3	HET	2	1	1	NA	NA	1.51076057011332	0.670314066636324	2	NEUT	1	1
JFCF_6_T_1_M	chr14	104890460	104899788	8	0.732353	-0.657804	1	DLOH	1	0	1	1	1	1.10483709761228	0.82588568537567	1	HETD	1	0
JFCF_6_T_1_M	chr14	104900295	106369927	530	0.636364	-0.257449	3	HET	2	1	1	NA	NA	1.6004447794118	0.674258170543793	2	NEUT	1	1
JFCF_6_T_1_M	chr14	106370603	106389517	47	0.636364	-0.453215	1	DLOH	1	0	1	1	1	1.3409287036337	0.681592002989726	1	HETD	1	0
JFCF_6_T_1_M	chr14	106391339	106718556	210	0.636364	-0.290641	3	HET	2	1	1	NA	NA	1.55392831692901	0.675392523231246	2	NEUT	1	1
JFCF_6_T_1_M	chr14	106720304	106729374	75	0.733333	-0.391799	1	DLOH	1	0	1	1	1	1.418586754313	0.806486251098854	1	HETD	1	0
JFCF_6_T_1_M	chr14	106729508	106870425	313	0.647059	-0.258886	3	HET	2	1	1	NA	NA	1.59840867488489	0.687977259100903	2	NEUT	1	1
JFCF_6_T_1_M	chr14	106870492	106879952	220	0.733333	-0.397677	1	DLOH	1	0	1	1	1	1.41101038129915	0.806879045032085	1	HETD	1	0
JFCF_6_T_1_M	chr14	106890272	106919982	90	0.666667	-0.282749	3	HET	2	1	1	NA	NA	1.56489166665871	0.714034308481953	2	NEUT	1	1
JFCF_6_T_1_M	chr14	106920039	106929979	122	0.761905	-0.478724	1	DLOH	1	0	1	1	1	1.30963278245211	0.850847149160394	1	HETD	1	0
JFCF_6_T_1_M	chr14	106940006	107008570	177	0.642857	-0.286849	3	HET	2	1	1	NA	NA	1.55918857428537	0.683605933771031	2	NEUT	1	1
JFCF_6_T_1_M	chr14	107009740	107010289	29	0.9	-0.269695	2	NLOH	2	0	2	1	1	1.58315808615692	1	2	NEUT	2	0
JFCF_6_T_1_M	chr14	107010826	107254305	1719	0.666667	-0.223984	3	HET	2	1	1	NA	NA	1.64843990403712	0.711633580907151	2	NEUT	1	1
JFCF_6_T_1_M	chr14	107256013	107261195	33	0.842105	-0.283257	2	NLOH	2	0	2	1	1	1.56418415961572	0.93937634154146	2	NEUT	2	0
JFCF_6_T_1_M	chr14	107261554	107268495	49	0.705882	-0.283257	3	HET	2	1	1	NA	NA	1.56418415961572	0.764420806329164	2	NEUT	1	1
JFCF_6_T_1_M	chr15	21910133	34739765	6714	0.583333	0.023833	3	HET	2	1	1	NA	NA	2.04072211444113	0.601494282480249	2	NEUT	1	1
JFCF_6_T_1_M	chr15	34740014	34749928	46	0.59233	0.361794	5	GAIN	3	1	2	1	1	2.69680882772119	0.607556708788362	3	GAIN	2	1
JFCF_6_T_1_M	chr15	34750037	36381015	977	0.578947	0.137613	3	HET	2	1	1	NA	NA	2.24467880923629	0.59458909042715	2	NEUT	1	1
JFCF_6_T_1_M	chr15	36381030	36381182	19	0.846154	0.185819	2	NLOH	2	0	2	1	1	2.33606111485315	0.912055988889988	2	NEUT	2	0
JFCF_6_T_1_M	chr15	36381553	37489572	779	0.576923	0.155074	3	HET	2	1	1	NA	NA	2.27742682501884	0.591944909773343	2	NEUT	1	1
JFCF_6_T_1_M	chr15	37490194	37499845	25	0.545455	0.386845	5	GAIN	3	1	2	1	1	2.75183526121914	0.552801366625333	3	GAIN	2	1
JFCF_6_T_1_M	chr15	37500462	47308583	5269	0.578947	0.095665	3	HET	2	1	1	NA	NA	2.16760659430106	0.595145266330383	2	NEUT	1	1
JFCF_6_T_1_M	chr15	47310059	57409449	6838	0.666667	0.592115	5	GAIN	3	1	2	1	1	3.24059942927337	0.689540763923387	3	GAIN	2	1
JFCF_6_T_1_M	chr15	57410217	57519543	103	0.73913	0.999244	7	ASCNA	4	1	3	1	1	4.44218583016478	0.763071464289999	4	AMP	3	1
JFCF_6_T_1_M	chr15	57520911	58385264	461	0.761905	1.113146	10	ASCNA	5	1	4	1	1	4.84365292869701	0.785953286695375	5	HLAMP	4	1
JFCF_6_T_1_M	chr15	58400404	58515870	40	0.587963	0.430897	5	GAIN	3	1	2	1	1	2.85094683724578	0.601685216947733	3	GAIN	2	1
JFCF_6_T_1_M	chr15	58520259	58977856	344	0.705882	0.821767	7	ASCNA	4	1	3	1	1	3.87651367284527	0.729502572842114	4	AMP	3	1
JFCF_6_T_1_M	chr15	58982390	58988380	11	0.714286	0.550811	5	GAIN	3	1	2	1	1	3.13658492743061	0.744670361496278	3	GAIN	2	1
JFCF_6_T_1_M	chr15	58992591	60549853	750	0.7	0.820788	7	ASCNA	4	1	3	1	1	3.87358229833449	0.722963103099128	4	AMP	3	1
JFCF_6_T_1_M	chr15	60550471	60559315	25	0.774194	0.628757	5	GAIN	3	1	2	1	1	3.33539975609309	0.810755450909711	3	GAIN	2	1
JFCF_6_T_1_M	chr15	60560261	61189609	532	0.714286	0.842424	7	ASCNA	4	1	3	1	1	3.9388320462226	0.738481784227516	4	AMP	3	1
JFCF_6_T_1_M	chr15	61190011	61197157	12	0.717803	-0.190299	3	HET	2	1	1	NA	NA	1.69788805501545	0.774854645093447	2	NEUT	1	1
JFCF_6_T_1_M	chr15	61200750	62052206	649	0.709677	0.760744	7	ASCNA	4	1	3	1	1	3.69754500160092	0.734897325845848	4	AMP	3	1
JFCF_6_T_1_M	chr15	62053897	62069236	22	0.730303	0.570799	5	GAIN	3	1	2	1	1	3.18654825856306	0.762446448103406	3	GAIN	2	1
JFCF_6_T_1_M	chr15	62073486	64758207	1675	0.714286	0.845861	7	ASCNA	4	1	3	1	1	3.94928770238177	0.738417726397485	4	AMP	3	1
JFCF_6_T_1_M	chr15	64764282	65034289	16	0.645	0.588247	5	GAIN	3	1	2	1	1	3.23073190452826	0.664960915180654	3	GAIN	2	1
JFCF_6_T_1_M	chr15	65052719	65179949	125	0.814815	1.469547	13	ASCNA	6	1	5	1	1	6.32561185312898	0.836949323087921	6	HLAMP	5	1
JFCF_6_T_1_M	chr15	65180363	65187857	13	0.758621	1.009888	7	ASCNA	4	1	3	1	1	4.47837426451703	0.784304651520908	4	AMP	3	1
JFCF_6_T_1_M	chr15	65190812	75259252	5928	0.619048	0.397854	5	GAIN	3	1	2	1	1	2.77632123265431	0.638118661459976	3	GAIN	2	1
JFCF_6_T_1_M	chr15	75261037	75318482	36	0.6	0.130554	3	HET	2	1	1	NA	NA	2.23155178716815	0.619929958648302	2	NEUT	1	1
JFCF_6_T_1_M	chr15	75320433	81739891	3838	0.625	0.358315	5	GAIN	3	1	2	1	1	2.68924222062523	0.645672521844029	3	GAIN	2	1
JFCF_6_T_1_M	chr15	81740964	81749873	20	0.623482	0.073213	3	HET	2	1	1	NA	NA	2.12726644207007	0.649298367422902	2	NEUT	1	1
JFCF_6_T_1_M	chr15	81751413	93799753	7202	0.631579	0.357221	5	GAIN	3	1	2	1	1	2.68686660771545	0.653358797771437	3	GAIN	2	1
JFCF_6_T_1_M	chr15	93800129	93820379	56	0.615385	0.116556	3	HET	2	1	1	NA	NA	2.20571009798212	0.638650601785955	2	NEUT	1	1
JFCF_6_T_1_M	chr15	93821340	94029967	225	0.636364	0.294046	5	GAIN	3	1	2	1	1	2.55269369595605	0.660122247028632	3	GAIN	2	1
JFCF_6_T_1_M	chr15	94031778	94319774	97	0.636364	0.1662	3	HET	2	1	1	NA	NA	2.2985012693315	0.662749683674038	2	NEUT	1	1
JFCF_6_T_1_M	chr15	94320854	94519436	81	0.666667	0.231668	5	GAIN	3	1	2	1	1	2.42585476858355	0.69722311872377	3	GAIN	2	1
JFCF_6_T_1_M	chr15	94520119	94977176	292	0.622024	0.181053	3	HET	2	1	1	NA	NA	2.32688976166147	0.645346914275997	2	NEUT	1	1
JFCF_6_T_1_M	chr15	94980080	101599870	5509	0.633333	0.325407	5	GAIN	3	1	2	1	1	2.61856478822451	0.655978801421689	3	GAIN	2	1
JFCF_6_T_1_M	chr15	101600883	102399429	646	0.596296	0.150591	3	HET	2	1	1	NA	NA	2.26898112746065	0.615171163897582	2	NEUT	1	1
JFCF_6_T_1_M	chr16	90024	32589882	21175	0.588235	-0.04757	3	HET	2	1	1	NA	NA	1.92070381903312	0.60866619917659	2	NEUT	1	1
JFCF_6_T_1_M	chr16	32590144	32590373	17	0.857143	0.017945	2	NLOH	2	0	2	1	1	2.03059896231856	0.935365438401903	2	NEUT	2	0
JFCF_6_T_1_M	chr16	32590389	32602612	178	0.673273	0.017945	3	HET	2	1	1	NA	NA	2.03059896231856	0.711223727213506	2	NEUT	1	1
JFCF_6_T_1_M	chr16	32602638	32603367	17	0.885714	-0.001	2	NLOH	2	0	2	1	1	1.99830601742572	0.971559349633187	2	NEUT	2	0
JFCF_6_T_1_M	chr16	32603385	33973501	1331	0.657143	-0.014932	3	HET	2	1	1	NA	NA	1.97482717975571	0.69253289805577	2	NEUT	1	1
JFCF_6_T_1_M	chr16	33973937	33973937	1	0.946384	-0.145525	2	NLOH	2	0	2	1	1	1.76542730290926	1	2	NEUT	2	0
JFCF_6_T_1_M	chr16	33974775	33974775	1	0.79865	-0.145525	1	DLOH	1	0	1	1	1	1.76542730290926	0.873886060629743	1	HETD	1	0
JFCF_6_T_1_M	chr16	33974811	33974993	5	0.638454	-0.145525	3	HET	2	1	1	NA	NA	1.76542730290926	0.673333402439077	2	NEUT	1	1
JFCF_6_T_1_M	chr16	33975009	33975630	2	0.794011	-0.145525	1	DLOH	1	0	1	1	1	1.76542730290926	0.868078401378909	1	HETD	1	0
JFCF_6_T_1_M	chr16	33975649	84098815	25378	0.588235	-0.078169	3	HET	2	1	1	NA	NA	1.8710618255362	0.609208268627645	2	NEUT	1	1
JFCF_6_T_1_M	chr16	84100602	84109997	19	0.578947	-1.403231	1	DLOH	1	0	1	1	1	0.479566291584809	0.652162047700602	1	HETD	1	0
JFCF_6_T_1_M	chr16	84112158	90149922	4885	0.588235	-0.063828	3	HET	2	1	1	NA	NA	1.89419674492176	0.608952109978734	2	NEUT	1	1
JFCF_6_T_1_M	chr17	1665	21250586	15254	0.588235	0.066999	3	HET	2	1	1	NA	NA	2.11621204555794	0.606778643756435	2	NEUT	1	1
JFCF_6_T_1_M	chr17	21250587	21250719	12	0.87234	0.096204	2	NLOH	2	0	2	1	1	2.16858276861219	0.948701958648465	2	NEUT	2	0
JFCF_6_T_1_M	chr17	21250744	39228352	6247	0.583333	0.090438	3	HET	2	1	1	NA	NA	2.15815895128066	0.600506031097669	2	NEUT	1	1
JFCF_6_T_1_M	chr17	39229555	39239879	47	0.590909	0.344512	5	GAIN	3	1	2	1	1	2.6594007244606	0.606112250989458	3	GAIN	2	1
JFCF_6_T_1_M	chr17	39270453	41380777	759	0.578947	0.131458	3	HET	2	1	1	NA	NA	2.23322929523772	0.594669285655511	2	NEUT	1	1
JFCF_6_T_1_M	chr17	41381934	41382468	3	0.801567	0.124043	1	DLOH	1	0	1	1	1	2.21950064595065	0.861995512989648	1	HETD	1	0
JFCF_6_T_1_M	chr17	41401810	62597717	10755	0.583333	0.086712	3	HET	2	1	1	NA	NA	2.15144518609145	0.600559620981865	2	NEUT	1	1
JFCF_6_T_1_M	chr17	62603487	62751662	32	0.698485	0.672722	5	GAIN	3	1	2	1	1	3.45237001091248	0.724054587607285	3	GAIN	2	1
JFCF_6_T_1_M	chr17	62979376	81102135	13984	0.583333	0.057404	3	HET	2	1	1	NA	NA	2.0992362654301	0.600988054552167	2	NEUT	1	1
JFCF_6_T_1_M	chr18	130168	2154927	1696	0.590909	0.31916	5	GAIN	3	1	2	1	1	2.60532904629657	0.60642778322356	3	GAIN	2	1
JFCF_6_T_1_M	chr18	2160097	2168596	51	0.590909	0.175778	3	HET	2	1	1	NA	NA	2.31677418681383	0.608360651924318	2	NEUT	1	1
JFCF_6_T_1_M	chr18	2170087	3499767	1339	0.586207	0.350578	5	GAIN	3	1	2	1	1	2.6724799985374	0.600553350462617	3	GAIN	2	1
JFCF_6_T_1_M	chr18	3502813	3525774	40	0.548589	0.097853	3	HET	2	1	1	NA	NA	2.17157151189483	0.558540239824682	2	NEUT	1	1
JFCF_6_T_1_M	chr18	3530256	4079990	599	0.583333	0.369789	5	GAIN	3	1	2	1	1	2.71426675508724	0.596987564612926	3	GAIN	2	1
JFCF_6_T_1_M	chr18	4080309	4099616	57	0.580645	0.177769	3	HET	2	1	1	NA	NA	2.32058787222291	0.596100846486522	2	NEUT	1	1
JFCF_6_T_1_M	chr18	4100170	4738878	585	0.588235	0.307257	5	GAIN	3	1	2	1	1	2.58026782314479	0.603443608166138	3	GAIN	2	1
JFCF_6_T_1_M	chr18	4740071	4925256	202	0.587221	0.227486	3	HET	2	1	1	NA	NA	2.4175456838336	0.603266739583756	2	NEUT	1	1
JFCF_6_T_1_M	chr18	4929505	6135091	1080	0.6	0.300831	5	GAIN	3	1	2	1	1	2.56682387313133	0.617326757517473	3	GAIN	2	1
JFCF_6_T_1_M	chr18	6140378	6919908	590	0.596875	0.208549	3	HET	2	1	1	NA	NA	2.38022036305115	0.614976222914014	2	NEUT	1	1
JFCF_6_T_1_M	chr18	6920231	7089479	163	0.583333	0.306006	5	GAIN	3	1	2	1	1	2.57764588738252	0.597711286391267	3	GAIN	2	1
JFCF_6_T_1_M	chr18	7100828	7158898	101	0.590909	0.162102	3	HET	2	1	1	NA	NA	2.29072008112843	0.608559142864947	2	NEUT	1	1
JFCF_6_T_1_M	chr18	7163497	11049326	2729	0.588235	0.340316	5	GAIN	3	1	2	1	1	2.65038559511208	0.603041253987448	3	GAIN	2	1
JFCF_6_T_1_M	chr18	11079192	11139699	58	0.587221	0.217867	3	HET	2	1	1	NA	NA	2.39852515972131	0.603393983767715	2	NEUT	1	1
JFCF_6_T_1_M	chr18	11141378	14116869	2026	0.590909	0.31498	5	GAIN	3	1	2	1	1	2.59650468138203	0.606480524667539	3	GAIN	2	1
JFCF_6_T_1_M	chr18	19470936	25762092	2994	0.583333	0.045201	3	HET	2	1	1	NA	NA	2.0778087931427	0.601170122889445	2	NEUT	1	1
JFCF_6_T_1_M	chr18	25867110	27299959	18	0.686508	0.692132	5	GAIN	3	1	2	1	1	3.50515607157472	0.710172834535531	3	GAIN	2	1
JFCF_6_T_1_M	chr18	27680088	27717765	12	0.918231	1.196337	9	ALOH	5	0	5	1	1	5.15756483349015	0.954295913243563	5	HLAMP	5	0
JFCF_6_T_1_M	chr18	28076288	28328106	186	0.794118	1.358348	13	ASCNA	6	1	5	1	1	5.82337516414651	0.816580609213555	6	HLAMP	5	1
JFCF_6_T_1_M	chr18	28337909	28472811	80	0.75	1.187634	10	ASCNA	5	1	4	1	1	5.12387084084462	0.771699773580005	5	HLAMP	4	1
JFCF_6_T_1_M	chr18	28473888	28630904	142	0.792385	1.327588	13	ASCNA	6	1	5	1	1	5.69114587802683	0.815234081054738	6	HLAMP	5	1
JFCF_6_T_1_M	chr18	28633522	28656261	24	0.782849	1.21988	10	ASCNA	5	1	4	1	1	5.24973767217212	0.806811405476729	5	HLAMP	4	1
JFCF_6_T_1_M	chr18	28660611	30359622	481	1	-0.95103	1	DLOH	1	0	1	1	1	0.81983008353507	1	1	HETD	1	0
JFCF_6_T_1_M	chr18	30365411	31674764	591	0.571429	0.08355	3	HET	2	1	1	NA	NA	2.14576126052662	0.58623393610036	2	NEUT	1	1
JFCF_6_T_1_M	chr18	31685816	71639256	13255	1	-0.859001	1	DLOH	1	0	1	1	1	0.903125473613882	1	1	HETD	1	0
JFCF_6_T_1_M	chr18	71642541	71647543	8	0.589015	0.460275	5	GAIN	3	1	2	1	1	2.91874593687766	0.602578765423175	3	GAIN	2	1
JFCF_6_T_1_M	chr18	71657789	74859478	2310	0.578947	0.104741	3	HET	2	1	1	NA	NA	2.18409272569513	0.595022997369941	2	NEUT	1	1
JFCF_6_T_1_M	chr18	74860683	75419713	730	0.666667	0.667638	5	GAIN	3	1	2	1	1	3.43866089356585	0.688223271063005	3	GAIN	2	1
JFCF_6_T_1_M	chr18	75420307	75458619	113	0.694444	0.745106	7	ASCNA	4	1	3	1	1	3.65288735946239	0.718117999470009	4	AMP	3	1
JFCF_6_T_1_M	chr18	75459770	75610160	111	0.68	0.674993	5	GAIN	3	1	2	1	1	3.45850943938768	0.703147117020975	3	GAIN	2	1
JFCF_6_T_1_M	chr18	75610706	75649953	57	0.684211	0.783482	7	ASCNA	4	1	3	1	1	3.76334795328977	0.705980805718905	4	AMP	3	1
JFCF_6_T_1_M	chr18	75650547	75807634	101	0.68	0.688207	5	GAIN	3	1	2	1	1	3.49442455844097	0.702909214771364	3	GAIN	2	1
JFCF_6_T_1_M	chr18	75815503	77660015	702	1	-0.917898	1	DLOH	1	0	1	1	1	0.849207591138108	1	1	HETD	1	0
JFCF_6_T_1_M	chr19	260301	29279770	17043	0.588235	0.032228	3	HET	2	1	1	NA	NA	2.05522714938181	0.607328890569569	2	NEUT	1	1
JFCF_6_T_1_M	chr19	29280464	29289688	42	0.5625	0.361971	5	GAIN	3	1	2	1	1	2.69719427962835	0.572805786826268	3	GAIN	2	1
JFCF_6_T_1_M	chr19	29300357	30204161	838	0.590909	0.208748	3	HET	2	1	1	NA	NA	2.38061005548936	0.607892687270534	2	NEUT	1	1
JFCF_6_T_1_M	chr19	30216083	30249397	35	0.571429	0.353314	5	GAIN	3	1	2	1	1	2.67839727561657	0.583289771603202	3	GAIN	2	1
JFCF_6_T_1_M	chr19	30250970	33176191	1638	0.588235	0.181658	3	HET	2	1	1	NA	NA	2.32805230263383	0.605091271760521	2	NEUT	1	1
JFCF_6_T_1_M	chr19	33182320	33249914	69	0.590909	0.332632	5	GAIN	3	1	2	1	1	2.63394429786733	0.606259186687037	3	GAIN	2	1
JFCF_6_T_1_M	chr19	33250428	34658610	1003	0.590909	0.179796	3	HET	2	1	1	NA	NA	2.32447592475773	0.608302828976626	2	NEUT	1	1
JFCF_6_T_1_M	chr19	34660146	34719058	88	0.581989	0.262535	5	GAIN	3	1	2	1	1	2.48793411181703	0.59664549358422	3	GAIN	2	1
JFCF_6_T_1_M	chr19	34720258	41888445	4266	0.611111	-0.043899	3	HET	2	1	1	NA	NA	1.92673047624568	0.636758760928217	2	NEUT	1	1
JFCF_6_T_1_M	chr19	41962076	42049821	62	0.622024	0.311807	5	GAIN	3	1	2	1	1	2.58982323560312	0.64297904036525	3	GAIN	2	1
JFCF_6_T_1_M	chr19	42057906	50040152	2975	0.6	-0.126552	3	HET	2	1	1	NA	NA	1.79468545627716	0.624781353570482	2	NEUT	1	1
JFCF_6_T_1_M	chr19	50042016	50048543	27	0.631579	-0.50958	1	DLOH	1	0	1	1	1	1.27250895257707	0.677566426050211	1	HETD	1	0
JFCF_6_T_1_M	chr19	50053452	59089308	5970	0.6	-0.166388	3	HET	2	1	1	NA	NA	1.73369567138048	0.62565313830679	2	NEUT	1	1
JFCF_6_T_1_M	chr20	68749	259969	211	0.578947	0.218003	3	HET	2	1	1	NA	NA	2.39879320201489	0.593584138743136	2	NEUT	1	1
JFCF_6_T_1_M	chr20	260400	279483	34	0.575188	0.336094	5	GAIN	3	1	2	1	1	2.64134103023269	0.587848108349738	3	GAIN	2	1
JFCF_6_T_1_M	chr20	282422	561189	192	0.590909	0.114479	3	HET	2	1	1	NA	NA	2.20189706807731	0.609271137486665	2	NEUT	1	1
JFCF_6_T_1_M	chr20	571306	578423	3	0.571429	-1.126359	1	DLOH	1	0	1	1	1	0.675118856715025	0.618484208179639	1	HETD	1	0
JFCF_6_T_1_M	chr20	580065	11729836	8743	0.578947	0.146679	3	HET	2	1	1	NA	NA	2.26163257130341	0.594471833414363	2	NEUT	1	1
JFCF_6_T_1_M	chr20	11730273	11739863	43	0.565217	0.369331	5	GAIN	3	1	2	1	1	2.71326404918849	0.575907108774762	3	GAIN	2	1
JFCF_6_T_1_M	chr20	11750105	30408580	7766	0.578947	0.081933	3	HET	2	1	1	NA	NA	2.1428593958178	0.595332334932618	2	NEUT	1	1
JFCF_6_T_1_M	chr20	30410877	31209120	564	0.578947	0.296631	5	GAIN	3	1	2	1	1	2.55806928175181	0.592672769338795	3	GAIN	2	1
JFCF_6_T_1_M	chr20	31213499	31496931	254	0.58477	0.219389	3	HET	2	1	1	NA	NA	2.40152630972753	0.60046886308178	2	NEUT	1	1
JFCF_6_T_1_M	chr20	31501285	31927706	194	0.585784	0.303467	5	GAIN	3	1	2	1	1	2.57233145324689	0.600615761469473	3	GAIN	2	1
JFCF_6_T_1_M	chr20	31929643	32086447	74	0.571429	0.234796	3	HET	2	1	1	NA	NA	2.43208545798358	0.584490982770566	2	NEUT	1	1
JFCF_6_T_1_M	chr20	32107272	32459584	109	0.6	0.303677	5	GAIN	3	1	2	1	1	2.57277065394097	0.617286707919993	3	GAIN	2	1
JFCF_6_T_1_M	chr20	32460554	32527873	48	0.583333	0.147953	3	HET	2	1	1	NA	NA	2.26402354843178	0.59970302884079	2	NEUT	1	1
JFCF_6_T_1_M	chr20	32531113	35018919	1117	0.583333	0.2933	5	GAIN	3	1	2	1	1	2.55114415642921	0.597860650540898	3	GAIN	2	1
JFCF_6_T_1_M	chr20	35020469	35723516	136	0.609903	0.212753	3	HET	2	1	1	NA	NA	2.3884642983652	0.630367642433403	2	NEUT	1	1
JFCF_6_T_1_M	chr20	35740794	36532374	296	0.590909	0.267636	5	GAIN	3	1	2	1	1	2.49832167507298	0.607092479132782	3	GAIN	2	1
JFCF_6_T_1_M	chr20	36557276	36588181	44	0.576037	0.177206	3	HET	2	1	1	NA	NA	2.31950893319283	0.590616488634948	2	NEUT	1	1
JFCF_6_T_1_M	chr20	36591820	37280356	359	0.578947	0.333653	5	GAIN	3	1	2	1	1	2.63612386917078	0.592266354725553	3	GAIN	2	1
JFCF_6_T_1_M	chr20	37281957	37566737	296	0.583333	0.203255	3	HET	2	1	1	NA	NA	2.36987308061528	0.598971867366869	2	NEUT	1	1
JFCF_6_T_1_M	chr20	37570404	37598944	30	0.6	0.365849	5	GAIN	3	1	2	1	1	2.70565125772963	0.616437718908802	3	GAIN	2	1
JFCF_6_T_1_M	chr20	37600036	39197874	718	0.593171	0.235314	3	HET	2	1	1	NA	NA	2.43311857095043	0.610201635371547	2	NEUT	1	1
JFCF_6_T_1_M	chr20	39200914	40276734	774	0.583333	0.320755	5	GAIN	3	1	2	1	1	2.60870298322051	0.597540110208577	3	GAIN	2	1
JFCF_6_T_1_M	chr20	40334892	42147370	879	0.588235	0.185795	3	HET	2	1	1	NA	NA	2.33601485500883	0.605033815384997	2	NEUT	1	1
JFCF_6_T_1_M	chr20	42177584	42229470	48	0.571429	0.308189	5	GAIN	3	1	2	1	1	2.58222265414727	0.583731524841421	3	GAIN	2	1
JFCF_6_T_1_M	chr20	42240397	42390955	89	0.588235	0.183548	3	HET	2	1	1	NA	NA	2.33168718416102	0.605064994414548	2	NEUT	1	1
JFCF_6_T_1_M	chr20	42397767	44739419	1018	0.583333	0.297441	5	GAIN	3	1	2	1	1	2.55975568416572	0.597811776632207	3	GAIN	2	1
JFCF_6_T_1_M	chr20	44740196	44978021	131	0.571429	0.203566	3	HET	2	1	1	NA	NA	2.37047989029032	0.584830446044259	2	NEUT	1	1
JFCF_6_T_1_M	chr20	44982997	45238869	161	0.578947	0.292238	5	GAIN	3	1	2	1	1	2.54893962536867	0.592721931569399	3	GAIN	2	1
JFCF_6_T_1_M	chr20	45239756	45662460	271	0.583333	0.204258	3	HET	2	1	1	NA	NA	2.3718305600357	0.59895896055913	2	NEUT	1	1
JFCF_6_T_1_M	chr20	45669449	45728250	64	0.590909	0.3791	5	GAIN	3	1	2	1	1	2.73472062791532	0.605693521783617	3	GAIN	2	1
JFCF_6_T_1_M	chr20	45730119	46492500	317	0.6	0.202015	3	HET	2	1	1	NA	NA	2.367454946654	0.618785884353434	2	NEUT	1	1
JFCF_6_T_1_M	chr20	46542309	47039362	343	0.583333	0.285852	5	GAIN	3	1	2	1	1	2.53571754085876	0.597949032813933	3	GAIN	2	1
JFCF_6_T_1_M	chr20	47040849	47059306	40	0.566964	0.139204	3	HET	2	1	1	NA	NA	2.24764633676616	0.580214332559427	2	NEUT	1	1
JFCF_6_T_1_M	chr20	47100928	47705496	651	0.583333	0.315017	5	GAIN	3	1	2	1	1	2.5965826796872	0.59760642602028	3	GAIN	2	1
JFCF_6_T_1_M	chr20	47712409	47879382	149	0.583333	0.146059	3	HET	2	1	1	NA	NA	2.26046975102431	0.599728764980824	2	NEUT	1	1
JFCF_6_T_1_M	chr20	47880527	47909822	52	0.58477	0.333848	5	GAIN	3	1	2	1	1	2.63654031926825	0.599069509265297	3	GAIN	2	1
JFCF_6_T_1_M	chr20	47910332	47923758	21	0.578947	0.030303	3	HET	2	1	1	NA	NA	2.05189363706438	0.59605873926355	2	NEUT	1	1
JFCF_6_T_1_M	chr20	47926691	48295421	208	0.583333	0.26985	5	GAIN	3	1	2	1	1	2.5028416581426	0.598141020580719	3	GAIN	2	1
JFCF_6_T_1_M	chr20	48323296	48439451	60	0.595455	0.157584	3	HET	2	1	1	NA	NA	2.28216698434318	0.614057213787417	2	NEUT	1	1
JFCF_6_T_1_M	chr20	48441168	48548318	115	0.583333	0.301201	5	GAIN	3	1	2	1	1	2.56759633315884	0.597767562904388	3	GAIN	2	1
JFCF_6_T_1_M	chr20	48551679	48593197	52	0.594118	0.14188	3	HET	2	1	1	NA	NA	2.25264498958396	0.612700036286268	2	NEUT	1	1
JFCF_6_T_1_M	chr20	48595652	48658113	49	0.6	0.32617	5	GAIN	3	1	2	1	1	2.6201853145799	0.616973889057514	3	GAIN	2	1
JFCF_6_T_1_M	chr20	48670139	48799893	128	0.597297	0.182205	3	HET	2	1	1	NA	NA	2.32910381313055	0.615876069989553	2	NEUT	1	1
JFCF_6_T_1_M	chr20	48800669	49217503	384	0.590909	0.319219	5	GAIN	3	1	2	1	1	2.60545378380652	0.606427040253414	3	GAIN	2	1
JFCF_6_T_1_M	chr20	49220084	49369447	56	0.578947	0.132792	3	HET	2	1	1	NA	NA	2.23570665385119	0.594651863987187	2	NEUT	1	1
JFCF_6_T_1_M	chr20	49379458	50027980	401	0.583333	0.314935	5	GAIN	3	1	2	1	1	2.59640982127431	0.597607376286971	3	GAIN	2	1
JFCF_6_T_1_M	chr20	50052016	51259768	1075	0.586207	0.22529	3	HET	2	1	1	NA	NA	2.41319215524046	0.60209480842839	2	NEUT	1	1
JFCF_6_T_1_M	chr20	51260705	51268939	25	0.636364	0.405767	5	GAIN	3	1	2	1	1	2.7940369265647	0.658070057940874	3	GAIN	2	1
JFCF_6_T_1_M	chr20	51270105	52458606	675	0.580645	0.198136	3	HET	2	1	1	NA	NA	2.35990388385513	0.595843351999392	2	NEUT	1	1
JFCF_6_T_1_M	chr20	52460537	53039985	718	0.6	0.282303	5	GAIN	3	1	2	1	1	2.52839466954519	0.617590107816438	3	GAIN	2	1
JFCF_6_T_1_M	chr20	53043792	53188330	65	0.578947	0.151238	3	HET	2	1	1	NA	NA	2.27019841596412	0.594413255577961	2	NEUT	1	1
JFCF_6_T_1_M	chr20	53190148	53219961	49	0.625	0.310744	5	GAIN	3	1	2	1	1	2.58758814063118	0.646484647296381	3	GAIN	2	1
JFCF_6_T_1_M	chr20	53220238	53419953	215	0.583333	0.098544	3	HET	2	1	1	NA	NA	2.17282493642657	0.600390117746913	2	NEUT	1	1
JFCF_6_T_1_M	chr20	53431287	53438784	5	0.625	1.687753	19	UBCNA	7	3	4	1	1	7.43111762861349	0.6324811651932	7	HLAMP	4	3
JFCF_6_T_1_M	chr20	53441234	62892853	6878	0.590909	-0.045593	3	HET	2	1	1	NA	NA	1.92394754172776	0.611923885187156	2	NEUT	1	1
JFCF_6_T_1_M	chr21	15412891	30479858	9611	0.583333	0.008983	3	HET	2	1	1	NA	NA	2.01526980961488	0.601723654495608	2	NEUT	1	1
JFCF_6_T_1_M	chr21	30480366	30491227	28	0.583333	0.393367	5	GAIN	3	1	2	1	1	2.76631878432728	0.596730635512593	3	GAIN	2	1
JFCF_6_T_1_M	chr21	30492421	48097610	11322	0.6	-0.064742	3	HET	2	1	1	NA	NA	1.89271540770347	0.623497845824466	2	NEUT	1	1
JFCF_6_T_1_M	chr22	17409897	22727350	3514	0.587221	0.136469	3	HET	2	1	1	NA	NA	2.2425470461765	0.604518879453975	2	NEUT	1	1
JFCF_6_T_1_M	chr22	22727416	22728413	20	0.862988	0.057371	2	NLOH	2	0	2	1	1	2.09917807537834	0.939893314700956	2	NEUT	2	0
JFCF_6_T_1_M	chr22	22728449	24239895	1437	0.588235	0.111638	3	HET	2	1	1	NA	NA	2.19669034178232	0.606099275878804	2	NEUT	1	1
JFCF_6_T_1_M	chr22	24240015	24249800	44	0.569048	0.374518	5	GAIN	3	1	2	1	1	2.72463865505967	0.580318821125276	3	GAIN	2	1
JFCF_6_T_1_M	chr22	24250355	51179770	17459	0.583333	0.074231	3	HET	2	1	1	NA	NA	2.12908195675111	0.6007405641694	2	NEUT	1	1
JFCF_6_T_1_M	chrX	2832070	2836373	143	0.714286	0.501242	5	GAIN	3	1	2	1	1	3.01562522234184	0.74588910823532	3	GAIN	2	1
JFCF_6_T_1_M	chrX	2925674	6345819	22	0.888889	0.862448	6	ALOH	4	0	4	1	1	4.00009847595119	0.932127273410269	4	AMP	4	0
JFCF_6_T_1_M	chrX	7960251	27603179	24	0.893357	1.07171	10	ASCNA	5	1	4	1	1	4.69392397407195	0.930627412492867	5	HLAMP	4	1
JFCF_6_T_1_M	chrX	38322904	70088962	223	0.666667	0.018612	3	HET	2	1	1	NA	NA	2.03174365171371	0.703150296626983	2	NEUT	1	1
JFCF_6_T_1_M	chrX	73802892	77520979	24	0.916084	0.888584	6	ALOH	4	0	4	1	1	4.08135553182129	0.96142488105485	4	AMP	4	0
JFCF_6_T_1_M	chrX	78941094	82573643	8	1	1.567723	16	ALOH	7	0	7	1	1	6.80237564018407	1	7	HLAMP	7	0
JFCF_6_T_1_M	chrX	84823208	84823242	3	0.615385	-0.148979	3	HET	2	1	1	NA	NA	1.7601421858261	0.644540129175446	2	NEUT	1	1
JFCF_6_T_1_M	chrX	86466116	86920387	5	1	0.547651	4	ALOH	3	0	3	1	1	3.12874915851428	1	3	GAIN	3	0
JFCF_6_T_1_M	chrX	88293160	88459836	27	0.783784	0.774606	7	ASCNA	4	1	3	1	1	3.7375376543142	0.817552805344907	4	AMP	3	1
JFCF_6_T_1_M	chrX	90606104	130813063	105	0.807692	0.379532	5	GAIN	3	1	2	1	1	2.73567282903338	0.85771450257084	3	GAIN	2	1
JFCF_6_T_1_M	chrX	135956107	154871281	22	0.658333	0.00601	3	HET	2	1	1	NA	NA	2.01020560666103	0.69336333803138	2	NEUT	1	1
