Sample	Chromosome	Start_Position.bp.	End_Position.bp.	Length.snp.	Median_Ratio	Median_logR	TITAN_state	TITAN_call	Copy_Number	MinorCN	MajorCN	Clonal_Cluster	Cellular_Prevalence	logR_Copy_Number	Corrected_Ratio	Corrected_Copy_Number	Corrected_Call	Corrected_MajorCN	Corrected_MinorCN
JFCF_6_T_1_F	chr1	821038	824970	11	0.722222	-0.000642	3	HET	2	1	1	NA	NA	1.99908898313944	0.727522430033062	2	NEUT	1	1
JFCF_6_T_1_F	chr1	825016	825076	8	0.9333	-0.000642	2	NLOH	2	0	2	1	1	1.99908898313944	0.94363505383502	2	NEUT	2	0
JFCF_6_T_1_F	chr1	825193	16139916	11021	0.571429	-0.073873	3	HET	2	1	1	NA	NA	1.89778792617998	0.573223663667557	2	NEUT	1	1
JFCF_6_T_1_F	chr1	16140272	16178917	41	0.5625	0.367203	5	GAIN	3	1	2	1	1	2.59352013190059	0.563649070231762	3	GAIN	2	1
JFCF_6_T_1_F	chr1	16181979	26599542	7389	0.571429	-0.001679	3	HET	2	1	1	NA	NA	1.99761830568703	0.573133975885607	2	NEUT	1	1
JFCF_6_T_1_F	chr1	26600483	26609093	11	0.590909	-1.195548	1	DLOH	1	0	1	1	1	0.846377972702423	0.596030518058054	1	HETD	1	0
JFCF_6_T_1_F	chr1	26610030	39369652	8171	0.571429	0.005548	3	HET	2	1	1	NA	NA	2.00788968730341	0.57312525406285	2	NEUT	1	1
JFCF_6_T_1_F	chr1	39370048	39379976	14	0.558471	0.427504	5	GAIN	3	1	2	1	1	2.70625531212382	0.559501215157169	3	GAIN	2	1
JFCF_6_T_1_F	chr1	39380307	39428028	51	0.571429	0.130788	3	HET	2	1	1	NA	NA	2.19430777305381	0.572981148281872	2	NEUT	1	1
JFCF_6_T_1_F	chr1	39430038	39459720	46	0.571429	0.314362	5	GAIN	3	1	2	1	1	2.49853206024133	0.57279215682878	3	GAIN	2	1
JFCF_6_T_1_F	chr1	39460418	45378752	4199	0.566667	0.055801	3	HET	2	1	1	NA	NA	2.08075249580715	0.568194730215285	2	NEUT	1	1
JFCF_6_T_1_F	chr1	45380077	45388132	17	0.62069	0.547245	5	GAIN	3	1	2	1	1	2.94458046810882	0.622644357637065	3	GAIN	2	1
JFCF_6_T_1_F	chr1	45391661	53259930	3102	0.571429	0.033542	3	HET	2	1	1	NA	NA	2.04816541690143	0.57309189842204	2	NEUT	1	1
JFCF_6_T_1_F	chr1	53260537	53268313	5	0.548387	1.197044	11	UBCNA	5	2	3	1	1	4.64702708110168	0.548883489048369	5	HLAMP	3	2
JFCF_6_T_1_F	chr1	53270010	72289671	12572	0.571429	0.004948	3	HET	2	1	1	NA	NA	2.00703497673772	0.573125976425084	2	NEUT	1	1
JFCF_6_T_1_F	chr1	72291196	72381596	54	0.925824	-0.9522	1	DLOH	1	0	1	1	1	1.01064947769432	0.945914269345512	1	HETD	1	0
JFCF_6_T_1_F	chr1	72400491	93219907	13626	0.571429	0.018197	3	HET	2	1	1	NA	NA	2.02599139617606	0.573110098471727	2	NEUT	1	1
JFCF_6_T_1_F	chr1	93220532	93238524	32	0.576037	0.379911	5	GAIN	3	1	2	1	1	2.61688796736011	0.577422466481374	3	GAIN	2	1
JFCF_6_T_1_F	chr1	93240404	94669168	823	0.571429	0.116986	3	HET	2	1	1	NA	NA	2.17296133605186	0.572996396061465	2	NEUT	1	1
JFCF_6_T_1_F	chr1	94672800	94712081	33	0.578947	0.300452	5	GAIN	3	1	2	1	1	2.47410025522392	0.580468508970694	3	GAIN	2	1
JFCF_6_T_1_F	chr1	94716440	112969581	11301	0.571429	-0.006523	3	HET	2	1	1	NA	NA	1.99076251060516	0.573139847487683	2	NEUT	1	1
JFCF_6_T_1_F	chr1	112970198	112979894	20	0.5375	0.387406	5	GAIN	3	1	2	1	1	2.63076679734971	0.538179680946721	3	GAIN	2	1
JFCF_6_T_1_F	chr1	112980140	145099993	5141	0.571429	0.015608	3	HET	2	1	1	NA	NA	2.02227340562343	0.573113189205264	2	NEUT	1	1
JFCF_6_T_1_F	chr1	145100490	145117946	137	0.683673	0.206575	5	GAIN	3	1	2	1	1	2.31523131394638	0.687455745399614	3	GAIN	2	1
JFCF_6_T_1_F	chr1	145118171	215379943	41111	0.571429	0.022689	3	HET	2	1	1	NA	NA	2.03245808395235	0.573104749707576	2	NEUT	1	1
JFCF_6_T_1_F	chr1	215380352	215389609	9	0.580645	1.902154	24	BCNA	8	4	4	1	1	7.60595661868171	0.581150568238358	8	HLAMP	5	3
JFCF_6_T_1_F	chr1	215390579	227379283	7667	0.571429	0.016316	3	HET	2	1	1	NA	NA	2.02328948191166	0.573112343421835	2	NEUT	1	1
JFCF_6_T_1_F	chr1	227380472	227409065	70	0.555556	0.345072	5	GAIN	3	1	2	1	1	2.55331315872845	0.556593487960804	3	GAIN	2	1
JFCF_6_T_1_F	chr1	227410007	249209648	17626	0.571429	0.015619	3	HET	2	1	1	NA	NA	2.02228918830632	0.573113176061236	2	NEUT	1	1
JFCF_6_T_1_F	chr2	11594	969955	495	1	-1.103567	1	DLOH	1	0	1	1	1	0.905236366337634	1	1	HETD	1	0
JFCF_6_T_1_F	chr2	970161	55593010	43902	0.576923	-0.034225	3	HET	2	1	1	NA	NA	1.95199457947196	0.578802030311785	2	NEUT	1	1
JFCF_6_T_1_F	chr2	55594942	55629864	77	0.555556	0.318556	5	GAIN	3	1	2	1	1	2.50594482544333	0.556613098957426	3	GAIN	2	1
JFCF_6_T_1_F	chr2	55630689	100929072	19610	0.571429	-0.002943	3	HET	2	1	1	NA	NA	1.99582712490397	0.573135506038195	2	NEUT	1	1
JFCF_6_T_1_F	chr2	100930662	100939937	26	0.571667	0.414544	5	GAIN	3	1	2	1	1	2.68162696146876	0.572941315723178	3	GAIN	2	1
JFCF_6_T_1_F	chr2	100940067	162135255	41558	0.571429	-0.039809	3	HET	2	1	1	NA	NA	1.94426972214488	0.57318075851429	2	NEUT	1	1
JFCF_6_T_1_F	chr2	162135266	162135292	2	0.880868	-0.978382	1	DLOH	1	0	1	1	1	0.991616127141943	0.899182163373386	1	HETD	1	0
JFCF_6_T_1_F	chr2	162135560	162136238	5	0.818605	-0.978382	5	GAIN	3	1	2	1	1	0.991616127141943	0.833925226486808	3	GAIN	2	1
JFCF_6_T_1_F	chr2	162136457	162136964	4	0.860522	-0.978382	1	DLOH	1	0	1	1	1	0.991616127141943	0.877857819254177	1	HETD	1	0
JFCF_6_T_1_F	chr2	162137158	209573819	26694	0.571429	0.03169	3	HET	2	1	1	NA	NA	2.04547668549443	0.573094084263241	2	NEUT	1	1
JFCF_6_T_1_F	chr2	209574061	209574567	28	0.925926	-0.161644	2	NLOH	2	0	2	1	1	1.78295744243822	0.937316672217185	2	NEUT	2	0
JFCF_6_T_1_F	chr2	209582721	213049435	2498	0.565217	-0.036962	3	HET	2	1	1	NA	NA	1.94820450132174	0.566813182168243	2	NEUT	1	1
JFCF_6_T_1_F	chr2	213052052	213057810	4	0.581989	1.078327	8	BCNA	4	2	2	1	1	4.27617483528867	0.58290323178439	4	AMP	2	2
JFCF_6_T_1_F	chr2	213061726	242999159	23303	0.571429	-0.012289	3	HET	2	1	1	NA	NA	1.98263174478831	0.573146863667217	2	NEUT	1	1
JFCF_6_T_1_F	chr3	65982	29142926	25455	0.676471	0.448514	5	GAIN	3	1	2	1	1	2.7466544178053	0.679534553764173	3	GAIN	2	1
JFCF_6_T_1_F	chr3	29181119	56999641	15305	0.571429	-0.084735	3	HET	2	1	1	NA	NA	1.8831955520757	0.57323757003198	2	NEUT	1	1
JFCF_6_T_1_F	chr3	57000267	57009307	11	0.588235	1.015846	8	BCNA	4	2	2	1	1	4.09291201317676	0.589262932651773	4	AMP	2	2
JFCF_6_T_1_F	chr3	57010367	60802740	2299	0.575758	-0.186091	3	HET	2	1	1	NA	NA	1.75219792984312	0.577819586292383	2	NEUT	1	1
JFCF_6_T_1_F	chr3	60806310	61016039	173	1	-1.139857	1	DLOH	1	0	1	1	1	0.881565319043831	1	1	HETD	1	0
JFCF_6_T_1_F	chr3	61020131	62153391	631	0.571429	-0.165864	3	HET	2	1	1	NA	NA	1.77761049698632	0.57334499399622	2	NEUT	1	1
JFCF_6_T_1_F	chr3	62164019	62571037	122	1	-1.097677	1	DLOH	1	0	1	1	1	0.909134739191574	1	1	HETD	1	0
JFCF_6_T_1_F	chr3	62586099	62587277	2	1	0.231944	2	NLOH	2	0	2	1	1	2.35714932268476	1	2	NEUT	2	0
JFCF_6_T_1_F	chr3	62597492	62649666	36	1	-0.881228	1	DLOH	1	0	1	1	1	1.06401495984365	1	1	HETD	1	0
JFCF_6_T_1_F	chr3	62650007	139179807	47862	0.571429	-0.035155	3	HET	2	1	1	NA	NA	1.95070594946758	0.573174978701081	2	NEUT	1	1
JFCF_6_T_1_F	chr3	139181370	139188118	5	0.642857	0.753304	5	GAIN	3	1	2	1	1	3.40399086809456	0.644858102429899	3	GAIN	2	1
JFCF_6_T_1_F	chr3	139192676	139229772	55	0.788462	1.2714	10	ASCNA	5	1	4	1	1	4.8953346412963	0.791271715873735	5	HLAMP	4	1
JFCF_6_T_1_F	chr3	139231782	139459883	161	0.788732	1.124943	7	ASCNA	4	1	3	1	1	4.41816788616387	0.791848082049054	4	AMP	3	1
JFCF_6_T_1_F	chr3	139460232	139479785	26	0.777755	1.315447	10	ASCNA	5	1	4	1	1	5.04857758511439	0.780378306472709	5	HLAMP	4	1
JFCF_6_T_1_F	chr3	139480590	139567666	75	0.794872	1.112553	7	ASCNA	4	1	3	1	1	4.3799789675886	0.798082093560037	4	AMP	3	1
JFCF_6_T_1_F	chr3	139600401	141589505	1169	0.791045	1.274707	10	ASCNA	5	1	4	1	1	4.90667820706206	0.793873321311499	5	HLAMP	4	1
JFCF_6_T_1_F	chr3	141590931	141628963	43	0.779661	1.527484	13	ASCNA	6	1	5	1	1	5.85543023768194	0.781938347345444	6	HLAMP	5	1
JFCF_6_T_1_F	chr3	141630026	141677759	32	0.798305	1.365501	10	ASCNA	5	1	4	1	1	5.22849428121919	0.801025445785137	5	HLAMP	4	1
JFCF_6_T_1_F	chr3	141681218	142238160	310	0.796988	1.501144	13	ASCNA	6	1	5	1	1	5.74863208194387	0.799451375214466	6	HLAMP	5	1
JFCF_6_T_1_F	chr3	142250685	145299729	1686	0.789474	1.306802	10	ASCNA	5	1	4	1	1	5.01813079849202	0.792224576734223	5	HLAMP	4	1
JFCF_6_T_1_F	chr3	145325906	149880124	2577	0.666667	0.722134	5	GAIN	3	1	2	1	1	3.33021593739677	0.669053345947	3	GAIN	2	1
JFCF_6_T_1_F	chr3	149881212	149929962	89	0.676471	0.874601	8	BCNA	4	2	2	1	1	3.70674501409584	0.678741057273578	4	AMP	2	2
JFCF_6_T_1_F	chr3	149933102	150087008	117	0.675676	0.82508	5	GAIN	3	1	2	1	1	3.58005971465661	0.678015797882819	3	GAIN	2	1
JFCF_6_T_1_F	chr3	150088052	150175996	106	0.684321	0.885495	7	ASCNA	4	1	3	1	1	3.73520254800767	0.686673972441798	4	AMP	3	1
JFCF_6_T_1_F	chr3	150179597	151459986	911	0.673077	0.76044	5	GAIN	3	1	2	1	1	3.42110616638921	0.675489287059074	3	GAIN	2	1
JFCF_6_T_1_F	chr3	151460102	151519548	147	0.69697	0.841668	7	ASCNA	4	1	3	1	1	3.62201194014155	0.699563023109007	4	AMP	3	1
JFCF_6_T_1_F	chr3	151520944	151639765	161	0.677419	0.829557	5	GAIN	3	1	2	1	1	3.59133488123422	0.679774593804248	3	GAIN	2	1
JFCF_6_T_1_F	chr3	151640532	151788767	152	0.676579	0.893176	7	ASCNA	4	1	3	1	1	3.75539657597719	0.678821019713913	4	AMP	3	1
JFCF_6_T_1_F	chr3	151790028	152229007	449	0.673077	0.791986	5	GAIN	3	1	2	1	1	3.49779009612511	0.67543640119507	3	GAIN	2	1
JFCF_6_T_1_F	chr3	152229760	152269950	82	0.685213	0.876243	7	ASCNA	4	1	3	1	1	3.7110205392984	0.687592766179838	4	AMP	3	1
JFCF_6_T_1_F	chr3	152271192	152812999	405	0.673077	0.737476	5	GAIN	3	1	2	1	1	3.36632907597871	0.675528539925728	3	GAIN	2	1
JFCF_6_T_1_F	chr3	152820358	152908467	79	0.692308	0.933183	7	ASCNA	4	1	3	1	1	3.86233464459406	0.694682125274748	4	AMP	3	1
JFCF_6_T_1_F	chr3	152924598	155017934	1302	0.627907	0.489817	5	GAIN	3	1	2	1	1	2.82780980066316	0.630063752437353	3	GAIN	2	1
JFCF_6_T_1_F	chr3	155027728	155036817	52	0.708204	0.908194	7	ASCNA	4	1	3	1	1	3.7951921960654	0.710819841795151	4	AMP	3	1
JFCF_6_T_1_F	chr3	155042269	155876865	218	0.619048	0.525857	5	GAIN	3	1	2	1	1	2.90054728194382	0.621005033835538	3	GAIN	2	1
JFCF_6_T_1_F	chr3	155887479	156249407	126	0.583333	0.17078	3	HET	2	1	1	NA	NA	2.25732590848224	0.585093268553334	2	NEUT	1	1
JFCF_6_T_1_F	chr3	156250708	159637678	2167	0.595238	0.393694	5	GAIN	3	1	2	1	1	2.6424663203429	0.596956529477571	3	GAIN	2	1
JFCF_6_T_1_F	chr3	159640152	159660343	33	0.5625	0.192046	3	HET	2	1	1	NA	NA	2.29155445910069	0.563800486997901	2	NEUT	1	1
JFCF_6_T_1_F	chr3	159661182	159691049	48	0.578784	0.275949	5	GAIN	3	1	2	1	1	2.43163150420137	0.580328886027965	3	GAIN	2	1
JFCF_6_T_1_F	chr3	159692776	159929930	172	0.571429	0.238916	3	HET	2	1	1	NA	NA	2.36879909148812	0.572866813384884	2	NEUT	1	1
JFCF_6_T_1_F	chr3	159930789	160289284	206	0.571429	0.315382	5	GAIN	3	1	2	1	1	2.50033289602302	0.572791175030877	3	GAIN	2	1
JFCF_6_T_1_F	chr3	160298719	161229396	813	0.567568	0.167938	3	HET	2	1	1	NA	NA	2.25278968652382	0.568998133549285	2	NEUT	1	1
JFCF_6_T_1_F	chr3	161230518	161238856	31	0.571429	0.395513	5	GAIN	3	1	2	1	1	2.64586029215776	0.572716252788795	3	GAIN	2	1
JFCF_6_T_1_F	chr3	161241296	163192866	1485	0.571429	0.145888	3	HET	2	1	1	NA	NA	2.21789684368993	0.572964639968799	2	NEUT	1	1
JFCF_6_T_1_F	chr3	163225764	163439826	147	0.594595	0.271963	5	GAIN	3	1	2	1	1	2.42479090067911	0.59645515900033	3	GAIN	2	1
JFCF_6_T_1_F	chr3	163451237	163539886	131	0.586207	0.210464	3	HET	2	1	1	NA	NA	2.32160949308149	0.587977555484557	2	NEUT	1	1
JFCF_6_T_1_F	chr3	163540740	164119960	733	0.586207	0.300768	5	GAIN	3	1	2	1	1	2.47465267310051	0.587868056707333	3	GAIN	2	1
JFCF_6_T_1_F	chr3	164120024	164129951	67	0.59375	0.209111	3	HET	2	1	1	NA	NA	2.31938854627779	0.595677320532705	2	NEUT	1	1
JFCF_6_T_1_F	chr3	164130124	164278746	135	0.585366	0.354868	5	GAIN	3	1	2	1	1	2.57103419408294	0.586949190806969	3	GAIN	2	1
JFCF_6_T_1_F	chr3	164280138	164319863	30	0.76	1.210769	10	ASCNA	5	1	4	1	1	4.69190306391646	0.762642290096775	5	HLAMP	4	1
JFCF_6_T_1_F	chr3	164319987	164479535	191	0.75	1.113547	7	ASCNA	4	1	3	1	1	4.38303062546787	0.752719704271949	4	AMP	3	1
JFCF_6_T_1_F	chr3	164480826	164559726	49	0.576923	0.195269	3	HET	2	1	1	NA	NA	2.29678618672928	0.578519951864505	2	NEUT	1	1
JFCF_6_T_1_F	chr3	164560945	165927487	736	0.588235	0.325574	5	GAIN	3	1	2	1	1	2.51839722454137	0.589905601388129	3	GAIN	2	1
JFCF_6_T_1_F	chr3	165930453	165967171	68	0.56	0.234201	3	HET	2	1	1	NA	NA	2.36091446529791	0.561211789478159	2	NEUT	1	1
JFCF_6_T_1_F	chr3	165967719	165977332	40	0.605556	0.450387	5	GAIN	3	1	2	1	1	2.75028456222929	0.607386043754272	3	GAIN	2	1
JFCF_6_T_1_F	chr3	165981149	165998244	65	0.575758	0.198316	3	HET	2	1	1	NA	NA	2.30174298214074	0.577327379058277	2	NEUT	1	1
JFCF_6_T_1_F	chr3	166000673	166059751	166	0.586207	0.300519	5	GAIN	3	1	2	1	1	2.47421737169158	0.587868348945329	3	GAIN	2	1
JFCF_6_T_1_F	chr3	166060054	166159100	57	0.606061	0.202706	3	HET	2	1	1	NA	NA	2.30890297397391	0.608251313169396	2	NEUT	1	1
JFCF_6_T_1_F	chr3	166161902	167729750	545	0.6	0.279407	5	GAIN	3	1	2	1	1	2.43758130620669	0.601956127097925	3	GAIN	2	1
JFCF_6_T_1_F	chr3	167742248	168259454	360	0.892086	2.337346	21	ASCNA	8	1	7	1	1	10.3007321464126	0.893900969875988	10	HLAMP	9	1
JFCF_6_T_1_F	chr3	168261915	168468106	90	0.833333	1.602836	13	ASCNA	6	1	5	1	1	6.17194375988568	0.835908209293189	6	HLAMP	5	1
JFCF_6_T_1_F	chr3	168491793	168975395	349	0.583333	0.334754	5	GAIN	3	1	2	1	1	2.5347774809249	0.584900593148207	3	GAIN	2	1
JFCF_6_T_1_F	chr3	168988548	170639708	1096	0.868094	2.069304	21	ASCNA	8	1	7	1	1	8.54611552568215	0.870147743297522	9	HLAMP	8	1
JFCF_6_T_1_F	chr3	170660866	173934984	2518	0.588235	0.349694	5	GAIN	3	1	2	1	1	2.56165939824129	0.589877387704653	3	GAIN	2	1
JFCF_6_T_1_F	chr3	173936322	174028528	61	0.5625	0.236517	3	HET	2	1	1	NA	NA	2.3647841602783	0.563760215130455	2	NEUT	1	1
JFCF_6_T_1_F	chr3	174030574	174598009	622	0.594916	0.379697	5	GAIN	3	1	2	1	1	2.61649275166444	0.596645721054046	3	GAIN	2	1
JFCF_6_T_1_F	chr3	174601704	174739000	83	0.705882	0.873793	7	ASCNA	4	1	3	1	1	3.70464288734331	0.70853189220932	4	AMP	3	1
JFCF_6_T_1_F	chr3	174744229	174779962	101	0.675	0.764092	5	GAIN	3	1	2	1	1	3.4298980884441	0.67743283700161	3	GAIN	2	1
JFCF_6_T_1_F	chr3	174790022	174977851	393	0.698113	0.859126	7	ASCNA	4	1	3	1	1	3.66668854457001	0.70068929228348	4	AMP	3	1
JFCF_6_T_1_F	chr3	174979751	175939796	682	0.688889	0.757843	5	GAIN	3	1	2	1	1	3.41486760598565	0.691526478794527	3	GAIN	2	1
JFCF_6_T_1_F	chr3	175942675	175959862	41	0.558824	0.136009	3	HET	2	1	1	NA	NA	2.20243605751107	0.560097524852029	2	NEUT	1	1
JFCF_6_T_1_F	chr3	175960305	175996873	48	0.59375	0.276644	5	GAIN	3	1	2	1	1	2.43282616979633	0.595587453585489	3	GAIN	2	1
JFCF_6_T_1_F	chr3	176002706	176119737	89	0.571429	0.194898	3	HET	2	1	1	NA	NA	2.29618336637253	0.572912283560765	2	NEUT	1	1
JFCF_6_T_1_F	chr3	176123690	176727608	626	0.675676	0.664276	5	GAIN	3	1	2	1	1	3.1974287926902	0.678295797557297	3	GAIN	2	1
JFCF_6_T_1_F	chr3	176741646	176849740	43	0.892086	2.443415	21	ASCNA	8	1	7	1	1	11.0902292285005	0.893771764844095	11	HLAMP	10	1
JFCF_6_T_1_F	chr3	176852038	176869775	15	0.808824	1.313014	10	ASCNA	5	1	4	1	1	5.03999035747486	0.811745712766489	5	HLAMP	4	1
JFCF_6_T_1_F	chr3	176871415	176919306	69	0.797468	1.560282	13	ASCNA	6	1	5	1	1	5.99116772960156	0.799835472566012	6	HLAMP	5	1
JFCF_6_T_1_F	chr3	176920472	176929245	28	0.814991	1.311223	10	ASCNA	5	1	4	1	1	5.03367830422835	0.81797479421944	5	HLAMP	4	1
JFCF_6_T_1_F	chr3	176931071	177159109	119	0.810811	1.554014	13	ASCNA	6	1	5	1	1	5.96498797334763	0.81329552280962	6	HLAMP	5	1
JFCF_6_T_1_F	chr3	177164796	177189345	35	0.8125	1.367044	10	ASCNA	5	1	4	1	1	5.23414030840815	0.815346825460768	5	HLAMP	4	1
JFCF_6_T_1_F	chr3	177190547	177334918	165	0.809524	1.458085	13	ASCNA	6	1	5	1	1	5.57819016141051	0.812169801106681	6	HLAMP	5	1
JFCF_6_T_1_F	chr3	177347042	177427863	104	0.807461	1.418197	10	ASCNA	5	1	4	1	1	5.42477521012378	0.810163492320821	5	HLAMP	4	1
JFCF_6_T_1_F	chr3	177430535	177437508	14	0.785848	1.615654	13	ASCNA	6	1	5	1	1	6.22744986129005	0.78803667409804	6	HLAMP	5	1
JFCF_6_T_1_F	chr3	177453125	177761025	97	0.761194	1.224232	10	ASCNA	5	1	4	1	1	4.73633913016121	0.763823520646976	5	HLAMP	4	1
JFCF_6_T_1_F	chr3	177773481	178119369	148	0.576923	0.313674	5	GAIN	3	1	2	1	1	2.49731809768018	0.578391718376996	3	GAIN	2	1
JFCF_6_T_1_F	chr3	178120470	178319253	191	0.589744	0.231302	3	HET	2	1	1	NA	NA	2.35607940955771	0.591560233486959	2	NEUT	1	1
JFCF_6_T_1_F	chr3	178320578	178569999	74	0.6	0.320655	5	GAIN	3	1	2	1	1	2.50966284211524	0.601899943995046	3	GAIN	2	1
JFCF_6_T_1_F	chr3	178590769	178719124	74	0.755929	1.129754	7	ASCNA	4	1	3	1	1	4.43308515394612	0.758681767968085	4	AMP	3	1
JFCF_6_T_1_F	chr3	178720219	178927345	133	0.770492	1.215446	10	ASCNA	5	1	4	1	1	4.70729301782769	0.773231929397498	5	HLAMP	4	1
JFCF_6_T_1_F	chr3	178940494	179057683	128	0.744889	1.096545	7	ASCNA	4	1	3	1	1	4.33112164115003	0.747585032210221	4	AMP	3	1
JFCF_6_T_1_F	chr3	179061028	179379602	166	0.615385	0.497854	5	GAIN	3	1	2	1	1	2.84387336222528	0.617319618253075	3	GAIN	2	1
JFCF_6_T_1_F	chr3	179380415	179388406	12	0.599026	0.043732	3	HET	2	1	1	NA	NA	2.06302114686074	0.601314767811269	2	NEUT	1	1
JFCF_6_T_1_F	chr3	179413746	179773922	199	0.586207	0.29356	5	GAIN	3	1	2	1	1	2.46208200033995	0.587876537578524	3	GAIN	2	1
JFCF_6_T_1_F	chr3	179783755	182050012	911	0.578947	0.199103	3	HET	2	1	1	NA	NA	2.30302495925231	0.580581531018692	2	NEUT	1	1
JFCF_6_T_1_F	chr3	182050647	184249204	876	0.586207	0.336808	5	GAIN	3	1	2	1	1	2.53845681008658	0.587826306030593	3	GAIN	2	1
JFCF_6_T_1_F	chr3	184251711	184482386	166	0.588989	0.162871	3	HET	2	1	1	NA	NA	2.24472419466595	0.590879294709419	2	NEUT	1	1
JFCF_6_T_1_F	chr3	184491252	185431806	717	0.583333	0.340241	5	GAIN	3	1	2	1	1	2.54461804756222	0.584894530939833	3	GAIN	2	1
JFCF_6_T_1_F	chr3	185444561	185629568	178	0.708712	0.945564	7	ASCNA	4	1	3	1	1	3.89603423874446	0.711266352531061	4	AMP	3	1
JFCF_6_T_1_F	chr3	185630733	186219587	365	0.890625	2.343062	21	ASCNA	8	1	7	1	1	10.3418141974548	0.892426023931913	10	HLAMP	9	1
JFCF_6_T_1_F	chr3	186220098	186229773	19	0.759259	0.960575	7	ASCNA	4	1	3	1	1	3.93728216366143	0.762398738526554	4	AMP	3	1
JFCF_6_T_1_F	chr3	186230003	186438993	172	0.681818	0.790405	5	GAIN	3	1	2	1	1	3.49390686282453	0.684299314036878	3	GAIN	2	1
JFCF_6_T_1_F	chr3	186439295	186579744	182	0.701064	0.875993	7	ASCNA	4	1	3	1	1	3.71036926217932	0.703647886094353	4	AMP	3	1
JFCF_6_T_1_F	chr3	186610453	186799339	224	0.7	0.760817	5	GAIN	3	1	2	1	1	3.42201273642218	0.702786791992745	3	GAIN	2	1
JFCF_6_T_1_F	chr3	186801178	186867584	54	0.687343	0.859473	7	ASCNA	4	1	3	1	1	3.66758204016201	0.689778644011699	4	AMP	3	1
JFCF_6_T_1_F	chr3	186878192	187718771	480	0.702703	0.758268	5	GAIN	3	1	2	1	1	3.41588778031032	0.705532519957906	3	GAIN	2	1
JFCF_6_T_1_F	chr3	187719473	188179909	359	0.703704	0.839173	7	ASCNA	4	1	3	1	1	3.61567104754258	0.706390376164007	4	AMP	3	1
JFCF_6_T_1_F	chr3	188180024	188203150	32	0.827016	1.794169	17	ASCNA	7	1	6	1	1	7.05400009645971	0.829226495935602	7	HLAMP	6	1
JFCF_6_T_1_F	chr3	188223682	190169722	1552	0.860108	2.001689	21	ASCNA	8	1	7	1	1	8.15264127642122	0.862214156390481	8	HLAMP	7	1
JFCF_6_T_1_F	chr3	190170321	190179986	15	0.638889	0.603786	5	GAIN	3	1	2	1	1	3.06417924027009	0.641050274179603	3	GAIN	2	1
JFCF_6_T_1_F	chr3	190180140	195129744	4687	0.578947	-0.048691	3	HET	2	1	1	NA	NA	1.93204387698679	0.580895385219176	2	NEUT	1	1
JFCF_6_T_1_F	chr3	195130096	195319285	63	1	-0.843503	1	DLOH	1	0	1	1	1	1.09346811007167	1	1	HETD	1	0
JFCF_6_T_1_F	chr3	195420477	195476085	133	0.5625	-0.452333	3	HET	2	1	1	NA	NA	1.448886834381	0.564556845785555	2	NEUT	1	1
JFCF_6_T_1_F	chr3	195478861	196619118	900	1	-0.792552	1	DLOH	1	0	1	1	1	1.13448969923204	1	1	HETD	1	0
JFCF_6_T_1_F	chr3	196620844	196629709	15	1	0.289771	4	ALOH	3	0	3	1	1	2.45549916778905	1	3	GAIN	3	0
JFCF_6_T_1_F	chr3	196631138	197111087	356	1	-0.826455	1	DLOH	1	0	1	1	1	1.1070328119205	1	1	HETD	1	0
JFCF_6_T_1_F	chr3	197111342	197118105	43	0.657143	-0.625274	3	HET	2	1	1	NA	NA	1.27982329333875	0.662997653670474	2	NEUT	1	1
JFCF_6_T_1_F	chr3	197124062	197792315	190	1	-0.84193	1	DLOH	1	0	1	1	1	1.09471300819854	1	1	HETD	1	0
JFCF_6_T_1_F	chr4	40094	5308759	5353	0.571429	-0.066851	3	HET	2	1	1	NA	NA	1.90728015491615	0.573214731913093	2	NEUT	1	1
JFCF_6_T_1_F	chr4	5310171	5319780	20	0.545635	0.441904	5	GAIN	3	1	2	1	1	2.73388088239183	0.54643092958296	3	GAIN	2	1
JFCF_6_T_1_F	chr4	5320018	7930262	3110	0.571429	-0.106229	3	HET	2	1	1	NA	NA	1.85464159326077	0.5732654146756	2	NEUT	1	1
JFCF_6_T_1_F	chr4	7940606	7947839	15	0.6	0.444885	5	GAIN	3	1	2	1	1	2.73963428957711	0.601740458156991	3	GAIN	2	1
JFCF_6_T_1_F	chr4	7950323	14199195	5180	0.571429	-0.079891	3	HET	2	1	1	NA	NA	1.88968957279813	0.57323135478296	2	NEUT	1	1
JFCF_6_T_1_F	chr4	14221389	14419174	153	1	-1.105179	1	DLOH	1	0	1	1	1	0.904172214316193	1	1	HETD	1	0
JFCF_6_T_1_F	chr4	14430912	68264282	35420	0.571429	-0.016167	3	HET	2	1	1	NA	NA	1.9771815390782	0.573151599049469	2	NEUT	1	1
JFCF_6_T_1_F	chr4	68264417	68266049	14	0.717829	0.147473	5	GAIN	3	1	2	1	1	2.22038726332839	0.72250681616415	3	GAIN	2	1
JFCF_6_T_1_F	chr4	68266082	151409932	47552	0.571429	0.010537	3	HET	2	1	1	NA	NA	2.01501038859434	0.573119259791771	2	NEUT	1	1
JFCF_6_T_1_F	chr4	151411626	151419684	11	0.551724	2.751304	24	BCNA	8	4	4	1	1	13.7398831589986	0.551903500326721	14	HLAMP	8	6
JFCF_6_T_1_F	chr4	151430475	162676482	7709	0.571429	0.001593	3	HET	2	1	1	NA	NA	2.00226226554929	0.573130021438822	2	NEUT	1	1
JFCF_6_T_1_F	chr4	162682867	162809587	119	1	-0.987475	1	DLOH	1	0	1	1	1	0.985086250731854	1	1	HETD	1	0
JFCF_6_T_1_F	chr4	162810043	162814045	12	1	-0.281795	2	NLOH	2	0	2	1	1	1.63667348994561	1	2	NEUT	2	0
JFCF_6_T_1_F	chr4	162814853	169067538	4977	0.571429	0.023418	3	HET	2	1	1	NA	NA	2.0335094533738	0.573103883307866	2	NEUT	1	1
JFCF_6_T_1_F	chr4	169072888	169079335	7	0.575758	0.809567	8	BCNA	4	2	2	1	1	3.54126033444966	0.576778062602731	4	AMP	2	2
JFCF_6_T_1_F	chr4	169080031	176507508	4022	0.571429	0.002349	3	HET	2	1	1	NA	NA	2.00333675744519	0.573129109094083	2	NEUT	1	1
JFCF_6_T_1_F	chr4	176553315	176553315	1	0.590909	1.560971	15	BCNA	6	3	3	1	1	5.99405244271152	0.59163217353119	6	HLAMP	3	3
JFCF_6_T_1_F	chr4	176567355	190554512	14419	0.571429	-0.041396	3	HET	2	1	1	NA	NA	1.94207973083286	0.573182733889382	2	NEUT	1	1
JFCF_6_T_1_F	chr4	190554571	190554729	9	0.866667	-0.707304	1	DLOH	1	0	1	1	1	1.20644860818876	0.881158694780123	1	HETD	1	0
JFCF_6_T_1_F	chr4	190554948	190864953	2873	0.612903	-0.616761	3	HET	2	1	1	NA	NA	1.28767974389781	0.61708374614417	2	NEUT	1	1
JFCF_6_T_1_F	chr4	190865101	190865287	8	0.950231	-0.152909	2	NLOH	2	0	2	1	1	1.79407492974453	0.962197055061978	2	NEUT	2	0
JFCF_6_T_1_F	chr4	190865395	190937364	26	0.609524	-0.152909	3	HET	2	1	1	NA	NA	1.79407492974453	0.612434884000897	2	NEUT	1	1
JFCF_6_T_1_F	chr5	31468	3180005	3146	0.666667	0.423494	5	GAIN	3	1	2	1	1	2.69861131547061	0.66961186547925	3	GAIN	2	1
JFCF_6_T_1_F	chr5	3205018	3219319	79	0.628571	0.233521	3	HET	2	1	1	NA	NA	2.3597794646584	0.631168932029203	2	NEUT	1	1
JFCF_6_T_1_F	chr5	3219694	3529185	320	0.666667	0.390265	5	GAIN	3	1	2	1	1	2.63607996340039	0.669681721637879	3	GAIN	2	1
JFCF_6_T_1_F	chr5	3532727	3539978	28	0.683766	0.13161	3	HET	2	1	1	NA	NA	2.19558554889148	0.687756901219869	2	NEUT	1	1
JFCF_6_T_1_F	chr5	3543341	21539938	13684	0.658537	0.519136	5	GAIN	3	1	2	1	1	2.88684447872735	0.661155565415743	3	GAIN	2	1
JFCF_6_T_1_F	chr5	21540018	21548757	132	0.587302	0.261906	3	HET	2	1	1	NA	NA	2.40761527231446	0.589030993193062	2	NEUT	1	1
JFCF_6_T_1_F	chr5	21548795	41372447	14067	0.657143	0.581667	5	GAIN	3	1	2	1	1	3.01683292217086	0.659626704711268	3	GAIN	2	1
JFCF_6_T_1_F	chr5	41388940	55299869	5733	0.571429	0.036816	3	HET	2	1	1	NA	NA	2.05292705863762	0.573088041428439	2	NEUT	1	1
JFCF_6_T_1_F	chr5	55301753	55305300	2	0.5301	1.055457	8	BCNA	4	2	2	1	1	4.20817228195299	0.530441058724934	4	AMP	2	2
JFCF_6_T_1_F	chr5	55322475	98525925	25493	0.571429	0.020167	3	HET	2	1	1	NA	NA	2.02882493149917	0.573107750584618	2	NEUT	1	1
JFCF_6_T_1_F	chr5	98531883	98569709	49	0.56	0.352972	5	GAIN	3	1	2	1	1	2.56759491899448	0.561114245587073	3	GAIN	2	1
JFCF_6_T_1_F	chr5	98570327	135089973	23794	0.571429	-0.017642	3	HET	2	1	1	NA	NA	1.97511239233702	0.573153403660803	2	NEUT	1	1
JFCF_6_T_1_F	chr5	135090120	135149952	186	0.571429	0.494665	5	GAIN	3	1	2	1	1	2.83748879276076	0.572629318763737	3	GAIN	2	1
JFCF_6_T_1_F	chr5	135150207	158279381	14432	0.571429	-0.007478	3	HET	2	1	1	NA	NA	1.98941359731767	0.573141007520425	2	NEUT	1	1
JFCF_6_T_1_F	chr5	158282326	158287543	2	0.716667	-1.512192	1	DLOH	1	0	1	1	1	0.670190451348561	0.732082255032784	1	HETD	1	0
JFCF_6_T_1_F	chr5	158290225	176606052	13374	0.571429	-0.050816	3	HET	2	1	1	NA	NA	1.92913001021214	0.573194506223952	2	NEUT	1	1
JFCF_6_T_1_F	chr5	176610012	176616568	2	0.645257	1.060367	8	BCNA	4	2	2	1	1	4.2226811309312	0.646897230800066	4	AMP	2	2
JFCF_6_T_1_F	chr5	176626441	180698630	3030	0.571429	-0.067239	3	HET	2	1	1	NA	NA	1.90675445587543	0.573215224245785	2	NEUT	1	1
JFCF_6_T_1_F	chr6	202777	27619629	21312	0.571429	0.005089	3	HET	2	1	1	NA	NA	2.00723580177005	0.573125806641671	2	NEUT	1	1
JFCF_6_T_1_F	chr6	27622102	27629787	16	0.597222	0.407899	5	GAIN	3	1	2	1	1	2.66908477107413	0.598958834205175	3	GAIN	2	1
JFCF_6_T_1_F	chr6	27630509	74186462	33555	0.583333	0.002816	3	HET	2	1	1	NA	NA	2.00400077919706	0.585315783566042	2	NEUT	1	1
JFCF_6_T_1_F	chr6	74190448	74219920	41	0.611111	0.306764	5	GAIN	3	1	2	1	1	2.48515759016651	0.613242863051044	3	GAIN	2	1
JFCF_6_T_1_F	chr6	74230528	87828837	7285	0.571429	0.018743	3	HET	2	1	1	NA	NA	2.02677634380692	0.573109447401239	2	NEUT	1	1
JFCF_6_T_1_F	chr6	87830755	87839742	17	0.588235	0.517396	5	GAIN	3	1	2	1	1	2.88330734971846	0.589694170802444	3	GAIN	2	1
JFCF_6_T_1_F	chr6	87840118	170871490	57061	0.571429	0.003118	3	HET	2	1	1	NA	NA	2.00443030386764	0.57312818157457	2	NEUT	1	1
JFCF_6_T_1_F	chr7	50134	7099830	5817	0.571429	0.001095	3	HET	2	1	1	NA	NA	2.00155477288219	0.573130622701505	2	NEUT	1	1
JFCF_6_T_1_F	chr7	7100414	7104895	29	0.545455	0.486609	5	GAIN	3	1	2	1	1	2.82142291384588	0.546223191775159	3	GAIN	2	1
JFCF_6_T_1_F	chr7	7124967	65833085	43427	0.571429	-0.013589	3	HET	2	1	1	NA	NA	1.98080307052128	0.573148449596242	2	NEUT	1	1
JFCF_6_T_1_F	chr7	65834094	65834280	13	0.903226	-0.002927	2	NLOH	2	0	2	1	1	1.99584978827315	0.912859339261714	2	NEUT	2	0
JFCF_6_T_1_F	chr7	65838141	99179970	21683	0.571429	0.013158	3	HET	2	1	1	NA	NA	2.01876116821128	0.573116119354916	2	NEUT	1	1
JFCF_6_T_1_F	chr7	99181096	99198515	17	0.6	0.865614	8	BCNA	4	2	2	1	1	3.68343020227482	0.601294505008815	4	AMP	2	2
JFCF_6_T_1_F	chr7	99202373	159119220	38989	0.575758	-0.019807	3	HET	2	1	1	NA	NA	1.97207913456553	0.577589725294585	2	NEUT	1	1
JFCF_6_T_1_F	chr8	170692	2271955	2091	1	-1.072394	1	DLOH	1	0	1	1	1	0.926050593810277	1	1	HETD	1	0
JFCF_6_T_1_F	chr8	2272138	2273920	14	0.535714	-0.866802	3	HET	2	1	1	NA	NA	1.07518696221475	0.537297837731179	2	NEUT	1	1
JFCF_6_T_1_F	chr8	2274783	14343652	9650	1	-0.996564	1	DLOH	1	0	1	1	1	0.978600246771091	1	1	HETD	1	0
JFCF_6_T_1_F	chr8	14345144	14345812	27	0.56	-0.757463	3	HET	2	1	1	NA	NA	1.16359480656558	0.562458700650551	2	NEUT	1	1
JFCF_6_T_1_F	chr8	14346497	29179817	11463	1	-0.933827	1	DLOH	1	0	1	1	1	1.02421372420144	1	1	HETD	1	0
JFCF_6_T_1_F	chr8	29180188	29189976	15	1	-0.385495	2	NLOH	2	0	2	1	1	1.51985190162445	1	2	NEUT	2	0
JFCF_6_T_1_F	chr8	29191224	53417040	9197	1	-0.957825	1	DLOH	1	0	1	1	1	1.00653112623166	1	1	HETD	1	0
JFCF_6_T_1_F	chr8	53433015	53495306	42	0.831439	1.621452	13	ASCNA	6	1	5	1	1	6.25271952832832	0.833966498121568	6	HLAMP	5	1
JFCF_6_T_1_F	chr8	53501285	53586706	39	0.833333	1.732531	17	ASCNA	7	1	6	1	1	6.75697658677442	0.835685242415433	7	HLAMP	6	1
JFCF_6_T_1_F	chr8	53595006	53699677	63	0.813559	1.617809	13	ASCNA	6	1	5	1	1	6.2368302320662	0.815956240068509	6	HLAMP	5	1
JFCF_6_T_1_F	chr8	53702603	53989593	293	0.803279	1.347984	10	ASCNA	5	1	4	1	1	5.16481903979147	0.806078905732217	5	HLAMP	4	1
JFCF_6_T_1_F	chr8	54001132	54117233	31	1	-1.08801	1	DLOH	1	0	1	1	1	0.915567566172939	1	1	HETD	1	0
JFCF_6_T_1_F	chr8	54121354	54149485	5	0.865672	0.734815	7	ASCNA	4	1	3	1	1	3.36003785664479	0.870861239515791	4	AMP	3	1
JFCF_6_T_1_F	chr8	54161116	57008822	1641	1	-0.960833	1	DLOH	1	0	1	1	1	1.00433539530175	1	1	HETD	1	0
JFCF_6_T_1_F	chr8	57021505	57029855	9	0.74359	1.193341	10	ASCNA	5	1	4	1	1	4.63499250942042	0.746095916517557	5	HLAMP	4	1
JFCF_6_T_1_F	chr8	57031401	57049800	29	0.62963	0.650872	5	GAIN	3	1	2	1	1	3.16741827458092	0.631581444853457	3	GAIN	2	1
JFCF_6_T_1_F	chr8	57075473	60719954	2319	1	-1.014362	1	DLOH	1	0	1	1	1	0.966017152578116	1	1	HETD	1	0
JFCF_6_T_1_F	chr8	60720008	64808585	2353	0.576923	-0.076147	3	HET	2	1	1	NA	NA	1.89472385916928	0.578858826672324	2	NEUT	1	1
JFCF_6_T_1_F	chr8	64830461	66449770	564	0.833333	-0.76687	1	DLOH	1	0	1	1	1	1.1557224465134	0.847085477487517	1	HETD	1	0
JFCF_6_T_1_F	chr8	66452157	66459575	22	0.785714	-0.488004	3	HET	2	1	1	NA	NA	1.41233749436516	0.795360043420463	2	NEUT	1	1
JFCF_6_T_1_F	chr8	66460003	66509464	69	0.833333	-0.652079	1	DLOH	1	0	1	1	1	1.25538621461098	0.845993683017313	1	HETD	1	0
JFCF_6_T_1_F	chr8	66510045	66519259	17	0.842105	-0.363236	3	HET	2	1	1	NA	NA	1.54422455016548	0.852668434626757	2	NEUT	1	1
JFCF_6_T_1_F	chr8	66530298	66550959	43	0.833333	-0.545496	1	DLOH	1	0	1	1	1	1.35529914922647	0.845060334837158	1	HETD	1	0
JFCF_6_T_1_F	chr8	66551520	66601337	55	0.823529	-0.4618	3	HET	2	1	1	NA	NA	1.43909846288925	0.834248607552644	2	NEUT	1	1
JFCF_6_T_1_F	chr8	66602602	67188281	379	0.8	-0.635812	1	DLOH	1	0	1	1	1	1.27016201004699	0.811262072417732	1	HETD	1	0
JFCF_6_T_1_F	chr8	67194618	67219528	46	0.789474	-0.452069	3	HET	2	1	1	NA	NA	1.44916071788538	0.798998653582774	2	NEUT	1	1
JFCF_6_T_1_F	chr8	67219728	67265570	26	0.853571	-0.662938	1	DLOH	1	0	1	1	1	1.24561498787204	0.867105711144126	1	HETD	1	0
JFCF_6_T_1_F	chr8	67267364	67328629	22	0.788889	-0.368544	3	HET	2	1	1	NA	NA	1.53837832810063	0.797843143133554	2	NEUT	1	1
JFCF_6_T_1_F	chr8	67345621	67349995	7	0.9	-0.660822	1	DLOH	1	0	1	1	1	1.24751325786411	0.91528871558329	1	HETD	1	0
JFCF_6_T_1_F	chr8	67351767	68439673	309	0.684211	-0.346055	3	HET	2	1	1	NA	NA	1.56329584079971	0.689829631733052	2	NEUT	1	1
JFCF_6_T_1_F	chr8	68455937	68481550	28	0.825758	-0.616962	1	DLOH	1	0	1	1	1	1.28749371078337	0.837822411825688	1	HETD	1	0
JFCF_6_T_1_F	chr8	68484190	68497964	19	0.68	-0.604385	3	HET	2	1	1	NA	NA	1.29918427330282	0.686606294503413	2	NEUT	1	1
JFCF_6_T_1_F	chr8	68512254	68577701	70	0.763305	-0.662177	1	DLOH	1	0	1	1	1	1.24629736269422	0.77337880662874	1	HETD	1	0
JFCF_6_T_1_F	chr8	68580393	68615757	30	0.710084	-0.578577	3	HET	2	1	1	NA	NA	1.32349481474807	0.71765279798076	2	NEUT	1	1
JFCF_6_T_1_F	chr8	68619555	68763825	101	1	-0.902896	1	DLOH	1	0	1	1	1	1.04744301410982	1	1	HETD	1	0
JFCF_6_T_1_F	chr8	68767537	77686351	5213	0.571429	-0.08068	3	HET	2	1	1	NA	NA	1.88863032717391	0.573232365640612	2	NEUT	1	1
JFCF_6_T_1_F	chr8	77692749	94239447	7869	1	-0.953016	1	DLOH	1	0	1	1	1	1.01005104598702	1	1	HETD	1	0
JFCF_6_T_1_F	chr8	94242350	96348446	1110	0.566667	0.129608	3	HET	2	1	1	NA	NA	2.19247476853134	0.568116881432617	2	NEUT	1	1
JFCF_6_T_1_F	chr8	96363243	99774019	2109	0.928571	-0.8025	1	DLOH	1	0	1	1	1	1.1263661577526	0.946713593375911	1	HETD	1	0
JFCF_6_T_1_F	chr8	99894413	100017607	40	0.808048	1.484433	13	ASCNA	6	1	5	1	1	5.68187966478626	0.810633130917713	6	HLAMP	5	1
JFCF_6_T_1_F	chr8	100020103	100109983	46	0.805375	1.391925	10	ASCNA	5	1	4	1	1	5.32602167375944	0.808108925844526	5	HLAMP	4	1
JFCF_6_T_1_F	chr8	100110510	100168160	48	0.809817	1.517674	13	ASCNA	6	1	5	1	1	5.81542657030699	0.812357269815973	6	HLAMP	5	1
JFCF_6_T_1_F	chr8	100180052	100279616	73	0.80597	1.410883	10	ASCNA	5	1	4	1	1	5.39710181749747	0.808673176574738	5	HLAMP	4	1
JFCF_6_T_1_F	chr8	100285910	100285910	1	0.916667	0.37214	4	ALOH	3	0	3	1	1	2.60257398748411	0.924300825019597	3	GAIN	3	0
JFCF_6_T_1_F	chr8	100292141	101348092	473	0.933333	-0.764261	1	DLOH	1	0	1	1	1	1.15790067770553	0.951177592521446	1	HETD	1	0
JFCF_6_T_1_F	chr8	101392897	103898531	1895	0.571429	0.077795	3	HET	2	1	1	NA	NA	2.113449249948	0.573040531973113	2	NEUT	1	1
JFCF_6_T_1_F	chr8	103900503	104508704	686	0.75	1.089953	7	ASCNA	4	1	3	1	1	4.31115953632147	0.752765044303217	4	AMP	3	1
JFCF_6_T_1_F	chr8	104510006	104517757	12	0.738544	1.525011	14	UBCNA	6	2	4	1	1	5.84532006760464	0.740489881463045	6	HLAMP	4	2
JFCF_6_T_1_F	chr8	104520390	104709594	385	0.745455	1.108332	7	ASCNA	4	1	3	1	1	4.36704356285873	0.748135035452162	4	AMP	3	1
JFCF_6_T_1_F	chr8	104710324	104749242	65	0.753623	1.201022	10	ASCNA	5	1	4	1	1	4.65998985150423	0.756218134339417	5	HLAMP	4	1
JFCF_6_T_1_F	chr8	104750169	105434051	698	0.741379	1.07129	7	ASCNA	4	1	3	1	1	4.25513581108034	0.744083844094387	4	AMP	3	1
JFCF_6_T_1_F	chr8	105463690	105477537	10	0.870108	2.056377	21	ASCNA	8	1	7	1	1	8.46945636109468	0.872191670858657	8	HLAMP	7	1
JFCF_6_T_1_F	chr8	105698532	106037189	374	0.75	1.05088	7	ASCNA	4	1	3	1	1	4.19469183110509	0.752841817133686	4	AMP	3	1
JFCF_6_T_1_F	chr8	106040394	106049819	16	0.742347	1.311325	10	ASCNA	5	1	4	1	1	5.03403757425986	0.744642500412419	5	HLAMP	4	1
JFCF_6_T_1_F	chr8	106050791	108568845	1473	0.75	1.050346	7	ASCNA	4	1	3	1	1	4.19312184683911	0.752842881163864	4	AMP	3	1
JFCF_6_T_1_F	chr8	108573270	108599838	63	0.731707	1.322411	10	ASCNA	5	1	4	1	1	5.07323709206431	0.73388476079495	5	HLAMP	4	1
JFCF_6_T_1_F	chr8	108600276	108609441	20	0.767599	1.026505	7	ASCNA	4	1	3	1	1	4.12361707103046	0.770693299429643	4	AMP	3	1
JFCF_6_T_1_F	chr8	108610563	108620864	26	0.733202	0.66305	5	GAIN	3	1	2	1	1	3.19467227383847	0.736682664293924	3	GAIN	2	1
JFCF_6_T_1_F	chr8	108626871	108989655	281	0.744681	0.964123	7	ASCNA	4	1	3	1	1	3.94709439208018	0.747636826336237	4	AMP	3	1
JFCF_6_T_1_F	chr8	109000833	109009180	5	0.814815	1.351515	10	ASCNA	5	1	4	1	1	5.17759227548114	0.817714237205794	5	HLAMP	4	1
JFCF_6_T_1_F	chr8	109012675	109301002	60	0.877664	1.90849	21	ASCNA	8	1	7	1	1	7.63964363948034	0.880021157856325	8	HLAMP	7	1
JFCF_6_T_1_F	chr8	109320997	109927453	307	0.825397	1.543808	13	ASCNA	6	1	5	1	1	5.92260287893394	0.828016733484922	6	HLAMP	5	1
JFCF_6_T_1_F	chr8	109930834	110059859	67	0.866667	1.736696	17	ASCNA	7	1	6	1	1	6.77664973502329	0.869246959962726	7	HLAMP	6	1
JFCF_6_T_1_F	chr8	110060998	110308328	200	0.892883	2.140561	21	ASCNA	8	1	7	1	1	8.98123398996486	0.894968851595838	9	HLAMP	8	1
JFCF_6_T_1_F	chr8	110310480	110825695	424	0.791667	1.325452	10	ASCNA	5	1	4	1	1	5.08404266024379	0.794402484690496	5	HLAMP	4	1
JFCF_6_T_1_F	chr8	110850198	111037537	166	0.677419	0.61009	5	GAIN	3	1	2	1	1	3.07780658075803	0.680167621777633	3	GAIN	2	1
JFCF_6_T_1_F	chr8	111054823	111284241	47	0.852459	1.806935	21	ASCNA	8	1	7	1	1	7.11711972456893	0.854820350815282	7	HLAMP	6	1
JFCF_6_T_1_F	chr8	111370771	113287551	1109	0.666667	0.60301	5	GAIN	3	1	2	1	1	3.06250587543794	0.669261949243552	3	GAIN	2	1
JFCF_6_T_1_F	chr8	113299795	113529553	228	0.873072	1.962345	21	ASCNA	8	1	7	1	1	7.93203058694525	0.875314665257011	8	HLAMP	7	1
JFCF_6_T_1_F	chr8	113531230	113628498	87	0.854369	1.866275	17	ASCNA	7	1	6	1	1	7.41796234603403	0.856646861312288	7	HLAMP	6	1
JFCF_6_T_1_F	chr8	113630565	113649721	44	0.847128	1.63116	13	ASCNA	6	1	5	1	1	6.29525835324271	0.849757252333836	6	HLAMP	5	1
JFCF_6_T_1_F	chr8	113650536	113857237	172	0.861702	1.749883	17	ASCNA	7	1	6	1	1	6.83931371321276	0.864223706658773	7	HLAMP	6	1
JFCF_6_T_1_F	chr8	113903087	115507627	1024	0.657519	0.518731	5	GAIN	3	1	2	1	1	2.88602080049745	0.660121493593765	3	GAIN	2	1
JFCF_6_T_1_F	chr8	115603659	118229762	1155	0.831169	1.597434	13	ASCNA	6	1	5	1	1	6.14869865664706	0.83373716337138	6	HLAMP	5	1
JFCF_6_T_1_F	chr8	118230236	118239903	27	0.819277	1.763616	17	ASCNA	7	1	6	1	1	6.90518397171174	0.821481695218665	7	HLAMP	6	1
JFCF_6_T_1_F	chr8	118240083	118278954	45	0.849057	1.63319	13	ASCNA	6	1	5	1	1	6.30418971582561	0.851697117510603	6	HLAMP	5	1
JFCF_6_T_1_F	chr8	118280129	118733389	225	0.84	1.745813	17	ASCNA	7	1	6	1	1	6.81991212678306	0.842377148528691	7	HLAMP	6	1
JFCF_6_T_1_F	chr8	118830086	120160781	770	0.8549	1.9404	21	ASCNA	8	1	7	1	1	7.81156876124039	0.857066326534829	8	HLAMP	7	1
JFCF_6_T_1_F	chr8	120162630	120169027	15	0.685714	1.206122	11	UBCNA	5	2	3	1	1	4.67666116007056	0.687607498298345	5	HLAMP	3	2
JFCF_6_T_1_F	chr8	120180777	123856435	2455	0.675	0.646134	5	GAIN	3	1	2	1	1	3.15687678168242	0.677643239999019	3	GAIN	2	1
JFCF_6_T_1_F	chr8	123860471	123869928	13	0.666667	1.139569	7	ASCNA	4	1	3	1	1	4.46367281729043	0.668447383023159	4	AMP	3	1
JFCF_6_T_1_F	chr8	123870465	123997080	113	0.855263	1.786329	17	ASCNA	7	1	6	1	1	7.01551228118522	0.857677608747241	7	HLAMP	6	1
JFCF_6_T_1_F	chr8	124010425	128347954	3204	0.886127	2.204908	21	ASCNA	8	1	7	1	1	9.39305696564617	0.888087105262071	9	HLAMP	8	1
JFCF_6_T_1_F	chr8	128379298	128559650	209	0.8	1.411449	10	ASCNA	5	1	4	1	1	5.39923834133426	0.802649384160335	5	HLAMP	4	1
JFCF_6_T_1_F	chr8	128561431	130545445	1209	0.89697	2.35741	21	ASCNA	8	1	7	1	1	10.4456561162373	0.898782083237682	10	HLAMP	9	1
JFCF_6_T_1_F	chr8	130550905	130773915	189	0.793103	1.327346	10	ASCNA	5	1	4	1	1	5.09078411935518	0.795848312344404	5	HLAMP	4	1
JFCF_6_T_1_F	chr8	130780382	130809464	23	0.79661	1.520329	13	ASCNA	6	1	5	1	1	5.8262264176156	0.799037474132784	6	HLAMP	5	1
JFCF_6_T_1_F	chr8	130810604	131319006	376	0.792453	1.404593	10	ASCNA	5	1	4	1	1	5.3734148007482	0.795048146583717	5	HLAMP	4	1
JFCF_6_T_1_F	chr8	131322492	131739876	556	0.86162	1.918507	21	ASCNA	8	1	7	1	1	7.69320443329503	0.863861307005696	8	HLAMP	7	1
JFCF_6_T_1_F	chr8	131741257	132376504	327	0.853333	1.830671	17	ASCNA	7	1	6	1	1	7.23597397143213	0.855661323839099	7	HLAMP	6	1
JFCF_6_T_1_F	chr8	132405059	133119839	485	0.797619	1.300406	10	ASCNA	5	1	4	1	1	4.99572188856827	0.800459655577954	5	HLAMP	4	1
JFCF_6_T_1_F	chr8	133120784	133128497	25	0.785714	1.086706	7	ASCNA	4	1	3	1	1	4.3013603454144	0.788881246568756	4	AMP	3	1
JFCF_6_T_1_F	chr8	133130183	133339191	133	0.8	1.255195	10	ASCNA	5	1	4	1	1	4.84012311246813	0.802955432373725	5	HLAMP	4	1
JFCF_6_T_1_F	chr8	133340776	133369094	53	0.815789	1.085245	7	ASCNA	4	1	3	1	1	4.29695835139444	0.819293225403577	4	AMP	3	1
JFCF_6_T_1_F	chr8	133370871	133749028	375	0.8	1.211601	10	ASCNA	5	1	4	1	1	4.69463716370497	0.803047020683514	5	HLAMP	4	1
JFCF_6_T_1_F	chr8	133752197	133759318	26	0.813953	1.595173	13	ASCNA	6	1	5	1	1	6.13899525839794	0.816391504264126	6	HLAMP	5	1
JFCF_6_T_1_F	chr8	133760050	133906606	41	0.864407	1.793431	17	ASCNA	7	1	6	1	1	7.05036821231353	0.86687151287771	7	HLAMP	6	1
JFCF_6_T_1_F	chr8	133912295	134867790	869	0.79661	1.258929	10	ASCNA	5	1	4	1	1	4.85279017215473	0.799524408704843	5	HLAMP	4	1
JFCF_6_T_1_F	chr8	134904248	135249313	362	0.751923	0.978292	7	ASCNA	4	1	3	1	1	3.98652119381366	0.754936213621748	4	AMP	3	1
JFCF_6_T_1_F	chr8	135305392	146288858	7205	0.571429	-0.089239	3	HET	2	1	1	NA	NA	1.87717687731128	0.57324336873691	2	NEUT	1	1
JFCF_6_T_1_F	chr9	212189	19159241	17289	0.571429	-0.02247	3	HET	2	1	1	NA	NA	1.96835439493978	0.573159324096412	2	NEUT	1	1
JFCF_6_T_1_F	chr9	19160057	19169179	22	0.580128	0.394351	5	GAIN	3	1	2	1	1	2.64369168677343	0.581573205738783	3	GAIN	2	1
JFCF_6_T_1_F	chr9	19170162	30519023	6555	0.571429	-0.020363	3	HET	2	1	1	NA	NA	1.97130088906136	0.573156737789164	2	NEUT	1	1
JFCF_6_T_1_F	chr9	30520031	30539945	50	0.616516	0.412235	5	GAIN	3	1	2	1	1	2.67726225911953	0.618591156384932	3	GAIN	2	1
JFCF_6_T_1_F	chr9	30550253	31774127	1136	0.571429	-0.028397	3	HET	2	1	1	NA	NA	1.96008893548306	0.573166620665158	2	NEUT	1	1
JFCF_6_T_1_F	chr9	31774474	31774715	12	0.936946	-0.224778	2	NLOH	2	0	2	1	1	1.70457412029755	0.949168725473062	2	NEUT	2	0
JFCF_6_T_1_F	chr9	31775169	33708793	1667	0.565217	0.014365	3	HET	2	1	1	NA	NA	2.0204907373234	0.566756076239082	2	NEUT	1	1
JFCF_6_T_1_F	chr9	33711245	33721935	13	0.555556	0.469955	5	GAIN	3	1	2	1	1	2.78849333216219	0.556505986730034	3	GAIN	2	1
JFCF_6_T_1_F	chr9	33728780	68417387	3102	0.583333	0.004567	3	HET	2	1	1	NA	NA	2.00649242002535	0.585313321366615	2	NEUT	1	1
JFCF_6_T_1_F	chr9	68417398	68418067	16	0.705248	-0.200562	5	GAIN	3	1	2	1	1	1.73423441561161	0.71089122431264	3	GAIN	2	1
JFCF_6_T_1_F	chr9	68418072	121778789	36289	0.571429	-0.016866	3	HET	2	1	1	NA	NA	1.97620071022797	0.573152454010625	2	NEUT	1	1
JFCF_6_T_1_F	chr9	121780817	132197137	6210	0.666667	0.558787	5	GAIN	3	1	2	1	1	2.96861549685844	0.669344021430782	3	GAIN	2	1
JFCF_6_T_1_F	chr9	132197646	132199983	143	0.552632	0.253215	3	HET	2	1	1	NA	NA	2.39286867379872	0.553680786743189	2	NEUT	1	1
JFCF_6_T_1_F	chr9	132200012	136139617	2677	0.675	0.552158	5	GAIN	3	1	2	1	1	2.95478778570443	0.67782402107579	3	GAIN	2	1
JFCF_6_T_1_F	chr9	136140462	136149830	50	0.7	0.900126	7	ASCNA	4	1	3	1	1	3.77376162469965	0.702527037646076	4	AMP	3	1
JFCF_6_T_1_F	chr9	136150403	141007995	3829	0.673913	0.503229	5	GAIN	3	1	2	1	1	2.85466642589495	0.676817911189354	3	GAIN	2	1
JFCF_6_T_1_F	chr10	131636	10218843	7061	1	-1.011295	1	DLOH	1	0	1	1	1	0.968174450437254	1	1	HETD	1	0
JFCF_6_T_1_F	chr10	10230151	10239333	23	1	-0.280716	2	NLOH	2	0	2	1	1	1.6379337005406	1	2	NEUT	2	0
JFCF_6_T_1_F	chr10	10240191	26914168	9943	1	-0.976231	1	DLOH	1	0	1	1	1	0.993166834661527	1	1	HETD	1	0
JFCF_6_T_1_F	chr10	26914197	26915691	86	0.580128	-0.746245	3	HET	2	1	1	NA	NA	1.17305007661433	0.583385046287678	2	NEUT	1	1
JFCF_6_T_1_F	chr10	26915712	26915998	18	0.689904	-0.746245	1	DLOH	1	0	1	1	1	1.17305007661433	0.697623225716544	1	HETD	1	0
JFCF_6_T_1_F	chr10	26916814	26916940	10	0.578905	-0.746245	3	HET	2	1	1	NA	NA	1.17305007661433	0.582112333732643	2	NEUT	1	1
JFCF_6_T_1_F	chr10	26916991	26940186	83	0.666667	-1.006953	1	DLOH	1	0	1	1	1	0.97123642376533	0.674849402461835	1	HETD	1	0
JFCF_6_T_1_F	chr10	26940210	26940673	22	0.5625	-0.848884	3	HET	2	1	1	NA	NA	1.08921974693445	0.565236028967001	2	NEUT	1	1
JFCF_6_T_1_F	chr10	26940841	38250206	5779	1	-0.975207	1	DLOH	1	0	1	1	1	0.993905873552362	1	1	HETD	1	0
JFCF_6_T_1_F	chr10	43262616	49879717	4263	0.592593	-0.105719	3	HET	2	1	1	NA	NA	1.85531419322408	0.594972670727812	2	NEUT	1	1
JFCF_6_T_1_F	chr10	49880385	49889274	16	0.59233	0.418546	5	GAIN	3	1	2	1	1	2.68920850751128	0.593967097476319	3	GAIN	2	1
JFCF_6_T_1_F	chr10	49890693	58940106	6336	0.571429	-0.06897	3	HET	2	1	1	NA	NA	1.90441085522281	0.573217422403969	2	NEUT	1	1
JFCF_6_T_1_F	chr10	58940610	58940979	27	0.896552	-0.15709	2	NLOH	2	0	2	1	1	1.78874515524743	0.907122799951336	2	NEUT	2	0
JFCF_6_T_1_F	chr10	58952665	69449238	9061	0.571429	-0.004912	3	HET	2	1	1	NA	NA	1.99304003185464	0.573137892438389	2	NEUT	1	1
JFCF_6_T_1_F	chr10	69482437	69485607	4	0.546921	1.209997	11	UBCNA	5	2	3	1	1	4.6893675446879	0.547398099724777	5	HLAMP	3	2
JFCF_6_T_1_F	chr10	69485653	69485653	1	0.971338	1.209997	9	ALOH	5	0	5	1	1	4.6893675446879	0.976130635069098	5	HLAMP	5	0
JFCF_6_T_1_F	chr10	69517922	104629465	20270	0.571429	0.004899	3	HET	2	1	1	NA	NA	2.00696519107375	0.5731260354319	2	NEUT	1	1
JFCF_6_T_1_F	chr10	104631177	104674516	62	0.578784	0.302199	5	GAIN	3	1	2	1	1	2.47715580215919	0.580300494655979	3	GAIN	2	1
JFCF_6_T_1_F	chr10	104677887	135429761	24835	0.571429	-0.070643	3	HET	2	1	1	NA	NA	1.90214845138624	0.573219549542735	2	NEUT	1	1
JFCF_6_T_1_F	chr11	190010	195431	55	0.666667	-0.657227	3	HET	2	1	1	NA	NA	1.25074473344448	0.673020852302824	2	NEUT	1	1
JFCF_6_T_1_F	chr11	201212	1016869	548	1	-0.970084	1	DLOH	1	0	1	1	1	0.997611120234797	1	1	HETD	1	0
JFCF_6_T_1_F	chr11	1016894	1017029	8	0.63708	-1.155973	3	HET	2	1	1	NA	NA	0.871242681389024	0.64458224309984	2	NEUT	1	1
JFCF_6_T_1_F	chr11	1017069	1017384	18	0.683004	-1.155973	1	DLOH	1	0	1	1	1	0.871242681389024	0.693019614941955	1	HETD	1	0
JFCF_6_T_1_F	chr11	1017421	1017746	10	0.574879	-1.155973	3	HET	2	1	1	NA	NA	0.871242681389024	0.578977048300795	2	NEUT	1	1
JFCF_6_T_1_F	chr11	1017756	48343993	26623	1	-0.991897	1	DLOH	1	0	1	1	1	0.98192556184349	1	1	HETD	1	0
JFCF_6_T_1_F	chr11	48344015	48344146	12	0.527778	-1.018298	3	HET	2	1	1	NA	NA	0.963255319526417	0.529153041283782	2	NEUT	1	1
JFCF_6_T_1_F	chr11	48344191	48352412	352	0.6	-1.018298	1	DLOH	1	0	1	1	1	0.963255319526417	0.604950109020744	1	HETD	1	0
JFCF_6_T_1_F	chr11	48352470	48352864	17	0.560976	-0.987696	3	HET	2	1	1	NA	NA	0.984928057671078	0.56392796090839	2	NEUT	1	1
JFCF_6_T_1_F	chr11	48352931	48356216	141	0.608696	-0.987696	1	DLOH	1	0	1	1	1	0.984928057671078	0.613958174345618	1	HETD	1	0
JFCF_6_T_1_F	chr11	48356282	48356757	24	0.538462	-0.987696	3	HET	2	1	1	NA	NA	0.984928057671078	0.540324016538614	2	NEUT	1	1
JFCF_6_T_1_F	chr11	48356770	48357522	39	0.583333	-0.987696	1	DLOH	1	0	1	1	1	0.984928057671078	0.587367304617864	1	HETD	1	0
JFCF_6_T_1_F	chr11	48357629	48358136	18	0.516685	-0.987696	3	HET	2	1	1	NA	NA	0.984928057671078	0.517492751701595	2	NEUT	1	1
JFCF_6_T_1_F	chr11	48358152	48895946	682	0.642857	-0.996705	1	DLOH	1	0	1	1	1	0.978499949238919	0.649818404957451	1	HETD	1	0
JFCF_6_T_1_F	chr11	48896457	48896457	1	0.637755	-0.728513	3	HET	2	1	1	NA	NA	1.18814654190295	0.643283324697584	2	NEUT	1	1
JFCF_6_T_1_F	chr11	48896628	50643892	767	1	-1.132585	1	DLOH	1	0	1	1	1	0.886261077410248	1	1	HETD	1	0
JFCF_6_T_1_F	chr11	55670119	86008468	19023	0.571429	-0.036259	3	HET	2	1	1	NA	NA	1.94917729890801	0.573176347992279	2	NEUT	1	1
JFCF_6_T_1_F	chr11	86010681	86017797	14	0.568323	0.458573	5	GAIN	3	1	2	1	1	2.76620563945896	0.569500710765968	3	GAIN	2	1
JFCF_6_T_1_F	chr11	86030460	129539589	28869	0.571429	-0.020744	3	HET	2	1	1	NA	NA	1.97076776808519	0.573157205167041	2	NEUT	1	1
JFCF_6_T_1_F	chr11	129540016	129549483	24	0.580128	1.079015	8	BCNA	4	2	2	1	1	4.2782373107136	0.581021049665041	4	AMP	2	2
JFCF_6_T_1_F	chr11	129551393	134939568	4281	0.571429	-0.130879	3	HET	2	1	1	NA	NA	1.82241444256182	0.573297889403145	2	NEUT	1	1
JFCF_6_T_1_F	chr12	260214	48018527	31157	0.571429	0.014542	3	HET	2	1	1	NA	NA	2.02074449092636	0.573114463478998	2	NEUT	1	1
JFCF_6_T_1_F	chr12	48020152	48027810	7	0.568966	0.601687	5	GAIN	3	1	2	1	1	3.05965503546615	0.570040777964031	3	GAIN	2	1
JFCF_6_T_1_F	chr12	48031385	50926485	1554	0.566667	0.089576	3	HET	2	1	1	NA	NA	2.13116922973061	0.568158588942834	2	NEUT	1	1
JFCF_6_T_1_F	chr12	50930475	50939807	13	0.529412	0.446336	5	GAIN	3	1	2	1	1	2.74243906162941	0.529923380014508	3	GAIN	2	1
JFCF_6_T_1_F	chr12	50940983	56889139	3995	0.571429	0.031125	3	HET	2	1	1	NA	NA	2.04465710603795	0.573094751694886	2	NEUT	1	1
JFCF_6_T_1_F	chr12	56901210	56936264	41	0.5625	0.32821	5	GAIN	3	1	2	1	1	2.52309008647636	0.563681145609907	3	GAIN	2	1
JFCF_6_T_1_F	chr12	56952552	59919033	1829	0.571429	0.029297	3	HET	2	1	1	NA	NA	2.04200763820378	0.573096912977465	2	NEUT	1	1
JFCF_6_T_1_F	chr12	59920382	59930050	27	0.571429	0.603417	5	GAIN	3	1	2	1	1	3.06338341717578	0.572540806971581	3	GAIN	2	1
JFCF_6_T_1_F	chr12	59931369	104699434	30221	0.571429	0.028192	3	HET	2	1	1	NA	NA	2.04040769981469	0.573098220832754	2	NEUT	1	1
JFCF_6_T_1_F	chr12	104700380	104729267	27	0.586207	0.373322	5	GAIN	3	1	2	1	1	2.60474623202116	0.587785095543605	3	GAIN	2	1
JFCF_6_T_1_F	chr12	104730444	133812415	21836	0.571429	-0.066735	3	HET	2	1	1	NA	NA	1.90743735012554	0.573214584747839	2	NEUT	1	1
JFCF_6_T_1_F	chr13	20140766	20344522	7	1	-0.887276	1	DLOH	1	0	1	1	1	1.05936430896564	1	1	HETD	1	0
JFCF_6_T_1_F	chr13	20370494	20371378	29	0.774194	-0.544781	3	HET	2	1	1	NA	NA	1.35599463943418	0.78383575639318	2	NEUT	1	1
JFCF_6_T_1_F	chr13	20394307	31707943	7098	1	-0.983295	1	DLOH	1	0	1	1	1	0.988082886818061	1	1	HETD	1	0
JFCF_6_T_1_F	chr13	31756900	47979710	10152	0.612903	0.399542	5	GAIN	3	1	2	1	1	2.65339303469393	0.614931897360412	3	GAIN	2	1
JFCF_6_T_1_F	chr13	47980203	48009778	91	0.611111	0.239291	3	HET	2	1	1	NA	NA	2.36942728957319	0.613346989965091	2	NEUT	1	1
JFCF_6_T_1_F	chr13	48012654	48628629	584	0.612903	0.322419	5	GAIN	3	1	2	1	1	2.51279165004223	0.615045422800607	3	GAIN	2	1
JFCF_6_T_1_F	chr13	48640373	48649026	17	0.590909	0.119848	3	HET	2	1	1	NA	NA	2.17737099278408	0.59289981373156	2	NEUT	1	1
JFCF_6_T_1_F	chr13	48652099	53411519	2568	0.607143	0.385767	5	GAIN	3	1	2	1	1	2.62772562437118	0.609087195646337	3	GAIN	2	1
JFCF_6_T_1_F	chr13	53465777	53558303	94	0.607919	0.1542	3	HET	2	1	1	NA	NA	2.23098751425107	0.610225518554698	2	NEUT	1	1
JFCF_6_T_1_F	chr13	53561045	53629939	86	0.6	0.284554	5	GAIN	3	1	2	1	1	2.44646363818493	0.601949025022095	3	GAIN	2	1
JFCF_6_T_1_F	chr13	53630052	53739910	118	0.597297	0.223137	3	HET	2	1	1	NA	NA	2.34251363275138	0.599277493870423	2	NEUT	1	1
JFCF_6_T_1_F	chr13	53740264	53795456	79	0.62963	0.29286	5	GAIN	3	1	2	1	1	2.46086455053907	0.632141736003236	3	GAIN	2	1
JFCF_6_T_1_F	chr13	53797140	54041666	222	0.612903	0.198528	3	HET	2	1	1	NA	NA	2.3020882489639	0.615241512490409	2	NEUT	1	1
JFCF_6_T_1_F	chr13	54049003	54407331	176	0.602326	0.319949	5	GAIN	3	1	2	1	1	2.50841168102814	0.60427110640089	3	GAIN	2	1
JFCF_6_T_1_F	chr13	54428335	54560555	43	0.608696	0.169731	3	HET	2	1	1	NA	NA	2.25565052000619	0.610993724364385	2	NEUT	1	1
JFCF_6_T_1_F	chr13	54562112	55030254	294	0.611111	0.304794	5	GAIN	3	1	2	1	1	2.48170135786586	0.613245832068212	3	GAIN	2	1
JFCF_6_T_1_F	chr13	55030989	55087964	98	0.615385	0.199097	3	HET	2	1	1	NA	NA	2.30301518295645	0.61777395920301	2	NEUT	1	1
JFCF_6_T_1_F	chr13	55088792	55380182	135	0.625	0.268782	5	GAIN	3	1	2	1	1	2.41934534750345	0.627463589402081	3	GAIN	2	1
JFCF_6_T_1_F	chr13	55380943	55516057	96	0.611264	0.22067	3	HET	2	1	1	NA	NA	2.33842990458316	0.613532749217984	2	NEUT	1	1
JFCF_6_T_1_F	chr13	55522372	56605462	202	0.617647	0.289557	5	GAIN	3	1	2	1	1	2.45512788968292	0.619931877480263	3	GAIN	2	1
JFCF_6_T_1_F	chr13	56620786	56649850	38	0.635328	0.099733	3	HET	2	1	1	NA	NA	2.14656311362991	0.638334077556991	2	NEUT	1	1
JFCF_6_T_1_F	chr13	56655537	57589704	560	0.62069	0.28609	5	GAIN	3	1	2	1	1	2.44912050466917	0.623039726489501	3	GAIN	2	1
JFCF_6_T_1_F	chr13	57590001	57649809	95	0.613636	0.136297	3	HET	2	1	1	NA	NA	2.20288528532646	0.616095689210538	2	NEUT	1	1
JFCF_6_T_1_F	chr13	57650264	62519918	2353	0.613636	0.305179	5	GAIN	3	1	2	1	1	2.48237644344246	0.615818752411579	3	GAIN	2	1
JFCF_6_T_1_F	chr13	62520077	62529499	28	0.596875	0.158928	3	HET	2	1	1	NA	NA	2.23846742018271	0.598938560079484	2	NEUT	1	1
JFCF_6_T_1_F	chr13	62541333	63596017	1035	0.606061	0.386171	5	GAIN	3	1	2	1	1	2.62847492763899	0.60798501325102	3	GAIN	2	1
JFCF_6_T_1_F	chr13	63602646	63603943	46	0.779514	0.133739	3	HET	2	1	1	NA	NA	2.19889840611114	0.785575143702444	2	NEUT	1	1
JFCF_6_T_1_F	chr13	63603996	63607975	21	0.916667	0.133739	2	NLOH	2	0	2	1	1	2.19889840611114	0.925702248907268	2	NEUT	2	0
JFCF_6_T_1_F	chr13	63607996	63648938	1194	0.597392	-0.266793	3	HET	2	1	1	NA	NA	1.65427980260186	0.600199181524944	2	NEUT	1	1
JFCF_6_T_1_F	chr13	63653033	68099687	3509	0.613636	0.382282	5	GAIN	3	1	2	1	1	2.6212706608055	0.615703094119425	3	GAIN	2	1
JFCF_6_T_1_F	chr13	68100089	68109883	34	0.574275	0.186868	3	HET	2	1	1	NA	NA	2.28317371591172	0.57582617174113	2	NEUT	1	1
JFCF_6_T_1_F	chr13	68111229	69539635	869	0.605263	0.302092	5	GAIN	3	1	2	1	1	2.47696855007941	0.607289335862922	3	GAIN	2	1
JFCF_6_T_1_F	chr13	69540375	69649652	128	0.602632	0.197377	3	HET	2	1	1	NA	NA	2.30021432058148	0.604759505390571	2	NEUT	1	1
JFCF_6_T_1_F	chr13	69652385	70149541	428	0.618347	0.298337	5	GAIN	3	1	2	1	1	2.47040601485875	0.620631257698648	3	GAIN	2	1
JFCF_6_T_1_F	chr13	70150726	70220096	75	0.607143	0.247284	3	HET	2	1	1	NA	NA	2.38285602808412	0.609286987155942	2	NEUT	1	1
JFCF_6_T_1_F	chr13	70222790	74909648	3469	0.608696	0.34798	5	GAIN	3	1	2	1	1	2.55856119961236	0.610721694424719	3	GAIN	2	1
JFCF_6_T_1_F	chr13	74910046	74928838	53	0.6	0.187326	3	HET	2	1	1	NA	NA	2.28391379017689	0.602087740293428	2	NEUT	1	1
JFCF_6_T_1_F	chr13	74931334	110959717	27850	0.613636	0.387731	5	GAIN	3	1	2	1	1	2.63137024711048	0.61569516030795	3	GAIN	2	1
JFCF_6_T_1_F	chr13	110960685	110970108	29	0.583333	0.151067	3	HET	2	1	1	NA	NA	2.22604445568869	0.585118004697984	2	NEUT	1	1
JFCF_6_T_1_F	chr13	110973521	111589278	858	0.622222	0.365314	5	GAIN	3	1	2	1	1	2.59006412343759	0.62447206492534	3	GAIN	2	1
JFCF_6_T_1_F	chr13	111590169	111599452	20	0.569048	0.102365	3	HET	2	1	1	NA	NA	2.15056986818094	0.570578924336764	2	NEUT	1	1
JFCF_6_T_1_F	chr13	111612131	112039822	482	0.625	0.326889	5	GAIN	3	1	2	1	1	2.52073724281322	0.627364496170744	3	GAIN	2	1
JFCF_6_T_1_F	chr13	112041549	112988707	791	0.625	0.166555	3	HET	2	1	1	NA	NA	2.25058545898709	0.627648321366462	2	NEUT	1	1
JFCF_6_T_1_F	chr13	112992192	113429326	384	0.619048	0.332053	5	GAIN	3	1	2	1	1	2.52994714743886	0.621291710576361	3	GAIN	2	1
JFCF_6_T_1_F	chr13	113430404	113469892	39	0.555556	0.188814	3	HET	2	1	1	NA	NA	2.28631984586818	0.556714644389642	2	NEUT	1	1
JFCF_6_T_1_F	chr13	113471486	114509986	1084	0.617647	0.334655	5	GAIN	3	1	2	1	1	2.53460027456583	0.619860235152933	3	GAIN	2	1
JFCF_6_T_1_F	chr13	114510245	114519894	41	0.617647	0.179848	3	HET	2	1	1	NA	NA	2.27185956903776	0.620116195940962	2	NEUT	1	1
JFCF_6_T_1_F	chr13	114520997	114839484	279	0.611111	0.355582	5	GAIN	3	1	2	1	1	2.57233053613727	0.613170616976928	3	GAIN	2	1
JFCF_6_T_1_F	chr13	114860226	114879093	25	0.631579	0.0908	3	HET	2	1	1	NA	NA	2.13301857813858	0.634520359601972	2	NEUT	1	1
JFCF_6_T_1_F	chr13	114880916	115093704	206	0.618347	0.397247	5	GAIN	3	1	2	1	1	2.64909965355617	0.620477174284177	3	GAIN	2	1
JFCF_6_T_1_F	chr14	20210007	35337904	11501	0.567568	0.015766	3	HET	2	1	1	NA	NA	2.0225001138911	0.569160974006801	2	NEUT	1	1
JFCF_6_T_1_F	chr14	35341527	35369831	50	0.571429	0.328336	5	GAIN	3	1	2	1	1	2.52331461864898	0.57277876867913	3	GAIN	2	1
JFCF_6_T_1_F	chr14	35371679	91418457	38431	0.571429	-0.002336	3	HET	2	1	1	NA	NA	1.99668709260328	0.573134771050687	2	NEUT	1	1
JFCF_6_T_1_F	chr14	91418983	91419128	14	0.9518	0.110405	2	NLOH	2	0	2	1	1	2.16285471372523	0.961760360541848	2	NEUT	2	0
JFCF_6_T_1_F	chr14	91419557	93148143	1695	0.571429	-0.006937	3	HET	2	1	1	NA	NA	1.99017763645868	0.573140350272181	2	NEUT	1	1
JFCF_6_T_1_F	chr14	93150466	93157065	7	0.6	0.548639	5	GAIN	3	1	2	1	1	2.94747313072021	0.601617731064881	3	GAIN	2	1
JFCF_6_T_1_F	chr14	93163820	101149937	7504	0.571429	-0.109918	3	HET	2	1	1	NA	NA	1.84978352713426	0.573270237631259	2	NEUT	1	1
JFCF_6_T_1_F	chr14	101150729	102379681	1007	0.675	0.520452	5	GAIN	3	1	2	1	1	2.88952252146593	0.677887806867511	3	GAIN	2	1
JFCF_6_T_1_F	chr14	102380136	107024951	4189	0.586207	-0.008375	3	HET	2	1	1	NA	NA	1.98814742052428	0.58827452194457	2	NEUT	1	1
JFCF_6_T_1_F	chr14	107024981	107026255	13	0.928571	0.072296	2	NLOH	2	0	2	1	1	2.10522752501633	0.938277885811468	2	NEUT	2	0
JFCF_6_T_1_F	chr14	107026317	107268495	1823	0.677419	-0.107592	3	HET	2	1	1	NA	NA	1.85284520330412	0.681984803004011	2	NEUT	1	1
JFCF_6_T_1_F	chr15	21910133	61189609	24812	0.571429	0.001013	3	HET	2	1	1	NA	NA	2.00143830152081	0.573130721725448	2	NEUT	1	1
JFCF_6_T_1_F	chr15	61190011	61197157	12	0.552727	-1.043435	1	DLOH	1	0	1	1	1	0.945793672127572	0.555385231732002	1	HETD	1	0
JFCF_6_T_1_F	chr15	61200750	65997046	3140	0.571429	0.026709	3	HET	2	1	1	NA	NA	2.03826237721541	0.573099977729813	2	NEUT	1	1
JFCF_6_T_1_F	chr15	66000267	66018993	39	0.545455	0.374861	5	GAIN	3	1	2	1	1	2.60757722907063	0.546286190674814	3	GAIN	2	1
JFCF_6_T_1_F	chr15	66020614	102399429	24891	0.571429	-0.034129	3	HET	2	1	1	NA	NA	1.95212764664931	0.573173707138229	2	NEUT	1	1
JFCF_6_T_1_F	chr16	90024	24709089	20423	0.571429	-0.037291	3	HET	2	1	1	NA	NA	1.94774940039231	0.57317762897617	2	NEUT	1	1
JFCF_6_T_1_F	chr16	24710690	24719617	41	0.571429	0.326002	5	GAIN	3	1	2	1	1	2.51915860853851	0.572780995475116	3	GAIN	2	1
JFCF_6_T_1_F	chr16	24723166	33970893	6292	0.596491	-0.130323	3	HET	2	1	1	NA	NA	1.8231352976852	0.599014620738947	2	NEUT	1	1
JFCF_6_T_1_F	chr16	33970988	33970988	1	0.919643	-0.362907	1	DLOH	1	0	1	1	1	1.54458761860659	0.932597588249212	1	HETD	1	0
JFCF_6_T_1_F	chr16	33971031	33974818	68	0.643246	-0.362907	3	HET	2	1	1	NA	NA	1.54458761860659	0.647668075307694	2	NEUT	1	1
JFCF_6_T_1_F	chr16	33975009	33975749	5	0.742765	-0.362907	5	GAIN	3	1	2	1	1	1.54458761860659	0.750259276364243	3	GAIN	2	1
JFCF_6_T_1_F	chr16	33975946	67578396	15025	0.571429	-0.087363	3	HET	2	1	1	NA	NA	1.87968148453416	0.573240951156548	2	NEUT	1	1
JFCF_6_T_1_F	chr16	67584891	84098815	14310	0.657895	0.514797	5	GAIN	3	1	2	1	1	2.87803195598551	0.660510947030043	3	GAIN	2	1
JFCF_6_T_1_F	chr16	84100602	84109997	19	0.609756	-0.886548	3	HET	2	1	1	NA	NA	1.05992307793766	0.614693534040028	2	NEUT	1	1
JFCF_6_T_1_F	chr16	84112158	87568201	3516	0.65625	0.51101	5	GAIN	3	1	2	1	1	2.87036217819214	0.658845610409101	3	GAIN	2	1
JFCF_6_T_1_F	chr16	87575332	90149922	1810	1	-0.967004	1	DLOH	1	0	1	1	1	0.999845093731978	1	1	HETD	1	0
JFCF_6_T_1_F	chr17	1665	41380777	25859	0.576923	-0.007912	3	HET	2	1	1	NA	NA	1.98880087835816	0.578767255512546	2	NEUT	1	1
JFCF_6_T_1_F	chr17	41381934	41382468	3	0.810127	-0.009735	5	GAIN	3	1	2	1	1	1.98622918861307	0.817572029076583	3	GAIN	2	1
JFCF_6_T_1_F	chr17	41401810	45819587	1230	0.571429	0.085947	3	HET	2	1	1	NA	NA	2.12569536652043	0.573031247948359	2	NEUT	1	1
JFCF_6_T_1_F	chr17	45820707	45829194	14	0.60101	0.431328	5	GAIN	3	1	2	1	1	2.71356456725077	0.602784926572577	3	GAIN	2	1
JFCF_6_T_1_F	chr17	45830948	48099946	1932	0.571429	0.074294	3	HET	2	1	1	NA	NA	2.10821117260746	0.573044535997578	2	NEUT	1	1
JFCF_6_T_1_F	chr17	48100584	48109168	42	0.555556	0.371579	5	GAIN	3	1	2	1	1	2.60154362095755	0.556574253794018	3	GAIN	2	1
JFCF_6_T_1_F	chr17	48111271	80469511	24748	0.571429	0.013331	3	HET	2	1	1	NA	NA	2.01900897951292	0.573115912279441	2	NEUT	1	1
JFCF_6_T_1_F	chr17	80471266	80479328	16	0.567424	0.466291	5	GAIN	3	1	2	1	1	2.78129946092619	0.568579907129098	3	GAIN	2	1
JFCF_6_T_1_F	chr17	80480041	81102135	645	0.571429	-0.019745	3	HET	2	1	1	NA	NA	1.97216593592639	0.573155979955286	2	NEUT	1	1
JFCF_6_T_1_F	chr18	130168	27680088	15449	0.571429	0.006579	3	HET	2	1	1	NA	NA	2.00935919540112	0.573124013538465	2	NEUT	1	1
JFCF_6_T_1_F	chr18	27717694	27717765	11	0.931034	0.016768	2	NLOH	2	0	2	1	1	2.02393842421879	0.941188777525217	2	NEUT	2	0
JFCF_6_T_1_F	chr18	28076288	32369221	2441	0.571429	-0.022228	3	HET	2	1	1	NA	NA	1.96869259654207	0.573159026844122	2	NEUT	1	1
JFCF_6_T_1_F	chr18	32378188	35577756	1620	1	-1.019651	1	DLOH	1	0	1	1	1	0.962307678320144	1	1	HETD	1	0
JFCF_6_T_1_F	chr18	35583758	37039928	537	0.571429	-0.101532	3	HET	2	1	1	NA	NA	1.86084510515442	0.573259292607595	2	NEUT	1	1
JFCF_6_T_1_F	chr18	37173101	50946260	6991	1	-1.007675	1	DLOH	1	0	1	1	1	0.970726631212695	1	1	HETD	1	0
JFCF_6_T_1_F	chr18	50953078	50959356	4	1	2.998955	20	ALOH	8	0	8	1	1	16.3219138902842	1	16	HLAMP	16	0
JFCF_6_T_1_F	chr18	50960222	77832175	15986	1	-0.98442	1	DLOH	1	0	1	1	1	0.987275521799928	1	1	HETD	1	0
JFCF_6_T_1_F	chr19	260301	2549740	1985	1	0.032757	2	NLOH	2	0	2	1	1	2.04702533337703	1	2	NEUT	2	0
JFCF_6_T_1_F	chr19	2550038	2559841	25	1	0.383035	4	ALOH	3	0	3	1	1	2.62266405719672	1	3	GAIN	3	0
JFCF_6_T_1_F	chr19	2560423	4030626	1338	1	0.011884	2	NLOH	2	0	2	1	1	2.01693716057422	1	2	NEUT	2	0
JFCF_6_T_1_F	chr19	4035786	4036192	4	0.603641	0.20066	3	HET	2	1	1	NA	NA	2.30556328277504	0.605784437021047	2	NEUT	1	1
JFCF_6_T_1_F	chr19	4037525	6839313	2319	1	-0.002793	2	NLOH	2	0	2	1	1	1.99603960385757	1	2	NEUT	2	0
JFCF_6_T_1_F	chr19	6840554	6849906	12	1	0.511913	4	ALOH	3	0	3	1	1	2.8721891886119	1	3	GAIN	3	0
JFCF_6_T_1_F	chr19	6850767	6948542	290	1	-0.023698	2	NLOH	2	0	2	1	1	1.96663910548695	1	2	NEUT	2	0
JFCF_6_T_1_F	chr19	6949133	6949137	2	0.590323	-0.00435	3	HET	2	1	1	NA	NA	1.99383514743228	0.592483057371965	2	NEUT	1	1
JFCF_6_T_1_F	chr19	6949686	7859385	959	1	-0.053544	2	NLOH	2	0	2	1	1	1.92539557697915	1	2	NEUT	2	0
JFCF_6_T_1_F	chr19	7861495	7862405	33	0.777778	-0.092917	3	HET	2	1	1	NA	NA	1.87227590051603	0.784852311507021	2	NEUT	1	1
JFCF_6_T_1_F	chr19	7863120	8999311	747	1	-0.021601	2	NLOH	2	0	2	1	1	1.96956911009583	1	2	NEUT	2	0
JFCF_6_T_1_F	chr19	8999373	9010725	68	0.737037	-0.282862	3	HET	2	1	1	NA	NA	1.63542822117766	0.743947999064796	2	NEUT	1	1
JFCF_6_T_1_F	chr19	9013231	9019605	7	1	-0.206904	2	NLOH	2	0	2	1	1	1.7264184101001	1	2	NEUT	2	0
JFCF_6_T_1_F	chr19	9033974	9039972	21	1	0.410508	4	ALOH	3	0	3	1	1	2.67400227459791	1	3	GAIN	3	0
JFCF_6_T_1_F	chr19	9040440	16167530	5641	1	-0.000135	2	NLOH	2	0	2	1	1	1.99980839737143	1	2	NEUT	2	0
JFCF_6_T_1_F	chr19	16168022	16169212	14	0.75	0.073224	3	HET	2	1	1	NA	NA	2.10661280940458	0.755658632218959	2	NEUT	1	1
JFCF_6_T_1_F	chr19	16170280	20497314	2991	1	-0.000878	2	NLOH	2	0	2	1	1	1.99875419409767	1	2	NEUT	2	0
JFCF_6_T_1_F	chr19	20688241	20688324	10	0.894704	0.771032	7	ASCNA	4	1	3	1	1	3.44666708549744	0.900164449195964	4	AMP	3	1
JFCF_6_T_1_F	chr19	20720151	20882164	245	1	-0.011189	2	NLOH	2	0	2	1	1	1.98418037211429	1	2	NEUT	2	0
JFCF_6_T_1_F	chr19	20882988	20883885	13	0.766667	-0.128616	3	HET	2	1	1	NA	NA	1.82535016317875	0.773632932568886	2	NEUT	1	1
JFCF_6_T_1_F	chr19	20884423	20950097	79	1	0.006656	2	NLOH	2	0	2	1	1	2.00946898742856	1	2	NEUT	2	0
JFCF_6_T_1_F	chr19	20952153	20952726	18	0.580712	-0.141272	3	HET	2	1	1	NA	NA	1.80899090220272	0.582839442869212	2	NEUT	1	1
JFCF_6_T_1_F	chr19	20953619	21329836	579	1	0.028929	2	NLOH	2	0	2	1	1	2.04147467193962	1	2	NEUT	2	0
JFCF_6_T_1_F	chr19	21340622	21455451	194	1	0.46761	4	ALOH	3	0	3	1	1	2.78388707158467	1	3	GAIN	3	0
JFCF_6_T_1_F	chr19	21460346	21689825	433	1	0.032402	2	NLOH	2	0	2	1	1	2.04650995787058	1	2	NEUT	2	0
JFCF_6_T_1_F	chr19	21700335	21700944	18	0.595315	0.049061	3	HET	2	1	1	NA	NA	2.07083204040917	0.597509686823859	2	NEUT	1	1
JFCF_6_T_1_F	chr19	21701504	21743971	65	1	0.127466	2	NLOH	2	0	2	1	1	2.18915122774621	1	2	NEUT	2	0
JFCF_6_T_1_F	chr19	21744954	21749973	116	0.574603	0.128498	3	HET	2	1	1	NA	NA	2.19075186949846	0.576226750437262	2	NEUT	1	1
JFCF_6_T_1_F	chr19	21750036	21759994	118	0.572948	0.39671	5	GAIN	3	1	2	1	1	2.64809604411531	0.574261517420129	3	GAIN	2	1
JFCF_6_T_1_F	chr19	21760007	21768348	107	0.652174	0.170752	3	HET	2	1	1	NA	NA	2.25728117304017	0.655388481843948	2	NEUT	1	1
JFCF_6_T_1_F	chr19	21769335	21778041	17	1	-0.151187	2	NLOH	2	0	2	1	1	1.79627456249758	1	2	NEUT	2	0
JFCF_6_T_1_F	chr19	21778049	21778254	10	0.775214	-0.151187	3	HET	2	1	1	NA	NA	1.79627456249758	0.78251956791823	2	NEUT	1	1
JFCF_6_T_1_F	chr19	21778255	22484182	828	1	-0.089767	2	NLOH	2	0	2	1	1	1.87647254299091	1	2	NEUT	2	0
JFCF_6_T_1_F	chr19	22484415	22485589	64	0.595455	-0.15706	3	HET	2	1	1	NA	NA	1.78878334307755	0.597999468740448	2	NEUT	1	1
JFCF_6_T_1_F	chr19	22486535	22607312	136	1	-0.132659	2	NLOH	2	0	2	1	1	1.82010853644134	1	2	NEUT	2	0
JFCF_6_T_1_F	chr19	22607480	22607841	19	0.821429	-0.2274	3	HET	2	1	1	NA	NA	1.70139240592241	0.830437173601023	2	NEUT	1	1
JFCF_6_T_1_F	chr19	22607883	23382990	740	1	-0.150371	2	NLOH	2	0	2	1	1	1.7973178143788	1	2	NEUT	2	0
JFCF_6_T_1_F	chr19	23383136	23383296	8	0.644253	0.116025	3	HET	2	1	1	NA	NA	2.17148262588271	0.647420558722602	2	NEUT	1	1
JFCF_6_T_1_F	chr19	23384859	23648174	150	1	0.004035	2	NLOH	2	0	2	1	1	2.00573507395129	1	2	NEUT	2	0
JFCF_6_T_1_F	chr19	23648941	23669817	11	0.733333	-0.159103	3	HET	2	1	1	NA	NA	1.78618456530633	0.73956182332382	2	NEUT	1	1
JFCF_6_T_1_F	chr19	28730374	29059815	637	0.55102	0.85869	8	BCNA	4	2	2	1	1	3.66556618613164	0.551683675168292	4	AMP	2	2
JFCF_6_T_1_F	chr19	29062291	29109436	50	0.555556	0.714768	5	GAIN	3	1	2	1	1	3.31301328153674	0.556355583773813	3	GAIN	2	1
JFCF_6_T_1_F	chr19	29122806	29279770	191	0.555556	0.899209	8	BCNA	4	2	2	1	1	3.77133342578703	0.556258412479425	4	AMP	2	2
JFCF_6_T_1_F	chr19	29280464	29289688	45	0.542857	1.201441	11	UBCNA	5	2	3	1	1	4.66135729298975	0.543295394961507	5	HLAMP	3	2
JFCF_6_T_1_F	chr19	29300357	29777809	455	0.553191	0.832936	8	BCNA	4	2	2	1	1	3.59986797337159	0.553895543418088	4	AMP	2	2
JFCF_6_T_1_F	chr19	29780813	29939615	97	0.548387	0.710934	5	GAIN	3	1	2	1	1	3.30409400183111	0.549085284628694	3	GAIN	2	1
JFCF_6_T_1_F	chr19	29940864	29989013	85	0.55102	0.83557	8	BCNA	4	2	2	1	1	3.60653356989275	0.551694538364422	4	AMP	2	2
JFCF_6_T_1_F	chr19	29989938	30059421	107	0.5625	0.771008	5	GAIN	3	1	2	1	1	3.44660895562062	0.563364657643909	3	GAIN	2	1
JFCF_6_T_1_F	chr19	30060767	30604325	352	0.555556	0.884322	8	BCNA	4	2	2	1	1	3.73212807956488	0.556265791198445	4	AMP	2	2
JFCF_6_T_1_F	chr19	30644786	30709841	45	0.5625	0.630138	5	GAIN	3	1	2	1	1	3.1215422197821	0.563454700135131	3	GAIN	2	1
JFCF_6_T_1_F	chr19	30710222	30909735	147	0.555556	0.834812	8	BCNA	4	2	2	1	1	3.60461412889205	0.556290900205021	4	AMP	2	2
JFCF_6_T_1_F	chr19	30910362	30987423	76	0.560488	0.746496	5	GAIN	3	1	2	1	1	3.3877409806386	0.561339363853475	3	GAIN	2	1
JFCF_6_T_1_F	chr19	30990700	31010075	40	0.566646	0.893313	8	BCNA	4	2	2	1	1	3.75575773791035	0.567492121436519	4	AMP	2	2
JFCF_6_T_1_F	chr19	31010389	31071005	96	0.556848	0.772286	5	GAIN	3	1	2	1	1	3.44970571723277	0.557633758923232	3	GAIN	2	1
JFCF_6_T_1_F	chr19	31076117	31268772	90	0.554094	0.818784	8	BCNA	4	2	2	1	1	3.56426254566539	0.55481766170274	4	AMP	2	2
JFCF_6_T_1_F	chr19	31271898	31308777	63	0.551724	0.675846	5	GAIN	3	1	2	1	1	3.22355828649402	0.55248909040537	3	GAIN	2	1
JFCF_6_T_1_F	chr19	31310253	31989889	312	0.55	0.854306	8	BCNA	4	2	2	1	1	3.65429965255088	0.550652412130891	4	AMP	2	2
JFCF_6_T_1_F	chr19	31990392	31999899	19	0.534884	0.585524	5	GAIN	3	1	2	1	1	3.02503676880161	0.535433859585033	3	GAIN	2	1
JFCF_6_T_1_F	chr19	32001026	32369989	275	0.548387	0.882658	8	BCNA	4	2	2	1	1	3.72777097130783	0.549005921621258	4	AMP	2	2
JFCF_6_T_1_F	chr19	32370597	32379846	22	0.579211	0.678896	5	GAIN	3	1	2	1	1	3.2304813278046	0.58038016132527	3	GAIN	2	1
JFCF_6_T_1_F	chr19	32382410	33379462	735	0.55	1.009171	8	BCNA	4	2	2	1	1	4.07379873852776	0.550585230046022	4	AMP	2	2
JFCF_6_T_1_F	chr19	33381455	33398577	34	0.54881	1.239396	11	UBCNA	5	2	3	1	1	4.78688861706493	0.549296196317722	5	HLAMP	3	2
JFCF_6_T_1_F	chr19	33401834	34679271	994	0.55102	0.996114	8	BCNA	4	2	2	1	1	4.03666588132812	0.551622662030246	4	AMP	2	2
JFCF_6_T_1_F	chr19	34681123	34719058	68	0.542262	1.23389	11	UBCNA	5	2	3	1	1	4.76847279452833	0.542684597493102	5	HLAMP	3	2
JFCF_6_T_1_F	chr19	34720258	35236262	493	0.55102	1.025797	8	BCNA	4	2	2	1	1	4.12157051562397	0.551610247151236	4	AMP	2	2
JFCF_6_T_1_F	chr19	35237151	35237711	41	0.738462	0.942092	7	ASCNA	4	1	3	1	1	3.88655467450987	0.741387570583179	4	AMP	3	1
JFCF_6_T_1_F	chr19	35237767	35238501	44	0.603195	0.942092	8	BCNA	4	2	2	1	1	3.88655467450987	0.60446104765678	4	AMP	2	2
JFCF_6_T_1_F	chr19	35238550	35240183	61	0.756757	0.942092	7	ASCNA	4	1	3	1	1	3.88655467450987	0.759907022755094	4	AMP	3	1
JFCF_6_T_1_F	chr19	35240440	41962076	4915	0.552632	0.984462	8	BCNA	4	2	2	1	1	4.00381129053548	0.553258805001825	4	AMP	2	2
JFCF_6_T_1_F	chr19	41974301	41979360	11	0.540984	1.445955	15	BCNA	6	3	3	1	1	5.53108682521332	0.5413373133494	6	HLAMP	3	3
JFCF_6_T_1_F	chr19	41980606	42015119	27	0.555556	1.074001	8	BCNA	4	2	2	1	1	4.26322893267322	0.556177367443358	4	AMP	2	2
JFCF_6_T_1_F	chr19	42020663	42027514	9	0.543478	1.395772	11	UBCNA	5	2	3	1	1	5.34036997666915	0.543866198982303	5	HLAMP	3	2
JFCF_6_T_1_F	chr19	42031592	45624367	1629	0.555556	1.024802	8	BCNA	4	2	2	1	1	4.11869605074236	0.556199172409352	4	AMP	2	2
JFCF_6_T_1_F	chr19	45652362	52962413	5078	0.964286	0.012708	2	NLOH	2	0	2	1	1	2.01811671150085	0.975255718662626	2	NEUT	2	0
JFCF_6_T_1_F	chr19	52965226	52965658	41	0.837838	0.000978	3	HET	2	1	1	NA	NA	2.00138859015066	0.845886839323759	2	NEUT	1	1
JFCF_6_T_1_F	chr19	52965665	53416632	521	0.954545	0.000978	2	NLOH	2	0	2	1	1	2.00138859015066	0.965374331426358	2	NEUT	2	0
JFCF_6_T_1_F	chr19	53418611	53419449	20	0.718651	0.167821	3	HET	2	1	1	NA	NA	2.25260312991412	0.723279315592541	2	NEUT	1	1
JFCF_6_T_1_F	chr19	53419560	53599618	156	0.955534	-0.014747	2	NLOH	2	0	2	1	1	1.97917553081829	0.966508700172796	2	NEUT	2	0
JFCF_6_T_1_F	chr19	53599902	53600074	3	0.590909	0.036414	3	HET	2	1	1	NA	NA	2.05234181556539	0.593021094602497	2	NEUT	1	1
JFCF_6_T_1_F	chr19	53600639	54013301	601	0.954545	0.009171	2	NLOH	2	0	2	1	1	2.01305827503155	0.965311553867068	2	NEUT	2	0
JFCF_6_T_1_F	chr19	54015759	54016413	4	0.68587	0.080412	3	HET	2	1	1	NA	NA	2.11737302699298	0.690055700042904	2	NEUT	1	1
JFCF_6_T_1_F	chr19	54016975	55439639	1330	0.941176	0.039587	2	NLOH	2	0	2	1	1	2.05696559877587	0.951402829846162	2	NEUT	2	0
JFCF_6_T_1_F	chr19	55439838	55441769	15	0.8125	0.175268	3	HET	2	1	1	NA	NA	2.26450759511362	0.819080098882142	2	NEUT	1	1
JFCF_6_T_1_F	chr19	55441902	55554550	117	0.896552	0.175268	2	NLOH	2	0	2	1	1	2.26450759511362	0.904901924390116	2	NEUT	2	0
JFCF_6_T_1_F	chr19	55558233	55650988	67	0.833333	0.156262	3	HET	2	1	1	NA	NA	2.23424667588187	0.840446828163679	2	NEUT	1	1
JFCF_6_T_1_F	chr19	55652712	55670825	20	0.91806	-0.045223	2	NLOH	2	0	2	1	1	1.93680853507963	0.928352197369277	2	NEUT	2	0
JFCF_6_T_1_F	chr19	55671374	55679931	16	0.868534	0.342021	5	GAIN	3	1	2	1	1	2.5478184066285	0.875431080105051	3	GAIN	2	1
JFCF_6_T_1_F	chr19	55680373	55829214	108	0.868056	0.119398	3	HET	2	1	1	NA	NA	2.17667707080984	0.876118617920179	2	NEUT	1	1
JFCF_6_T_1_F	chr19	55830777	55850763	36	0.859127	0.214631	5	GAIN	3	1	2	1	1	2.32846271567701	0.866481191751262	3	GAIN	2	1
JFCF_6_T_1_F	chr19	55851773	55870835	23	0.923077	0.15121	2	NLOH	2	0	2	1	1	2.22626983874992	0.932138451984812	2	NEUT	2	0
JFCF_6_T_1_F	chr19	55872191	55916936	69	0.85	0.131247	3	HET	2	1	1	NA	NA	2.19502118585605	0.857603009059854	2	NEUT	1	1
JFCF_6_T_1_F	chr19	55921631	55947296	41	0.854167	0.275887	5	GAIN	3	1	2	1	1	2.43152495767448	0.861112212546006	3	GAIN	2	1
JFCF_6_T_1_F	chr19	55951237	56475120	67	0.833333	0.132369	3	HET	2	1	1	NA	NA	2.19676603965449	0.840568202402343	2	NEUT	1	1
JFCF_6_T_1_F	chr19	56487430	56525835	108	0.863636	0.322314	5	GAIN	3	1	2	1	1	2.51260530437516	0.87053678949302	3	GAIN	2	1
JFCF_6_T_1_F	chr19	56532303	56755041	140	0.848077	0.089387	3	HET	2	1	1	NA	NA	2.13088380839522	0.855865821262252	2	NEUT	1	1
JFCF_6_T_1_F	chr19	56755560	56765888	17	0.925926	0.089387	2	NLOH	2	0	2	1	1	2.13088380839522	0.935456826469275	2	NEUT	2	0
JFCF_6_T_1_F	chr19	56769939	57609555	917	0.85	0.1249	3	HET	2	1	1	NA	NA	2.18517629677656	0.85763726294636	2	NEUT	1	1
JFCF_6_T_1_F	chr19	57609860	57678182	25	0.909091	0.074208	2	NLOH	2	0	2	1	1	2.10808266221698	0.918344125843124	2	NEUT	2	0
JFCF_6_T_1_F	chr19	57681318	57859590	164	0.852397	0.207055	5	GAIN	3	1	2	1	1	2.31601761122327	0.859652152157288	3	GAIN	2	1
JFCF_6_T_1_F	chr19	57860330	58949579	1046	0.947368	0.064909	2	NLOH	2	0	2	1	1	2.09423220187381	0.957553826227854	2	NEUT	2	0
JFCF_6_T_1_F	chr19	58950721	58953826	9	1	0.542463	4	ALOH	3	0	3	1	1	2.93467864459123	1	3	GAIN	3	0
JFCF_6_T_1_F	chr19	58955556	58958585	6	0.547139	0.542463	5	GAIN	3	1	2	1	1	2.93467864459123	0.547904906920057	3	GAIN	2	1
JFCF_6_T_1_F	chr19	58961056	59079334	93	0.571429	0.960278	8	BCNA	4	2	2	1	1	3.93646188455641	0.572294216313463	4	AMP	2	2
JFCF_6_T_1_F	chr19	59080325	59089308	7	0.565217	0.586604	5	GAIN	3	1	2	1	1	3.02733786419339	0.566244202586761	3	GAIN	2	1
JFCF_6_T_1_F	chr20	68749	569164	502	0.565217	0.009689	3	HET	2	1	1	NA	NA	2.01379831723679	0.56676119102374	2	NEUT	1	1
JFCF_6_T_1_F	chr20	571306	579803	5	0.5625	-1.159183	1	DLOH	1	0	1	1	1	0.869200344247747	0.565928595948867	1	HETD	1	0
JFCF_6_T_1_F	chr20	580065	25348557	17986	0.571429	-0.047553	3	HET	2	1	1	NA	NA	1.9336061039224	0.573190419263693	2	NEUT	1	1
JFCF_6_T_1_F	chr20	30370566	40979986	5836	0.737705	0.950538	7	ASCNA	4	1	3	1	1	3.9096545112937	0.74060405273631	4	AMP	3	1
JFCF_6_T_1_F	chr20	40980486	41057557	114	0.755827	0.737422	5	GAIN	3	1	2	1	1	3.36620129210695	0.759450785439378	3	GAIN	2	1
JFCF_6_T_1_F	chr20	41061083	41177956	63	0.737705	0.932204	7	ASCNA	4	1	3	1	1	3.85968224206044	0.740641587495592	4	AMP	3	1
JFCF_6_T_1_F	chr20	41180181	41700164	263	0.723404	0.793235	5	GAIN	3	1	2	1	1	3.50086088530024	0.726446792039092	3	GAIN	2	1
JFCF_6_T_1_F	chr20	41702325	46816194	2739	0.736842	0.911094	7	ASCNA	4	1	3	1	1	3.80292462992828	0.739811594714414	4	AMP	3	1
JFCF_6_T_1_F	chr20	46825603	47028751	174	0.730769	0.762483	5	GAIN	3	1	2	1	1	3.42602179619225	0.733980763264914	3	GAIN	2	1
JFCF_6_T_1_F	chr20	47031001	49982730	2579	0.735849	0.949963	7	ASCNA	4	1	3	1	1	3.90807759091679	0.738726577582733	4	AMP	3	1
JFCF_6_T_1_F	chr20	49983494	49999884	53	0.733333	0.714681	5	GAIN	3	1	2	1	1	3.31281062492398	0.73669142562123	3	GAIN	2	1
JFCF_6_T_1_F	chr20	50000147	53337294	3127	0.734375	0.923254	7	ASCNA	4	1	3	1	1	3.83551728641853	0.737288691188664	4	AMP	3	1
JFCF_6_T_1_F	chr20	53346555	53419953	30	1	-1.130742	1	DLOH	1	0	1	1	1	0.887454924540857	1	1	HETD	1	0
JFCF_6_T_1_F	chr20	53430930	53438784	5	1	1.078852	6	ALOH	4	0	4	1	1	4.2777485830017	1	4	AMP	4	0
JFCF_6_T_1_F	chr20	53441234	62892853	5454	1	-1.065349	1	DLOH	1	0	1	1	1	0.930817175711416	1	1	HETD	1	0
JFCF_6_T_1_F	chr21	15413315	37880948	11879	1	-0.978647	1	DLOH	1	0	1	1	1	0.991425242198971	1	1	HETD	1	0
JFCF_6_T_1_F	chr21	37894089	38557138	640	0.576923	0.066924	3	HET	2	1	1	NA	NA	2.09722588578383	0.578671908883936	2	NEUT	1	1
JFCF_6_T_1_F	chr21	38588594	41309645	2114	0.673913	0.595715	5	GAIN	3	1	2	1	1	3.04681887663652	0.676634708371326	3	GAIN	2	1
JFCF_6_T_1_F	chr21	41310256	42428264	716	0.571429	-0.081418	3	HET	2	1	1	NA	NA	1.88764007409788	0.57323331168345	2	NEUT	1	1
JFCF_6_T_1_F	chr21	42435176	42839038	310	0.647059	0.445903	5	GAIN	3	1	2	1	1	2.74160178057787	0.649616663553876	3	GAIN	2	1
JFCF_6_T_1_F	chr21	42840580	42849258	25	0.689655	0.10523	3	HET	2	1	1	NA	NA	2.15493964113472	0.693851482017708	2	NEUT	1	1
JFCF_6_T_1_F	chr21	42850075	44369566	1902	0.666667	0.545172	5	GAIN	3	1	2	1	1	2.94028399106658	0.669369816234414	3	GAIN	2	1
JFCF_6_T_1_F	chr21	44370143	44379846	18	0.653706	1.054138	8	BCNA	4	2	2	1	1	4.20428309776669	0.655449231435591	4	AMP	2	2
JFCF_6_T_1_F	chr21	44380325	47549569	2664	0.657895	0.572344	5	GAIN	3	1	2	1	1	2.99709322813951	0.660407027012354	3	GAIN	2	1
JFCF_6_T_1_F	chr21	47552103	47552624	3	0.666667	-0.412243	3	HET	2	1	1	NA	NA	1.49105710502631	0.67199680747555	2	NEUT	1	1
JFCF_6_T_1_F	chr21	47553438	48097101	54	1	-0.911524	1	DLOH	1	0	1	1	1	1.04091319162575	1	1	HETD	1	0
JFCF_6_T_1_F	chr22	17046497	17046631	18	0.803846	-0.715726	1	DLOH	1	0	1	1	1	1.19914871492501	0.815927939509181	1	HETD	1	0
JFCF_6_T_1_F	chr22	17409897	51179770	26158	0.571429	-0.016379	3	HET	2	1	1	NA	NA	1.9768840128793	0.573151858305117	2	NEUT	1	1
JFCF_6_T_1_F	chrX	2832186	3196014	177	0.611111	-0.028923	3	HET	2	1	1	NA	NA	1.95935704476304	0.613814956206787	2	HLAMP	1	1
JFCF_6_T_1_F	chrX	3523520	41294709	35	1	-0.013607	2	NLOH	2	0	2	1	1	1.98077776198008	1	2	HLAMP	2	0
JFCF_6_T_1_F	chrX	46950314	88459836	313	0.642857	0.055825	3	HET	2	1	1	NA	NA	2.08078790374568	0.646130632254991	2	HLAMP	1	1
JFCF_6_T_1_F	chrX	90606104	100439104	16	0.945906	0.027251	2	NLOH	2	0	2	1	1	2.03904618413297	0.956333313562085	2	HLAMP	2	0
JFCF_6_T_1_F	chrX	100439848	154871281	119	0.769231	-0.013517	3	HET	2	1	1	NA	NA	1.98090430784381	0.775711637773212	2	HLAMP	1	1
