Sample	Chromosome	Start_Position.bp.	End_Position.bp.	Length.snp.	Median_Ratio	Median_logR	TITAN_state	TITAN_call	Copy_Number	MinorCN	MajorCN	Clonal_Cluster	Cellular_Prevalence	logR_Copy_Number	Corrected_Ratio	Corrected_Copy_Number	Corrected_Call	Corrected_MajorCN	Corrected_MinorCN
JFCF_6_T_1J_11E	chr1	821038	825252	24	0.595723	0.083097	3	HET	2	1	1	NA	NA	2.11940495109641	0.596352103070863	2	NEUT	1	1
JFCF_6_T_1J_11E	chr1	825877	826123	12	0.978723	0.083097	2	NLOH	2	0	2	1	1	2.11940495109641	0.981869225143309	2	NEUT	2	0
JFCF_6_T_1J_11E	chr1	826178	4219996	2212	0.5625	-0.061112	3	HET	2	1	1	NA	NA	1.91647234154745	0.562954252064701	2	NEUT	1	1
JFCF_6_T_1J_11E	chr1	4220155	4279166	71	0.567568	-0.341244	5	GAIN	3	1	2	1	1	1.5757867490158	0.568165259502948	3	GAIN	2	1
JFCF_6_T_1J_11E	chr1	4281160	4379356	79	0.576923	-0.148538	3	HET	2	1	1	NA	NA	1.80296571875406	0.577517276001674	2	NEUT	1	1
JFCF_6_T_1J_11E	chr1	4380503	4427868	91	0.567568	-0.281618	5	GAIN	3	1	2	1	1	1.64286567892187	0.568140873134148	3	GAIN	2	1
JFCF_6_T_1J_11E	chr1	4431623	5723376	1545	0.558824	-0.168365	3	HET	2	1	1	NA	NA	1.7781668778002	0.559284788344486	2	NEUT	1	1
JFCF_6_T_1J_11E	chr1	5726928	5737081	293	0.703297	-0.213523	5	GAIN	3	1	2	1	1	1.72294105815058	0.704940538939242	3	GAIN	2	1
JFCF_6_T_1J_11E	chr1	5739237	16139916	6806	0.5625	-0.055775	3	HET	2	1	1	NA	NA	1.92362675142288	0.5629525625969	2	NEUT	1	1
JFCF_6_T_1J_11E	chr1	16140272	16167799	36	0.58477	0.295834	5	GAIN	3	1	2	1	1	2.45835901075788	0.585250304135014	3	GAIN	2	1
JFCF_6_T_1J_11E	chr1	16173110	16808971	676	0.556848	0.01657	3	HET	2	1	1	NA	NA	2.02326422247511	0.557239365047674	2	NEUT	1	1
JFCF_6_T_1J_11E	chr1	16930034	16945065	86	0.729583	-0.019355	5	GAIN	3	1	2	1	1	1.9731618344102	0.731203676998893	3	GAIN	2	1
JFCF_6_T_1J_11E	chr1	16945227	26599542	6678	0.56	-0.025401	3	HET	2	1	1	NA	NA	1.96485182291148	0.560425344571851	2	NEUT	1	1
JFCF_6_T_1J_11E	chr1	26600483	26609093	11	0.541667	-1.137644	5	GAIN	3	1	2	1	1	0.90140415031406	0.54231086101194	3	GAIN	2	1
JFCF_6_T_1J_11E	chr1	26610030	32359595	4533	0.56	0.048785	3	HET	2	1	1	NA	NA	2.06926590108192	0.560403881906588	2	NEUT	1	1
JFCF_6_T_1J_11E	chr1	32386834	32443326	8	0.633046	0.576885	5	GAIN	3	1	2	1	1	2.99009808187861	0.63366577754342	3	GAIN	2	1
JFCF_6_T_1J_11E	chr1	32466331	33328165	153	0.558824	0.081836	3	HET	2	1	1	NA	NA	2.11754110690802	0.559210938685237	2	NEUT	1	1
JFCF_6_T_1J_11E	chr1	33342080	33397467	13	0.693333	0.649587	5	GAIN	3	1	2	1	1	3.14535978806001	0.694189160344471	3	GAIN	2	1
JFCF_6_T_1J_11E	chr1	33418200	39369652	3494	0.559412	-0.031138	3	HET	2	1	1	NA	NA	1.95699865683483	0.55983486631711	2	NEUT	1	1
JFCF_6_T_1J_11E	chr1	39370048	39379976	14	0.569048	0.408019	5	GAIN	3	1	2	1	1	2.65827809421429	0.569409801313907	3	GAIN	2	1
JFCF_6_T_1J_11E	chr1	39380307	39418915	41	0.5625	0.143426	3	HET	2	1	1	NA	NA	2.21050581412781	0.562893829101252	2	NEUT	1	1
JFCF_6_T_1J_11E	chr1	39420199	39448796	36	0.615275	0.342302	5	GAIN	3	1	2	1	1	2.53928563141014	0.61590732888971	3	GAIN	2	1
JFCF_6_T_1J_11E	chr1	39450494	45378752	4232	0.558824	0.045779	3	HET	2	1	1	NA	NA	2.06492987417634	0.559220797286963	2	NEUT	1	1
JFCF_6_T_1J_11E	chr1	45380077	45388132	17	0.566667	0.510569	5	GAIN	3	1	2	1	1	2.85513831887532	0.566992239442687	3	GAIN	2	1
JFCF_6_T_1J_11E	chr1	45391661	53199594	3031	0.55814	0.038081	3	HET	2	1	1	NA	NA	2.05386694268424	0.558534295818175	2	NEUT	1	1
JFCF_6_T_1J_11E	chr1	53200504	53268313	88	0.565942	0.271892	5	GAIN	3	1	2	1	1	2.41766914087711	0.566321913473884	3	GAIN	2	1
JFCF_6_T_1J_11E	chr1	53270010	108139975	35517	0.555556	0.013034	3	HET	2	1	1	NA	NA	2.01827724020314	0.555939415437567	2	NEUT	1	1
JFCF_6_T_1J_11E	chr1	108141478	108149646	18	0.55152	-0.398152	5	GAIN	3	1	2	1	1	1.51430008874046	0.551993896340578	3	GAIN	2	1
JFCF_6_T_1J_11E	chr1	108150238	144993936	7537	0.555556	0.015484	3	HET	2	1	1	NA	NA	2.02173128635824	0.555938760387795	2	NEUT	1	1
JFCF_6_T_1J_11E	chr1	144994170	145001651	53	0.675497	0.185562	5	GAIN	3	1	2	1	1	2.27643170124929	0.676570827497	3	GAIN	2	1
JFCF_6_T_1J_11E	chr1	145001818	145049954	347	0.568627	0.076553	3	HET	2	1	1	NA	NA	2.10975015745573	0.569080088912662	2	NEUT	1	1
JFCF_6_T_1J_11E	chr1	145060035	145117946	369	0.690909	0.19861	5	GAIN	3	1	2	1	1	2.29724010132397	0.692066549208801	3	GAIN	2	1
JFCF_6_T_1J_11E	chr1	145118171	152539751	2244	0.575758	-0.001542	3	HET	2	1	1	NA	NA	1.99784859628816	0.576286184164586	2	NEUT	1	1
JFCF_6_T_1J_11E	chr1	152609732	152952333	4	1	0.082728	2	NLOH	2	0	2	1	1	2.11885937525618	1	2	NEUT	2	0
JFCF_6_T_1J_11E	chr1	153066262	155660853	463	0.558824	-0.013716	3	HET	2	1	1	NA	NA	1.98094388953567	0.559237620282821	2	NEUT	1	1
JFCF_6_T_1J_11E	chr1	155662172	155666541	74	0.79661	0.078035	5	GAIN	3	1	2	1	1	2.11193281523949	0.798566253532441	3	GAIN	2	1
JFCF_6_T_1J_11E	chr1	155687554	215379943	38445	0.555556	0.013531	3	HET	2	1	1	NA	NA	2.01897744395763	0.555939282464844	2	NEUT	1	1
JFCF_6_T_1J_11E	chr1	215380352	215389609	9	0.540541	1.98997	24	BCNA	8	4	4	1	1	7.98597570320347	0.540611710827714	8	HLAMP	4	4
JFCF_6_T_1J_11E	chr1	215390579	227379283	7686	0.555556	0.014302	3	HET	2	1	1	NA	NA	2.02006415299923	0.555939076275095	2	NEUT	1	1
JFCF_6_T_1J_11E	chr1	227380472	227389940	43	0.545455	0.300641	5	GAIN	3	1	2	1	1	2.46661031061043	0.545711685045932	3	GAIN	2	1
JFCF_6_T_1J_11E	chr1	227400053	245199236	14217	0.558824	0.020814	3	HET	2	1	1	NA	NA	2.02926589089458	0.559227770927959	2	NEUT	1	1
JFCF_6_T_1J_11E	chr1	245199983	245209134	22	0.546429	-0.556267	5	GAIN	3	1	2	1	1	1.35566266604182	0.54690604257687	3	GAIN	2	1
JFCF_6_T_1J_11E	chr1	245210390	249209648	3480	0.558824	0.014474	3	HET	2	1	1	NA	NA	2.02030666279175	0.559229561485755	2	NEUT	1	1
JFCF_6_T_1J_11E	chr2	11594	720238	466	1	-0.988171	1	DLOH	1	0	1	1	1	1.00132578993616	1	1	HETD	1	0
JFCF_6_T_1J_11E	chr2	728646	747985	5	0.666667	-0.874977	5	GAIN	3	1	2	1	1	1.0841910874273	0.668808229577967	3	GAIN	2	1
JFCF_6_T_1J_11E	chr2	748014	10150141	7958	1	-1.021144	1	DLOH	1	0	1	1	1	0.978385152278642	1	1	HETD	1	0
JFCF_6_T_1J_11E	chr2	10153087	10153315	10	0.625874	-0.985883	5	GAIN	3	1	2	1	1	1.00293718097975	0.627622162299393	3	GAIN	2	1
JFCF_6_T_1J_11E	chr2	10154254	13199740	2470	1	-0.990782	1	DLOH	1	0	1	1	1	0.999490036127522	1	1	HETD	1	0
JFCF_6_T_1J_11E	chr2	13200142	13256540	166	1	-1.502972	4	ALOH	3	0	3	1	1	0.696637137797124	1	3	GAIN	3	0
JFCF_6_T_1J_11E	chr2	13339255	15359339	876	1	-0.964028	1	DLOH	1	0	1	1	1	1.01845868232442	1	1	HETD	1	0
JFCF_6_T_1J_11E	chr2	15363027	15368869	6	0.618566	-0.39374	5	GAIN	3	1	2	1	1	1.5189808195311	0.619653244769668	3	GAIN	2	1
JFCF_6_T_1J_11E	chr2	15370718	18335489	2159	0.555556	-0.064069	3	HET	2	1	1	NA	NA	1.91251977313197	0.555960617333664	2	NEUT	1	1
JFCF_6_T_1J_11E	chr2	18336829	18339926	6	1	-0.332646	4	ALOH	3	0	3	1	1	1.58528923297	1	3	GAIN	3	0
JFCF_6_T_1J_11E	chr2	18352000	20338254	1528	1	-0.952833	1	DLOH	1	0	1	1	1	1.02650094903154	1	1	HETD	1	0
JFCF_6_T_1J_11E	chr2	20338504	20339792	7	0.695652	-0.792235	5	GAIN	3	1	2	1	1	1.14901193974082	0.698023806192729	3	GAIN	2	1
JFCF_6_T_1J_11E	chr2	20340155	33768347	7972	0.55814	-0.01131	3	HET	2	1	1	NA	NA	1.98427353887464	0.55854812475232	2	NEUT	1	1
JFCF_6_T_1J_11E	chr2	33770267	33772525	7	0.548387	-0.544362	5	GAIN	3	1	2	1	1	1.36701118202686	0.548880033101466	3	GAIN	2	1
JFCF_6_T_1J_11E	chr2	33773300	33779906	9	1	-0.544362	4	ALOH	3	0	3	1	1	1.36701118202686	1	3	GAIN	3	0
JFCF_6_T_1J_11E	chr2	33781257	33865580	74	1	-0.911388	1	DLOH	1	0	1	1	1	1.05682334195718	1	1	HETD	1	0
JFCF_6_T_1J_11E	chr2	33892616	79968158	34715	0.56	0.014553	3	HET	2	1	1	NA	NA	2.02041805779321	0.560413646598605	2	NEUT	1	1
JFCF_6_T_1J_11E	chr2	79977947	79989832	7	0.586957	0.54945	5	GAIN	3	1	2	1	1	2.933511764411	0.587369891709367	3	GAIN	2	1
JFCF_6_T_1J_11E	chr2	79990792	89269227	4249	0.555556	-0.000592	3	HET	2	1	1	NA	NA	1.99917376760618	0.555943079234293	2	NEUT	1	1
JFCF_6_T_1J_11E	chr2	89850016	89889991	253	0.740741	-0.07487	5	GAIN	3	1	2	1	1	1.89815091720019	0.742507602210835	3	GAIN	2	1
JFCF_6_T_1J_11E	chr2	90101170	100929072	1121	0.555556	0.032921	3	HET	2	1	1	NA	NA	2.04648439242405	0.555934130736813	2	NEUT	1	1
JFCF_6_T_1J_11E	chr2	100930662	100939937	26	0.555666	0.3652	5	GAIN	3	1	2	1	1	2.58013274610389	0.555966515870986	3	GAIN	2	1
JFCF_6_T_1J_11E	chr2	100940067	109809695	6606	0.558824	0.000521	3	HET	2	1	1	NA	NA	2.00072742087053	0.559233530335464	2	NEUT	1	1
JFCF_6_T_1J_11E	chr2	109810489	109819450	23	0.574468	-0.465413	5	GAIN	3	1	2	1	1	1.4446866991473	0.575185985153929	3	GAIN	2	1
JFCF_6_T_1J_11E	chr2	109820307	119889016	5850	0.555556	-0.008532	3	HET	2	1	1	NA	NA	1.98812491029407	0.555945230398541	2	NEUT	1	1
JFCF_6_T_1J_11E	chr2	119890297	119899933	18	0.565126	-0.381927	5	GAIN	3	1	2	1	1	1.53158403942633	0.565718288119674	3	GAIN	2	1
JFCF_6_T_1J_11E	chr2	119900037	132349648	8179	0.555556	0.007168	3	HET	2	1	1	NA	NA	2.01003106277325	0.555940988404167	2	NEUT	1	1
JFCF_6_T_1J_11E	chr2	133000994	133100161	2632	0.691176	0.556056	5	GAIN	3	1	2	1	1	2.94703883621292	0.69207958072917	3	GAIN	2	1
JFCF_6_T_1J_11E	chr2	133100540	133109994	138	0.716046	0.801363	7	ASCNA	4	1	3	1	1	3.4958393606312	0.716906823690495	4	AMP	3	1
JFCF_6_T_1J_11E	chr2	133120001	162101261	18211	0.555556	0.007008	3	HET	2	1	1	NA	NA	2.0098066108677	0.555941031399041	2	NEUT	1	1
JFCF_6_T_1J_11E	chr2	162135135	162135814	8	0.677783	-2.199117	5	GAIN	3	1	2	1	1	0.424646115943401	0.683614530116383	3	GAIN	2	1
JFCF_6_T_1J_11E	chr2	162136238	162136238	1	0.995098	-2.199117	4	ALOH	3	0	3	1	1	0.424646115943401	1	3	GAIN	3	0
JFCF_6_T_1J_11E	chr2	162136457	162139126	19	0.666667	-2.199117	5	GAIN	3	1	2	1	1	0.424646115943401	0.672133909827752	3	GAIN	2	1
JFCF_6_T_1J_11E	chr2	162176035	213049435	29275	0.555556	0.023048	3	HET	2	1	1	NA	NA	2.03243221023972	0.555936745122659	2	NEUT	1	1
JFCF_6_T_1J_11E	chr2	213052052	213057810	5	0.55	1.082048	8	BCNA	4	2	2	1	1	4.24963767126688	0.550163884375174	4	AMP	2	2
JFCF_6_T_1J_11E	chr2	213061726	230338819	12453	0.555556	0.011023	3	HET	2	1	1	NA	NA	2.01544648275695	0.555939953956508	2	NEUT	1	1
JFCF_6_T_1J_11E	chr2	230340157	230349787	60	0.55364	-0.386326	5	GAIN	3	1	2	1	1	1.52687870880222	0.554129332068735	3	GAIN	2	1
JFCF_6_T_1J_11E	chr2	230350079	233839823	2357	0.560976	0.002791	3	HET	2	1	1	NA	NA	2.00389986528195	0.561399840412761	2	NEUT	1	1
JFCF_6_T_1J_11E	chr2	233840063	233848384	33	0.56	-0.361883	5	GAIN	3	1	2	1	1	1.55320639175785	0.560538073408532	3	GAIN	2	1
JFCF_6_T_1J_11E	chr2	233850459	240438782	5620	0.56	-0.102387	3	HET	2	1	1	NA	NA	1.86202678331605	0.560448832994699	2	NEUT	1	1
JFCF_6_T_1J_11E	chr2	240441158	240448959	37	0.5625	-0.314268	5	GAIN	3	1	2	1	1	1.60579143636281	0.563042138598062	3	GAIN	2	1
JFCF_6_T_1J_11E	chr2	240450252	240684619	291	0.5625	-0.196084	3	HET	2	1	1	NA	NA	1.74406338887388	0.562999157039614	2	NEUT	1	1
JFCF_6_T_1J_11E	chr2	240685441	240749589	60	0.5625	-0.292385	5	GAIN	3	1	2	1	1	1.63054685425535	0.563033907698401	3	GAIN	2	1
JFCF_6_T_1J_11E	chr2	240750661	242999159	2484	0.564103	-0.114797	3	HET	2	1	1	NA	NA	1.84595909922235	0.564586699601081	2	NEUT	1	1
JFCF_6_T_1J_11E	chr3	65982	1709785	1949	0.661765	0.536377	5	GAIN	3	1	2	1	1	2.90692413548202	0.662540122445088	3	GAIN	2	1
JFCF_6_T_1J_11E	chr3	1730479	37248864	28909	0.55814	-0.008081	3	HET	2	1	1	NA	NA	1.98875086895282	0.558547205929727	2	NEUT	1	1
JFCF_6_T_1J_11E	chr3	37270341	37299976	26	0.532624	0.309318	5	GAIN	3	1	2	1	1	2.48157431555111	0.532807117298003	3	GAIN	2	1
JFCF_6_T_1J_11E	chr3	37302282	56999641	9977	0.558824	0.019613	3	HET	2	1	1	NA	NA	2.02756570071598	0.559228109505084	2	NEUT	1	1
JFCF_6_T_1J_11E	chr3	57000267	57009307	11	0.55814	1.125417	8	BCNA	4	2	2	1	1	4.37975105271458	0.558324903465252	4	AMP	2	2
JFCF_6_T_1J_11E	chr3	57010367	62579832	3412	0.55814	-0.015434	3	HET	2	1	1	NA	NA	1.97856975521483	0.558549301286676	2	NEUT	1	1
JFCF_6_T_1J_11E	chr3	62586099	62587277	2	0.536398	0.83109	8	BCNA	4	2	2	1	1	3.5689090126499	0.536540056625252	4	AMP	2	2
JFCF_6_T_1J_11E	chr3	62596346	75457177	9306	0.558824	-0.012776	3	HET	2	1	1	NA	NA	1.98224408914522	0.559237348979739	2	NEUT	1	1
JFCF_6_T_1J_11E	chr3	75736543	75786888	264	0.719375	0.263972	5	GAIN	3	1	2	1	1	2.40435690791632	0.720645889075759	3	GAIN	2	1
JFCF_6_T_1J_11E	chr3	75930081	75983622	32	0.538462	-0.007889	3	HET	2	1	1	NA	NA	1.98901741185237	0.538731347362445	2	NEUT	1	1
JFCF_6_T_1J_11E	chr3	75983634	75984121	15	0.784211	-0.079172	5	GAIN	3	1	2	1	1	1.89245774199861	0.786302867345849	3	GAIN	2	1
JFCF_6_T_1J_11E	chr3	75984143	77828920	1797	0.560976	-0.019232	3	HET	2	1	1	NA	NA	1.97333125523928	0.561406406067799	2	NEUT	1	1
JFCF_6_T_1J_11E	chr3	77829510	77837709	204	0.688262	0.292071	5	GAIN	3	1	2	1	1	2.4519189127814	0.689331488239039	3	GAIN	2	1
JFCF_6_T_1J_11E	chr3	77858381	128884655	31535	0.555556	0.023918	3	HET	2	1	1	NA	NA	2.03366661605753	0.555936514015952	2	NEUT	1	1
JFCF_6_T_1J_11E	chr3	128902599	128941840	9	0.611111	0.531877	5	GAIN	3	1	2	1	1	2.89782771449224	0.611645077083204	3	GAIN	2	1
JFCF_6_T_1J_11E	chr3	128978454	141839984	6697	0.555556	0.002955	3	HET	2	1	1	NA	NA	2.00412925730989	0.555942122126785	2	NEUT	1	1
JFCF_6_T_1J_11E	chr3	141840606	141849851	15	0.543478	0.383692	5	GAIN	3	1	2	1	1	2.61359659949004	0.543709713026813	3	GAIN	2	1
JFCF_6_T_1J_11E	chr3	141860090	152812999	6970	0.555556	0.057344	3	HET	2	1	1	NA	NA	2.0816614933608	0.555927740868365	2	NEUT	1	1
JFCF_6_T_1J_11E	chr3	152820358	152829596	14	0.540659	0.406772	5	GAIN	3	1	2	1	1	2.65596935783689	0.540872232344173	3	GAIN	2	1
JFCF_6_T_1J_11E	chr3	152830391	196619118	31234	0.557692	0.038413	3	HET	2	1	1	NA	NA	2.0543428486974	0.55808316691848	2	NEUT	1	1
JFCF_6_T_1J_11E	chr3	196620844	196629709	15	0.534884	0.438044	5	GAIN	3	1	2	1	1	2.71447412447687	0.535063002880732	3	GAIN	2	1
JFCF_6_T_1J_11E	chr3	196631138	196735772	105	0.55814	0.021259	3	HET	2	1	1	NA	NA	2.02989621257245	0.558538951996448	2	NEUT	1	1
JFCF_6_T_1J_11E	chr3	196745087	196747043	7	1	-0.084978	2	NLOH	2	0	2	1	1	1.88480107250189	1	2	NEUT	2	0
JFCF_6_T_1J_11E	chr3	196749408	197107202	296	0.559661	0.128754	3	HET	2	1	1	NA	NA	2.18799827699508	0.560040807032039	2	NEUT	1	1
JFCF_6_T_1J_11E	chr3	197111087	197118105	44	0.618254	0.28684	5	GAIN	3	1	2	1	1	2.44299430047235	0.618928237392959	3	GAIN	2	1
JFCF_6_T_1J_11E	chr3	197124062	197794027	251	0.55814	0.055894	3	HET	2	1	1	NA	NA	2.079556350124	0.558529424959097	2	NEUT	1	1
JFCF_6_T_1J_11E	chr4	40094	68562	97	0.743902	-1.363443	5	GAIN	3	1	2	1	1	0.768791882390123	0.748321020548969	3	GAIN	2	1
JFCF_6_T_1J_11E	chr4	68603	208400	130	1	-0.981729	1	DLOH	1	0	1	1	1	1.00586929692452	1	1	HETD	1	0
JFCF_6_T_1J_11E	chr4	208968	209328	6	0.743421	-0.975766	5	GAIN	3	1	2	1	1	1.01009308749329	0.746777727539967	3	GAIN	2	1
JFCF_6_T_1J_11E	chr4	210096	3523863	2403	1	-0.963563	1	DLOH	1	0	1	1	1	1.01879148837464	1	1	HETD	1	0
JFCF_6_T_1J_11E	chr4	3580011	3635994	1212	0.647059	-0.561038	5	GAIN	3	1	2	1	1	1.35114090020692	0.648575039149068	3	GAIN	2	1
JFCF_6_T_1J_11E	chr4	3636271	4229306	353	1	-1.034022	1	DLOH	1	0	1	1	1	0.969566825874422	1	1	HETD	1	0
JFCF_6_T_1J_11E	chr4	4231261	4239539	6	0.598833	-0.885712	5	GAIN	3	1	2	1	1	1.07605037219706	0.60011234838354	3	GAIN	2	1
JFCF_6_T_1J_11E	chr4	4240003	5308759	973	1	-1.016355	1	DLOH	1	0	1	1	1	0.981684594231331	1	1	HETD	1	0
JFCF_6_T_1J_11E	chr4	5310171	5319780	20	1	-0.411923	4	ALOH	3	0	3	1	1	1.49978203821502	1	3	GAIN	3	0
JFCF_6_T_1J_11E	chr4	5320018	7386870	2392	1	-1.049694	1	DLOH	1	0	1	1	1	0.958940927391579	1	1	HETD	1	0
JFCF_6_T_1J_11E	chr4	7390329	7399792	31	1	-1.541851	4	ALOH	3	0	3	1	1	0.677743903351013	1	3	GAIN	3	0
JFCF_6_T_1J_11E	chr4	7400474	7930262	560	1	-1.006104	1	DLOH	1	0	1	1	1	0.988784071098731	1	1	HETD	1	0
JFCF_6_T_1J_11E	chr4	7940606	7947839	15	1	-0.598562	4	ALOH	3	0	3	1	1	1.31609366277446	1	3	GAIN	3	0
JFCF_6_T_1J_11E	chr4	7950323	10209251	2098	1	-0.978197	1	DLOH	1	0	1	1	1	1.0083690214951	1	1	HETD	1	0
JFCF_6_T_1J_11E	chr4	10210653	10238910	11	1	-1.531657	4	ALOH	3	0	3	1	1	0.682648531610071	1	3	GAIN	3	0
JFCF_6_T_1J_11E	chr4	10242013	10389522	230	1	-1.023977	1	DLOH	1	0	1	1	1	0.976438470899239	1	1	HETD	1	0
JFCF_6_T_1J_11E	chr4	10390379	10392143	3	1	-0.217917	2	NLOH	2	0	2	1	1	1.71765914029101	1	2	NEUT	2	0
JFCF_6_T_1J_11E	chr4	10402489	10586384	42	1	-0.946186	1	DLOH	1	0	1	1	1	1.03130563309563	1	1	HETD	1	0
JFCF_6_T_1J_11E	chr4	10591448	10599012	15	1	-1.777973	4	ALOH	3	0	3	1	1	0.57331820632973	1	3	GAIN	3	0
JFCF_6_T_1J_11E	chr4	10601134	11338903	502	1	-1.013944	1	DLOH	1	0	1	1	1	0.983349832660463	1	1	HETD	1	0
JFCF_6_T_1J_11E	chr4	11341565	11345642	6	1	-0.496629	4	ALOH	3	0	3	1	1	1.41346521185325	1	3	GAIN	3	0
JFCF_6_T_1J_11E	chr4	11347678	11349929	5	0.583333	-0.496629	5	GAIN	3	1	2	1	1	1.41346521185325	0.58415420453907	3	GAIN	2	1
JFCF_6_T_1J_11E	chr4	11350024	45015112	27090	0.55814	0.004206	3	HET	2	1	1	NA	NA	2.0058799292646	0.558543728625414	2	NEUT	1	1
JFCF_6_T_1J_11E	chr4	45015235	45016449	85	0.73125	0.186404	5	GAIN	3	1	2	1	1	2.27776881443846	0.732664137201508	3	GAIN	2	1
JFCF_6_T_1J_11E	chr4	45030550	59476816	5711	0.555556	0.020324	3	HET	2	1	1	NA	NA	2.02857205369356	0.555937469640073	2	NEUT	1	1
JFCF_6_T_1J_11E	chr4	59482919	59518798	36	0.618518	0.467339	5	GAIN	3	1	2	1	1	2.77044270560651	0.619113874210528	3	GAIN	2	1
JFCF_6_T_1J_11E	chr4	59520026	68264282	4988	0.555556	0.014673	3	HET	2	1	1	NA	NA	2.02058727706072	0.555938977097782	2	NEUT	1	1
JFCF_6_T_1J_11E	chr4	68264417	68266721	24	0.681413	0.07151	5	GAIN	3	1	2	1	1	2.10233970876319	0.682614946011088	3	GAIN	2	1
JFCF_6_T_1J_11E	chr4	68267085	77739602	5880	0.555556	0.023516	3	HET	2	1	1	NA	NA	2.03309614292385	0.555936620785632	2	NEUT	1	1
JFCF_6_T_1J_11E	chr4	77760059	77768475	28	0.564272	0.330925	5	GAIN	3	1	2	1	1	2.51923032705258	0.564627363965191	3	GAIN	2	1
JFCF_6_T_1J_11E	chr4	77771754	133769739	32130	0.555556	0.013083	3	HET	2	1	1	NA	NA	2.01834626365802	0.555939402325517	2	NEUT	1	1
JFCF_6_T_1J_11E	chr4	133783038	140549479	5011	1	-0.970572	1	DLOH	1	0	1	1	1	1.01378642276252	1	1	HETD	1	0
JFCF_6_T_1J_11E	chr4	140554490	140554744	6	0.772059	-1.049721	5	GAIN	3	1	2	1	1	0.958922720326971	0.776010836218364	3	GAIN	2	1
JFCF_6_T_1J_11E	chr4	140559189	151409932	4370	1	-0.985487	1	DLOH	1	0	1	1	1	1.00321633510451	1	1	HETD	1	0
JFCF_6_T_1J_11E	chr4	151411626	151419684	11	1	2.663392	4	ALOH	3	0	3	1	1	12.7447301410328	1	3	GAIN	3	0
JFCF_6_T_1J_11E	chr4	151430475	153594230	844	1	-0.970978	1	DLOH	1	0	1	1	1	1.0134972460912	1	1	HETD	1	0
JFCF_6_T_1J_11E	chr4	153622776	153622826	2	0.603198	-0.958822	5	GAIN	3	1	2	1	1	1.02219080790887	0.604604237768506	3	GAIN	2	1
JFCF_6_T_1J_11E	chr4	153626114	169067538	11766	1	-0.969544	1	DLOH	1	0	1	1	1	1.01451898778992	1	1	HETD	1	0
JFCF_6_T_1J_11E	chr4	169072888	169079335	7	1	0.417203	4	ALOH	3	0	3	1	1	2.67534325990106	1	3	GAIN	3	0
JFCF_6_T_1J_11E	chr4	169080031	174396536	2435	1	-0.951509	1	DLOH	1	0	1	1	1	1.02745621780551	1	1	HETD	1	0
JFCF_6_T_1J_11E	chr4	174400173	174400173	1	1	0.75108	4	ALOH	3	0	3	1	1	3.37561880505768	1	3	GAIN	3	0
JFCF_6_T_1J_11E	chr4	174430229	175303330	789	1	-0.979797	1	DLOH	1	0	1	1	1	1.00723588518679	1	1	HETD	1	0
JFCF_6_T_1J_11E	chr4	175304385	175304709	8	0.680609	-0.968303	5	GAIN	3	1	2	1	1	1.0154040348651	0.68308653587454	3	GAIN	2	1
JFCF_6_T_1J_11E	chr4	175304986	176507508	725	1	-1.00713	1	DLOH	1	0	1	1	1	0.988071226157228	1	1	HETD	1	0
JFCF_6_T_1J_11E	chr4	176553315	176553315	1	0.947368	1.554861	13	ASCNA	6	1	5	1	1	5.90310348394465	0.948423611147686	6	HLAMP	5	1
JFCF_6_T_1J_11E	chr4	176567355	177229719	777	1	-0.940465	1	DLOH	1	0	1	1	1	1.03545873487545	1	1	HETD	1	0
JFCF_6_T_1J_11E	chr4	177230100	177248622	64	1	-0.704945	4	ALOH	3	0	3	1	1	1.22154772304893	1	3	GAIN	3	0
JFCF_6_T_1J_11E	chr4	177250045	187839499	10022	1	-0.948136	1	DLOH	1	0	1	1	1	1.02989380966224	1	1	HETD	1	0
JFCF_6_T_1J_11E	chr4	187840840	187848793	27	1	-0.646761	4	ALOH	3	0	3	1	1	1.2723929973478	1	3	GAIN	3	0
JFCF_6_T_1J_11E	chr4	187851901	189424348	1515	1	-0.974607	1	DLOH	1	0	1	1	1	1.010916073921	1	1	HETD	1	0
JFCF_6_T_1J_11E	chr4	189424578	189427624	18	0.718001	-1.034959	5	GAIN	3	1	2	1	1	0.968928273475036	0.721134908450407	3	GAIN	2	1
JFCF_6_T_1J_11E	chr4	189427708	190192788	947	1	-0.995051	1	DLOH	1	0	1	1	1	0.996495715674027	1	1	HETD	1	0
JFCF_6_T_1J_11E	chr4	190194656	190202064	59	0.796296	-0.694431	5	GAIN	3	1	2	1	1	1.2305844564798	0.799649774141459	3	GAIN	2	1
JFCF_6_T_1J_11E	chr4	190202098	190539288	310	1	-1.031529	1	DLOH	1	0	1	1	1	0.971267791517349	1	1	HETD	1	0
JFCF_6_T_1J_11E	chr4	190539909	190577427	680	0.793459	-0.514773	5	GAIN	3	1	2	1	1	1.39562605423099	0.796387854608441	3	GAIN	2	1
JFCF_6_T_1J_11E	chr4	190577433	190577466	3	1	-0.629197	4	ALOH	3	0	3	1	1	1.28814895874953	1	3	GAIN	3	0
JFCF_6_T_1J_11E	chr4	190577481	190684454	2174	0.791667	-0.542222	5	GAIN	3	1	2	1	1	1.36906109884284	0.794634453435191	3	GAIN	2	1
JFCF_6_T_1J_11E	chr4	190685085	190803922	247	1	-1.106219	1	DLOH	1	0	1	1	1	0.921560804767653	1	1	HETD	1	0
JFCF_6_T_1J_11E	chr4	190804089	190861320	81	0.608696	-0.875732	5	GAIN	3	1	2	1	1	1.08361656285439	0.61009319613766	3	GAIN	2	1
JFCF_6_T_1J_11E	chr4	190861650	190864953	11	1	-0.928555	1	DLOH	1	0	1	1	1	1.04415768952629	1	1	HETD	1	0
JFCF_6_T_1J_11E	chr4	190865101	190866788	17	0.588235	-0.928555	5	GAIN	3	1	2	1	1	1.04415768952629	0.589412048199814	3	GAIN	2	1
JFCF_6_T_1J_11E	chr4	190868000	190869704	9	1	-0.928555	1	DLOH	1	0	1	1	1	1.04415768952629	1	1	HETD	1	0
JFCF_6_T_1J_11E	chr4	190869917	190937364	8	0.636364	-0.928555	5	GAIN	3	1	2	1	1	1.04415768952629	0.638183085405105	3	GAIN	2	1
JFCF_6_T_1J_11E	chr5	31468	3180005	3142	0.5625	-0.093952	3	HET	2	1	1	NA	NA	1.87302705356131	0.56296478854453	2	NEUT	1	1
JFCF_6_T_1J_11E	chr5	3205018	3219972	81	0.580645	-0.268811	5	GAIN	3	1	2	1	1	1.65763874461642	0.58132265243885	3	GAIN	2	1
JFCF_6_T_1J_11E	chr5	3220220	28608729	19469	0.555556	-0.003097	3	HET	2	1	1	NA	NA	1.99568138233258	0.555943756611869	2	NEUT	1	1
JFCF_6_T_1J_11E	chr5	28610734	28619721	6	0.573718	0.644875	5	GAIN	3	1	2	1	1	3.13505803742134	0.574045527226479	3	GAIN	2	1
JFCF_6_T_1J_11E	chr5	28620413	55299869	14495	0.555556	0.043181	3	HET	2	1	1	NA	NA	2.06118964138926	0.555931433019672	2	NEUT	1	1
JFCF_6_T_1J_11E	chr5	55301753	55305300	2	0.64004	1.059532	8	BCNA	4	2	2	1	1	4.18361316381754	0.640506251272169	4	AMP	2	2
JFCF_6_T_1J_11E	chr5	55322475	68349917	8424	0.555556	0.022533	3	HET	2	1	1	NA	NA	2.03170184941763	0.555936881993786	2	NEUT	1	1
JFCF_6_T_1J_11E	chr5	68360100	68368903	21	0.5625	0.357488	5	GAIN	3	1	2	1	1	2.56630305327681	0.562839227869826	3	GAIN	2	1
JFCF_6_T_1J_11E	chr5	68370945	98525925	17102	0.555556	0.032581	3	HET	2	1	1	NA	NA	2.04599887193184	0.555934220468154	2	NEUT	1	1
JFCF_6_T_1J_11E	chr5	98531883	98569709	50	0.548319	0.4247	5	GAIN	3	1	2	1	1	2.68935450212161	0.548569258785649	3	GAIN	2	1
JFCF_6_T_1J_11E	chr5	98570327	119996933	13616	0.555556	-0.006086	3	HET	2	1	1	NA	NA	1.99152214764117	0.555944566430005	2	NEUT	1	1
JFCF_6_T_1J_11E	chr5	120084493	120099970	22	0.561562	0.378051	5	GAIN	3	1	2	1	1	2.60334292005727	0.561891382704145	3	GAIN	2	1
JFCF_6_T_1J_11E	chr5	120100783	135089973	10239	0.555556	-0.007245	3	HET	2	1	1	NA	NA	1.98991170023764	0.555944880899133	2	NEUT	1	1
JFCF_6_T_1J_11E	chr5	135090120	135149952	186	0.563859	0.513495	5	GAIN	3	1	2	1	1	2.86096311863716	0.564169906142741	3	GAIN	2	1
JFCF_6_T_1J_11E	chr5	135150207	139649201	2452	0.56	0.007922	3	HET	2	1	1	NA	NA	2.01108912749786	0.560415565399832	2	NEUT	1	1
JFCF_6_T_1J_11E	chr5	139650265	139669386	24	0.542998	0.391973	5	GAIN	3	1	2	1	1	2.62872183724024	0.54322583637964	3	GAIN	2	1
JFCF_6_T_1J_11E	chr5	139670591	158279381	11999	0.555556	0.003092	3	HET	2	1	1	NA	NA	2.00432090356833	0.555942085207117	2	NEUT	1	1
JFCF_6_T_1J_11E	chr5	158282326	158287543	2	0.607937	-1.483487	5	GAIN	3	1	2	1	1	0.706299124920864	0.610065634631138	3	GAIN	2	1
JFCF_6_T_1J_11E	chr5	158290225	160347612	1657	0.571429	-0.162253	3	HET	2	1	1	NA	NA	1.78577522487938	0.571986143701485	2	NEUT	1	1
JFCF_6_T_1J_11E	chr5	160350132	160489974	191	0.575758	-0.283089	5	GAIN	3	1	2	1	1	1.64117723970051	0.57640097259691	3	GAIN	2	1
JFCF_6_T_1J_11E	chr5	160510960	176606052	11584	0.558824	-0.039525	3	HET	2	1	1	NA	NA	1.94557405622483	0.559245139750101	2	NEUT	1	1
JFCF_6_T_1J_11E	chr5	176610012	176616568	2	0.5125	1.024463	8	BCNA	4	2	2	1	1	4.08280952942447	0.51254264521829	4	AMP	2	2
JFCF_6_T_1J_11E	chr5	176626441	180698630	3059	0.5625	-0.055825	3	HET	2	1	1	NA	NA	1.92355960202173	0.562952578395374	2	NEUT	1	1
JFCF_6_T_1J_11E	chr6	202777	2236926	2018	0.56119	-0.03577	3	HET	2	1	1	NA	NA	1.95068083036459	0.561626931831904	2	NEUT	1	1
JFCF_6_T_1J_11E	chr6	2240681	2299735	29	0.653846	0.481222	5	GAIN	3	1	2	1	1	2.7973659423146	0.654612048690512	3	GAIN	2	1
JFCF_6_T_1J_11E	chr6	2312865	17022663	11311	0.558824	0.011553	3	HET	2	1	1	NA	NA	2.01619214733335	0.55923038912959	2	NEUT	1	1
JFCF_6_T_1J_11E	chr6	17048139	17119520	108	0.64	0.448665	5	GAIN	3	1	2	1	1	2.73463451804637	0.640713096316035	3	GAIN	2	1
JFCF_6_T_1J_11E	chr6	17120240	57369703	26941	0.555556	0.019097	3	HET	2	1	1	NA	NA	2.0268356622349	0.555937796445367	2	NEUT	1	1
JFCF_6_T_1J_11E	chr6	57369763	57380056	294	0.669889	0.123689	5	GAIN	3	1	2	1	1	2.18028132597697	0.670974355905109	3	GAIN	2	1
JFCF_6_T_1J_11E	chr6	57380068	57560435	5070	0.666667	-0.00991	3	HET	2	1	1	NA	NA	1.98621354784379	0.667835807869168	2	NEUT	1	1
JFCF_6_T_1J_11E	chr6	57560447	57563732	132	0.6875	0.07264	5	GAIN	3	1	2	1	1	2.10399793890405	0.688741296156226	3	GAIN	2	1
JFCF_6_T_1J_11E	chr6	57563741	63549999	942	0.573445	0.003243	3	HET	2	1	1	NA	NA	2.00453215520062	0.573955350631435	2	NEUT	1	1
JFCF_6_T_1J_11E	chr6	63550346	63589841	151	0.555556	0.266886	5	GAIN	3	1	2	1	1	2.40924637273183	0.555877195316487	3	GAIN	2	1
JFCF_6_T_1J_11E	chr6	63590112	64159064	640	0.552632	-0.032794	3	HET	2	1	1	NA	NA	1.95473762204488	0.553007042815391	2	NEUT	1	1
JFCF_6_T_1J_11E	chr6	64160349	64169682	15	0.555556	0.384834	5	GAIN	3	1	2	1	1	2.61567730404448	0.555851846375999	3	GAIN	2	1
JFCF_6_T_1J_11E	chr6	64171068	87828837	14713	0.555556	0.019596	3	HET	2	1	1	NA	NA	2.02754164490087	0.555937663505226	2	NEUT	1	1
JFCF_6_T_1J_11E	chr6	87830755	87839742	18	0.595918	0.511692	5	GAIN	3	1	2	1	1	2.85737248258302	0.596385576531662	3	GAIN	2	1
JFCF_6_T_1J_11E	chr6	87840118	91669461	2551	0.555556	0.049884	3	HET	2	1	1	NA	NA	2.07085341843253	0.555929681036184	2	NEUT	1	1
JFCF_6_T_1J_11E	chr6	91670249	91678719	15	0.560976	0.383776	5	GAIN	3	1	2	1	1	2.61374958994771	0.561300948399533	3	GAIN	2	1
JFCF_6_T_1J_11E	chr6	91680460	112719807	13409	0.555556	-0.015188	3	HET	2	1	1	NA	NA	1.97890953352387	0.555947042964863	2	NEUT	1	1
JFCF_6_T_1J_11E	chr6	112720097	112729387	16	0.54932	-0.673668	5	GAIN	3	1	2	1	1	1.24862476860762	0.549870187312015	3	GAIN	2	1
JFCF_6_T_1J_11E	chr6	112730624	162107460	32426	0.55814	-0.012321	3	HET	2	1	1	NA	NA	1.9828737454218	0.55854841286464	2	NEUT	1	1
JFCF_6_T_1J_11E	chr6	162156855	162284144	140	1	-1.164055	1	DLOH	1	0	1	1	1	0.884799860576984	1	1	HETD	1	0
JFCF_6_T_1J_11E	chr6	162302659	163128931	781	0.56	-0.083958	3	HET	2	1	1	NA	NA	1.88614396853972	0.560443093990335	2	NEUT	1	1
JFCF_6_T_1J_11E	chr6	163132529	170379003	7492	0.666667	0.466272	5	GAIN	3	1	2	1	1	2.76838417892583	0.667505576539427	3	GAIN	2	1
JFCF_6_T_1J_11E	chr6	170392665	170455927	87	1	0.488132	4	ALOH	3	0	3	1	1	2.81086335078336	1	3	GAIN	3	0
JFCF_6_T_1J_11E	chr6	170456224	170456227	2	0.740994	0.56273	5	GAIN	3	1	2	1	1	2.96076819565575	0.742127760368263	3	GAIN	2	1
JFCF_6_T_1J_11E	chr6	170456590	170871490	308	1	0.45193	4	ALOH	3	0	3	1	1	2.7408619063421	1	3	GAIN	3	0
JFCF_6_T_1J_11E	chr7	50134	4179851	3760	0.566667	-0.151038	3	HET	2	1	1	NA	NA	1.79982000649124	0.567182942478845	2	NEUT	1	1
JFCF_6_T_1J_11E	chr7	4181482	4229445	110	0.562609	-0.300383	5	GAIN	3	1	2	1	1	1.62145544736986	0.563146837643823	3	GAIN	2	1
JFCF_6_T_1J_11E	chr7	4230099	4959807	680	0.566667	-0.128244	3	HET	2	1	1	NA	NA	1.82870408686348	0.567174793252224	2	NEUT	1	1
JFCF_6_T_1J_11E	chr7	4960416	4969205	26	0.571429	-0.35565	5	GAIN	3	1	2	1	1	1.55999166904197	0.572066781238551	3	GAIN	2	1
JFCF_6_T_1J_11E	chr7	4970083	7959740	2371	0.565217	-0.10935	3	HET	2	1	1	NA	NA	1.85299451488576	0.565707237052029	2	NEUT	1	1
JFCF_6_T_1J_11E	chr7	7960281	7969336	10	0.564394	-0.649497	5	GAIN	3	1	2	1	1	1.26995586282644	0.565100278887786	3	GAIN	2	1
JFCF_6_T_1J_11E	chr7	7970015	8852357	1202	0.571429	-0.176673	3	HET	2	1	1	NA	NA	1.76787645290139	0.571991784473529	2	NEUT	1	1
JFCF_6_T_1J_11E	chr7	8853900	8878496	55	0.566667	-0.265393	5	GAIN	3	1	2	1	1	1.66160367950105	0.567225859857546	3	GAIN	2	1
JFCF_6_T_1J_11E	chr7	8880081	10729547	1685	0.5625	-0.174611	3	HET	2	1	1	NA	NA	1.7704249538568	0.562991724608938	2	NEUT	1	1
JFCF_6_T_1J_11E	chr7	10730268	10749914	41	0.567568	-0.334846	5	GAIN	3	1	2	1	1	1.58285240551383	0.568162593410725	3	GAIN	2	1
JFCF_6_T_1J_11E	chr7	10751570	15639577	5167	0.56	-0.150538	3	HET	2	1	1	NA	NA	1.80044871293107	0.560464183762283	2	NEUT	1	1
JFCF_6_T_1J_11E	chr7	15640413	15678624	108	0.552778	-0.286183	5	GAIN	3	1	2	1	1	1.63763150667832	0.553226906808296	3	GAIN	2	1
JFCF_6_T_1J_11E	chr7	15681601	15889830	120	0.5625	-0.1735	3	HET	2	1	1	NA	NA	1.77179958999364	0.562991343108445	2	NEUT	1	1
JFCF_6_T_1J_11E	chr7	15890065	15909752	39	0.578947	-0.3033	5	GAIN	3	1	2	1	1	1.6181521872742	0.579626572373567	3	GAIN	2	1
JFCF_6_T_1J_11E	chr7	15910153	31008004	9963	0.5625	-0.122405	3	HET	2	1	1	NA	NA	1.83617686264031	0.562974116375063	2	NEUT	1	1
JFCF_6_T_1J_11E	chr7	31011485	31149283	111	0.571429	-0.343995	5	GAIN	3	1	2	1	1	1.57275829123994	0.572061604147981	3	GAIN	2	1
JFCF_6_T_1J_11E	chr7	31151579	34929945	2714	0.56	-0.091689	3	HET	2	1	1	NA	NA	1.87598924046205	0.560445492457708	2	NEUT	1	1
JFCF_6_T_1J_11E	chr7	34930102	34939884	37	0.56	-0.325492	5	GAIN	3	1	2	1	1	1.59323909066019	0.560524553447292	3	GAIN	2	1
JFCF_6_T_1J_11E	chr7	34991336	50216038	11443	0.5625	-0.115524	3	HET	2	1	1	NA	NA	1.84502210424273	0.562971843408319	2	NEUT	1	1
JFCF_6_T_1J_11E	chr7	50222500	50550144	148	0.569805	-0.321968	5	GAIN	3	1	2	1	1	1.59716963935047	0.570413772371055	3	GAIN	2	1
JFCF_6_T_1J_11E	chr7	50551463	50788945	336	0.571429	-0.225394	3	HET	2	1	1	NA	NA	1.70870812032597	0.572011272306765	2	NEUT	1	1
JFCF_6_T_1J_11E	chr7	50790028	50929594	210	0.56	-0.294336	5	GAIN	3	1	2	1	1	1.62832448302763	0.560513250931296	3	GAIN	2	1
JFCF_6_T_1J_11E	chr7	50930758	53009521	1960	0.5625	-0.182002	3	HET	2	1	1	NA	NA	1.76130699379451	0.562994270176157	2	NEUT	1	1
JFCF_6_T_1J_11E	chr7	53010061	53018956	51	0.575	-0.305008	5	GAIN	3	1	2	1	1	1.61622111722624	0.575646368130309	3	GAIN	2	1
JFCF_6_T_1J_11E	chr7	53020171	65279914	6662	0.5625	-0.061753	3	HET	2	1	1	NA	NA	1.91561484057505	0.562954455404944	2	NEUT	1	1
JFCF_6_T_1J_11E	chr7	65280044	65299471	219	0.611765	0.329659	5	GAIN	3	1	2	1	1	2.51700839316672	0.612383501286422	3	GAIN	2	1
JFCF_6_T_1J_11E	chr7	65302406	66026869	263	0.581395	0.076919	3	HET	2	1	1	NA	NA	2.11028898592972	0.581932248539796	2	NEUT	1	1
JFCF_6_T_1J_11E	chr7	66027938	66029856	45	0.767857	0.166529	5	GAIN	3	1	2	1	1	2.24641416895788	0.769517858445594	3	GAIN	2	1
JFCF_6_T_1J_11E	chr7	66030612	66408980	428	0.560976	0.073095	3	HET	2	1	1	NA	NA	2.10466600020509	0.561379547995715	2	NEUT	1	1
JFCF_6_T_1J_11E	chr7	66411197	67628115	905	1	-1.0305	1	DLOH	1	0	1	1	1	0.971970732245344	1	1	HETD	1	0
JFCF_6_T_1J_11E	chr7	67629637	67635743	246	0.590909	-0.518938	5	GAIN	3	1	2	1	1	1.39156259636454	0.591818962682295	3	GAIN	2	1
JFCF_6_T_1J_11E	chr7	67635787	67639387	10	1	-0.518938	4	ALOH	3	0	3	1	1	1.39156259636454	1	3	GAIN	3	0
JFCF_6_T_1J_11E	chr7	67641790	98080047	18572	1	-0.974663	1	DLOH	1	0	1	1	1	1.01087629405915	1	1	HETD	1	0
JFCF_6_T_1J_11E	chr7	98082617	98082635	3	0.521739	-1.021831	5	GAIN	3	1	2	1	1	0.977912732603334	0.522048641320102	3	GAIN	2	1
JFCF_6_T_1J_11E	chr7	98085012	98176195	44	1	-0.948605	1	DLOH	1	0	1	1	1	1.02955453260666	1	1	HETD	1	0
JFCF_6_T_1J_11E	chr7	98177458	98177583	6	0.552778	-0.795161	5	GAIN	3	1	2	1	1	1.14665571287219	0.553419120019353	3	GAIN	2	1
JFCF_6_T_1J_11E	chr7	98181713	99179970	650	1	-0.969094	1	DLOH	1	0	1	1	1	1.01483982744035	1	1	HETD	1	0
JFCF_6_T_1J_11E	chr7	99181096	99198515	17	1	-0.106663	2	NLOH	2	0	2	1	1	1.85647487470674	1	2	NEUT	2	0
JFCF_6_T_1J_11E	chr7	99202373	100538032	323	1	-0.986392	1	DLOH	1	0	1	1	1	1.00257848176118	1	1	HETD	1	0
JFCF_6_T_1J_11E	chr7	100546651	100619357	453	0.590909	-1.097785	5	GAIN	3	1	2	1	1	0.927045697912008	0.592274919755219	3	GAIN	2	1
JFCF_6_T_1J_11E	chr7	100619572	100905569	152	1	-0.973718	1	DLOH	1	0	1	1	1	1.01154778609727	1	1	HETD	1	0
JFCF_6_T_1J_11E	chr7	100908753	100908938	15	0.571429	-0.909377	5	GAIN	3	1	2	1	1	1.05831692467254	0.572369109144638	3	GAIN	2	1
JFCF_6_T_1J_11E	chr7	100909487	100932693	14	1	-0.985853	1	DLOH	1	0	1	1	1	1.00295832633707	1	1	HETD	1	0
JFCF_6_T_1J_11E	chr7	100937475	100939381	81	0.659091	-0.87597	5	GAIN	3	1	2	1	1	1.08343551676514	0.661136323422853	3	GAIN	2	1
JFCF_6_T_1J_11E	chr7	100964292	102568772	634	1	-0.942985	1	DLOH	1	0	1	1	1	1.03362733687093	1	1	HETD	1	0
JFCF_6_T_1J_11E	chr7	102736394	102782190	11	0.71875	-0.873445	5	GAIN	3	1	2	1	1	1.08535780211575	0.721557337181688	3	GAIN	2	1
JFCF_6_T_1J_11E	chr7	103069252	117136221	7153	1	-0.962406	1	DLOH	1	0	1	1	1	1.01962003273213	1	1	HETD	1	0
JFCF_6_T_1J_11E	chr7	117188736	117189272	6	0.55458	-0.875783	5	GAIN	3	1	2	1	1	1.08357776474949	0.555281605355194	3	GAIN	2	1
JFCF_6_T_1J_11E	chr7	117405899	137405605	12414	1	-0.97669	1	DLOH	1	0	1	1	1	1.00943744411202	1	1	HETD	1	0
JFCF_6_T_1J_11E	chr7	137406808	137407254	15	0.642857	-1.098382	5	GAIN	3	1	2	1	1	0.92665639479918	0.645004347085505	3	GAIN	2	1
JFCF_6_T_1J_11E	chr7	137412542	138027957	386	1	-1.001081	1	DLOH	1	0	1	1	1	0.992281279917942	1	1	HETD	1	0
JFCF_6_T_1J_11E	chr7	138029095	138029603	29	0.653846	-1.099723	5	GAIN	3	1	2	1	1	0.925782517138356	0.656160710504165	3	GAIN	2	1
JFCF_6_T_1J_11E	chr7	138030009	138305305	154	1	-0.94806	1	DLOH	1	0	1	1	1	1.02994879884545	1	1	HETD	1	0
JFCF_6_T_1J_11E	chr7	138306639	138307039	3	0.707317	-0.800733	5	GAIN	3	1	2	1	1	1.14218192890231	0.709845244549192	3	GAIN	2	1
JFCF_6_T_1J_11E	chr7	138307254	141272716	1526	1	-0.96773	1	DLOH	1	0	1	1	1	1.01581293969026	1	1	HETD	1	0
JFCF_6_T_1J_11E	chr7	141279035	141279169	10	0.606602	-1.100122	5	GAIN	3	1	2	1	1	0.925522661080928	0.60820634492386	3	GAIN	2	1
JFCF_6_T_1J_11E	chr7	141283341	141759957	361	1	-0.968203	1	DLOH	1	0	1	1	1	1.0154753852659	1	1	HETD	1	0
JFCF_6_T_1J_11E	chr7	141760008	141796907	12	1	-1.557703	4	ALOH	3	0	3	1	1	0.670185562062759	1	3	GAIN	3	0
JFCF_6_T_1J_11E	chr7	141805348	142031867	385	1	-1.023357	1	DLOH	1	0	1	1	1	0.976864174019667	1	1	HETD	1	0
JFCF_6_T_1J_11E	chr7	142032654	142033142	31	0.709677	-0.970817	5	GAIN	3	1	2	1	1	1.0136119098619	0.712558366734586	3	GAIN	2	1
JFCF_6_T_1J_11E	chr7	142033178	142105633	23	1	-1.02683	1	DLOH	1	0	1	1	1	0.974481906060513	1	1	HETD	1	0
JFCF_6_T_1J_11E	chr7	142105795	142116719	266	0.625	-1.067373	5	GAIN	3	1	2	1	1	0.947091982174908	0.626838388529255	3	GAIN	2	1
JFCF_6_T_1J_11E	chr7	142117792	142119035	7	1	-1.067373	1	DLOH	1	0	1	1	1	0.947091982174908	1	1	HETD	1	0
JFCF_6_T_1J_11E	chr7	142119831	142119962	9	0.655172	-1.067373	5	GAIN	3	1	2	1	1	0.947091982174908	0.657454131398893	3	GAIN	2	1
JFCF_6_T_1J_11E	chr7	142120620	142123240	7	1	-1.054382	1	DLOH	1	0	1	1	1	0.955784742672513	1	1	HETD	1	0
JFCF_6_T_1J_11E	chr7	142125755	142174363	416	0.7	-1.080061	5	GAIN	3	1	2	1	1	0.938677194560189	0.702967790070998	3	GAIN	2	1
JFCF_6_T_1J_11E	chr7	142175677	142180302	9	1	-1.080061	1	DLOH	1	0	1	1	1	0.938677194560189	1	1	HETD	1	0
JFCF_6_T_1J_11E	chr7	142180312	142180737	15	0.8	-0.872672	5	GAIN	3	1	2	1	1	1.0859469608439	0.803847973646507	3	GAIN	2	1
JFCF_6_T_1J_11E	chr7	142180770	142188789	28	1	-0.872672	1	DLOH	1	0	1	1	1	1.0859469608439	1	1	HETD	1	0
JFCF_6_T_1J_11E	chr7	142190613	142206770	47	0.666667	-0.947629	5	GAIN	3	1	2	1	1	1.03026070019894	0.668920315130937	3	GAIN	2	1
JFCF_6_T_1J_11E	chr7	142208018	142216436	14	0.970588	-1.092841	1	DLOH	1	0	1	1	1	0.930275874166706	0.977634095723669	1	HETD	1	0
JFCF_6_T_1J_11E	chr7	142216700	142231762	36	0.645161	-1.109511	5	GAIN	3	1	2	1	1	0.919428599863365	0.647360132470688	3	GAIN	2	1
JFCF_6_T_1J_11E	chr7	142232889	142245686	26	1	-0.966424	1	DLOH	1	0	1	1	1	1.01674553584399	1	1	HETD	1	0
JFCF_6_T_1J_11E	chr7	142247288	142247697	21	0.7	-0.850268	5	GAIN	3	1	2	1	1	1.10316054197706	0.702525286893325	3	GAIN	2	1
JFCF_6_T_1J_11E	chr7	142249476	142457132	264	1	-1.038262	1	DLOH	1	0	1	1	1	0.966680629980845	1	1	HETD	1	0
JFCF_6_T_1J_11E	chr7	142457301	142472074	300	0.703704	-1.336651	5	GAIN	3	1	2	1	1	0.78346344414553	0.707325598221204	3	GAIN	2	1
JFCF_6_T_1J_11E	chr7	142472439	142473983	13	1	-1.66964	4	ALOH	3	0	3	1	1	0.619112877976252	1	3	GAIN	3	0
JFCF_6_T_1J_11E	chr7	142474418	142475691	43	0.75	-1.66964	5	GAIN	3	1	2	1	1	0.619112877976252	0.755624573799437	3	GAIN	2	1
JFCF_6_T_1J_11E	chr7	142477580	142489873	41	1	-1.66964	4	ALOH	3	0	3	1	1	0.619112877976252	1	3	GAIN	3	0
JFCF_6_T_1J_11E	chr7	142492130	142498523	11	1	-1.171089	1	DLOH	1	0	1	1	1	0.880428685380245	1	1	HETD	1	0
JFCF_6_T_1J_11E	chr7	142498673	142499071	11	0.619048	-1.171089	5	GAIN	3	1	2	1	1	0.880428685380245	0.620931420825814	3	GAIN	2	1
JFCF_6_T_1J_11E	chr7	142499265	152052595	6390	1	-0.992371	1	DLOH	1	0	1	1	1	0.998374459869346	1	1	HETD	1	0
JFCF_6_T_1J_11E	chr7	152074362	152113681	534	0.806695	-0.455198	5	GAIN	3	1	2	1	1	1.45505107440351	0.809630944938153	3	GAIN	2	1
JFCF_6_T_1J_11E	chr7	152117015	155126346	2312	1	-1.064585	1	DLOH	1	0	1	1	1	0.948950945392063	1	1	HETD	1	0
JFCF_6_T_1J_11E	chr7	155126852	155130748	7	0.666667	-0.97222	5	GAIN	3	1	2	1	1	1.01261312697716	0.668959585354387	3	GAIN	2	1
JFCF_6_T_1J_11E	chr7	155147175	157192509	1575	1	-0.999772	1	DLOH	1	0	1	1	1	0.993194658639343	1	1	HETD	1	0
JFCF_6_T_1J_11E	chr7	157192984	157193021	3	0.615385	-0.957426	5	GAIN	3	1	2	1	1	1.02319387731607	0.616955763750515	3	GAIN	2	1
JFCF_6_T_1J_11E	chr7	157193090	157270548	16	1	-0.989879	1	DLOH	1	0	1	1	1	1.00012454570902	1	1	HETD	1	0
JFCF_6_T_1J_11E	chr7	157271130	157271142	4	0.516667	-1.005635	5	GAIN	3	1	2	1	1	0.989110092092376	0.516901710355306	3	GAIN	2	1
JFCF_6_T_1J_11E	chr7	157276551	158251684	697	1	-1.113568	1	DLOH	1	0	1	1	1	0.91680759375397	1	1	HETD	1	0
JFCF_6_T_1J_11E	chr7	158251995	158252036	4	0.68	-0.98766	5	GAIN	3	1	2	1	1	1.00168545505175	0.682502998480665	3	GAIN	2	1
JFCF_6_T_1J_11E	chr7	158252054	158257402	9	1	-0.98766	1	DLOH	1	0	1	1	1	1.00168545505175	1	1	HETD	1	0
JFCF_6_T_1J_11E	chr7	158261667	158261785	5	0.59375	-1.049621	5	GAIN	3	1	2	1	1	0.958990155605689	0.595111684757139	3	GAIN	2	1
JFCF_6_T_1J_11E	chr7	158263390	159119220	435	1	-0.998996	1	DLOH	1	0	1	1	1	0.993736518247533	1	1	HETD	1	0
JFCF_6_T_1J_11E	chr8	170692	589892	253	1	-1.149447	1	DLOH	1	0	1	1	1	0.893946161378499	1	1	HETD	1	0
JFCF_6_T_1J_11E	chr8	591462	599773	9	1	-1.78241	4	ALOH	3	0	3	1	1	0.571514905536711	1	3	GAIN	3	0
JFCF_6_T_1J_11E	chr8	600643	1365687	1052	1	-1.07483	1	DLOH	1	0	1	1	1	0.942137473878701	1	1	HETD	1	0
JFCF_6_T_1J_11E	chr8	1365801	1365830	5	0.580645	-1.085127	5	GAIN	3	1	2	1	1	0.935337999765049	0.5818459593733	3	GAIN	2	1
JFCF_6_T_1J_11E	chr8	1365834	2200116	1212	1	-1.007259	1	DLOH	1	0	1	1	1	0.987981635325632	1	1	HETD	1	0
JFCF_6_T_1J_11E	chr8	2201085	2203809	11	0.560976	-1.007353	5	GAIN	3	1	2	1	1	0.987916357129294	0.561835722323559	3	GAIN	2	1
JFCF_6_T_1J_11E	chr8	2203850	2204657	10	1	-1.007353	1	DLOH	1	0	1	1	1	0.987916357129294	1	1	HETD	1	0
JFCF_6_T_1J_11E	chr8	2205024	2208546	20	0.58125	-1.007353	5	GAIN	3	1	2	1	1	0.987916357129294	0.582395572664477	3	GAIN	2	1
JFCF_6_T_1J_11E	chr8	2208612	2210495	13	1	-1.007353	1	DLOH	1	0	1	1	1	0.987916357129294	1	1	HETD	1	0
JFCF_6_T_1J_11E	chr8	2210512	2215212	32	0.591667	-1.054926	5	GAIN	3	1	2	1	1	0.955419159643747	0.593003406319647	3	GAIN	2	1
JFCF_6_T_1J_11E	chr8	2216156	2216639	9	1	-1.054926	1	DLOH	1	0	1	1	1	0.955419159643747	1	1	HETD	1	0
JFCF_6_T_1J_11E	chr8	2217519	2227552	45	0.588235	-1.039743	5	GAIN	3	1	2	1	1	0.965674500735634	0.589507710346853	3	GAIN	2	1
JFCF_6_T_1J_11E	chr8	2227621	2228482	11	1	-1.039743	1	DLOH	1	0	1	1	1	0.965674500735634	1	1	HETD	1	0
JFCF_6_T_1J_11E	chr8	2228793	2279146	109	0.555556	-1.088035	5	GAIN	3	1	2	1	1	0.933426515993098	0.556385030071383	3	GAIN	2	1
JFCF_6_T_1J_11E	chr8	2279272	6828964	7513	1	-1.028815	1	DLOH	1	0	1	1	1	0.973122889477999	1	1	HETD	1	0
JFCF_6_T_1J_11E	chr8	6829626	6829924	5	0.675676	-1.084303	5	GAIN	3	1	2	1	1	0.935880331576085	0.678290637963286	3	GAIN	2	1
JFCF_6_T_1J_11E	chr8	6890122	14339889	5105	1	-0.956784	1	DLOH	1	0	1	1	1	1.02365550020118	1	1	HETD	1	0
JFCF_6_T_1J_11E	chr8	14340108	14344164	14	1	-0.53358	4	ALOH	3	0	3	1	1	1.37737031752542	1	3	GAIN	3	0
JFCF_6_T_1J_11E	chr8	14345144	14345812	27	0.7	-0.53358	5	GAIN	3	1	2	1	1	1.37737031752542	0.702022547475027	3	GAIN	2	1
JFCF_6_T_1J_11E	chr8	14346497	14349137	14	1	-0.53358	4	ALOH	3	0	3	1	1	1.37737031752542	1	3	GAIN	3	0
JFCF_6_T_1J_11E	chr8	14350104	17739843	4251	1	-0.979907	1	DLOH	1	0	1	1	1	1.00715802822446	1	1	HETD	1	0
JFCF_6_T_1J_11E	chr8	17742072	17749622	22	1	-0.474505	4	ALOH	3	0	3	1	1	1.43552327048212	1	3	GAIN	3	0
JFCF_6_T_1J_11E	chr8	17750200	24969656	7053	1	-0.965416	1	DLOH	1	0	1	1	1	1.0174659118861	1	1	HETD	1	0
JFCF_6_T_1J_11E	chr8	24971005	24971952	4	1	-2.315538	4	ALOH	3	0	3	1	1	0.390644818998244	1	3	GAIN	3	0
JFCF_6_T_1J_11E	chr8	24991235	29096520	2800	1	-0.989236	1	DLOH	1	0	1	1	1	1.00057660364721	1	1	HETD	1	0
JFCF_6_T_1J_11E	chr8	29178229	29189976	21	1	-0.396422	4	ALOH	3	0	3	1	1	1.51613375561129	1	3	GAIN	3	0
JFCF_6_T_1J_11E	chr8	29190157	38902461	5856	1	-0.954712	1	DLOH	1	0	1	1	1	1.02514675064326	1	1	HETD	1	0
JFCF_6_T_1J_11E	chr8	38902911	38902911	1	0.521739	-0.60098	5	GAIN	3	1	2	1	1	1.3138663720977	0.521969466503975	3	GAIN	2	1
JFCF_6_T_1J_11E	chr8	38937114	51179901	4560	1	-0.967833	1	DLOH	1	0	1	1	1	1.0157394247553	1	1	HETD	1	0
JFCF_6_T_1J_11E	chr8	51180548	51188808	23	1	-1.502608	4	ALOH	3	0	3	1	1	0.696816440208774	1	3	GAIN	3	0
JFCF_6_T_1J_11E	chr8	51190397	52708918	904	1	-1.008291	1	DLOH	1	0	1	1	1	0.987265196990507	1	1	HETD	1	0
JFCF_6_T_1J_11E	chr8	52731018	52733128	4	0.642308	-0.798672	5	GAIN	3	1	2	1	1	1.1438347018734	0.644040947857776	3	GAIN	2	1
JFCF_6_T_1J_11E	chr8	52775802	60134011	5765	1	-1.001736	1	DLOH	1	0	1	1	1	0.991824552671442	1	1	HETD	1	0
JFCF_6_T_1J_11E	chr8	60135444	60135459	3	0.589744	-0.948899	5	GAIN	3	1	2	1	1	1.02934190770094	0.590958409669634	3	GAIN	2	1
JFCF_6_T_1J_11E	chr8	60194790	61107948	572	1	-1.051072	1	DLOH	1	0	1	1	1	0.958012127710798	1	1	HETD	1	0
JFCF_6_T_1J_11E	chr8	61112594	61119308	4	1	-1.96268	4	ALOH	3	0	3	1	1	0.502747386523478	1	3	GAIN	3	0
JFCF_6_T_1J_11E	chr8	61120512	64049945	1580	1	-0.990671	1	DLOH	1	0	1	1	1	0.999568010914725	1	1	HETD	1	0
JFCF_6_T_1J_11E	chr8	64062293	64062420	6	0.6625	-1.210057	5	GAIN	3	1	2	1	1	0.856594915227605	0.665142392462057	3	GAIN	2	1
JFCF_6_T_1J_11E	chr8	64064730	90678011	15241	1	-0.988777	1	DLOH	1	0	1	1	1	1.00089942457273	1	1	HETD	1	0
JFCF_6_T_1J_11E	chr8	90770982	90819729	15	1	0.124524	4	ALOH	3	0	3	1	1	2.18155165398664	1	3	GAIN	3	0
JFCF_6_T_1J_11E	chr8	90820181	96219799	2780	1	-0.967933	1	DLOH	1	0	1	1	1	1.01566805605331	1	1	HETD	1	0
JFCF_6_T_1J_11E	chr8	96220310	96228479	15	1	-1.744035	4	ALOH	3	0	3	1	1	0.587296393320237	1	3	GAIN	3	0
JFCF_6_T_1J_11E	chr8	96230197	101714799	3578	1	-0.953762	1	DLOH	1	0	1	1	1	1.02583119676419	1	1	HETD	1	0
JFCF_6_T_1J_11E	chr8	101715180	101715470	14	0.558824	-0.805126	5	GAIN	3	1	2	1	1	1.13866693059297	0.559543577033308	3	GAIN	2	1
JFCF_6_T_1J_11E	chr8	101715956	118341396	10653	1	-0.989533	1	DLOH	1	0	1	1	1	1.00036777424193	1	1	HETD	1	0
JFCF_6_T_1J_11E	chr8	118390569	118620614	100	0.666667	-0.256815	5	GAIN	3	1	2	1	1	1.67159576540198	0.668055793913347	3	GAIN	2	1
JFCF_6_T_1J_11E	chr8	118662557	119539848	460	1	-0.914875	1	DLOH	1	0	1	1	1	1.05423845416829	1	1	HETD	1	0
JFCF_6_T_1J_11E	chr8	119552383	126018856	4291	0.647059	-0.34039	5	GAIN	3	1	2	1	1	1.57672805615019	0.648358134934925	3	GAIN	2	1
JFCF_6_T_1J_11E	chr8	126025323	137364483	8512	1	-0.999964	1	DLOH	1	0	1	1	1	0.993060635254337	1	1	HETD	1	0
JFCF_6_T_1J_11E	chr8	137449951	137449959	2	0.594352	-0.988023	5	GAIN	3	1	2	1	1	1.00142994598421	0.595664350934728	3	GAIN	2	1
JFCF_6_T_1J_11E	chr8	137465022	143093777	3895	1	-1.036696	1	DLOH	1	0	1	1	1	0.967745628719699	1	1	HETD	1	0
JFCF_6_T_1J_11E	chr8	143094237	143094252	3	0.555556	-1.000377	5	GAIN	3	1	2	1	1	0.992772405809537	0.556335472361093	3	GAIN	2	1
JFCF_6_T_1J_11E	chr8	143113348	144264089	1050	1	-1.044674	1	DLOH	1	0	1	1	1	0.962332020814852	1	1	HETD	1	0
JFCF_6_T_1J_11E	chr8	144275919	144474611	18	0.715719	-0.958308	5	GAIN	3	1	2	1	1	1.02256002000149	0.718657454959278	3	GAIN	2	1
JFCF_6_T_1J_11E	chr8	144502965	144930882	110	1	-0.900918	1	DLOH	1	0	1	1	1	1.06462232568832	1	1	HETD	1	0
JFCF_6_T_1J_11E	chr8	144940300	144940300	1	0.517857	-1.089585	5	GAIN	3	1	2	1	1	0.932409244527344	0.518123760410106	3	GAIN	2	1
JFCF_6_T_1J_11E	chr8	144941181	146217389	254	1	-0.939521	1	DLOH	1	0	1	1	1	1.03614560642268	1	1	HETD	1	0
JFCF_6_T_1J_11E	chr9	212189	11849824	10762	1	-0.967576	1	DLOH	1	0	1	1	1	1.01592286501467	1	1	HETD	1	0
JFCF_6_T_1J_11E	chr9	11861406	11868073	19	1	-0.518873	4	ALOH	3	0	3	1	1	1.39162592160529	1	3	GAIN	3	0
JFCF_6_T_1J_11E	chr9	11870824	18933871	6151	1	-0.971833	1	DLOH	1	0	1	1	1	1.01288853173994	1	1	HETD	1	0
JFCF_6_T_1J_11E	chr9	18993616	18999643	2	0.9	-0.14672	2	NLOH	2	0	2	1	1	1.80525670648669	0.903086316586309	2	NEUT	2	0
JFCF_6_T_1J_11E	chr9	19064056	19159241	42	1	-0.935939	1	DLOH	1	0	1	1	1	1.03875602678554	1	1	HETD	1	0
JFCF_6_T_1J_11E	chr9	19160057	19169179	22	1	-0.546555	4	ALOH	3	0	3	1	1	1.36491364847282	1	3	GAIN	3	0
JFCF_6_T_1J_11E	chr9	19170162	23359568	2481	1	-0.94786	1	DLOH	1	0	1	1	1	1.03009352106504	1	1	HETD	1	0
JFCF_6_T_1J_11E	chr9	23360417	23379719	5	1	-2.316185	4	ALOH	3	0	3	1	1	0.390463421989873	1	3	GAIN	3	0
JFCF_6_T_1J_11E	chr9	23381799	30659916	4175	1	-0.992088	1	DLOH	1	0	1	1	1	0.998573053450561	1	1	HETD	1	0
JFCF_6_T_1J_11E	chr9	30660509	31249019	427	1	0.052799	2	NLOH	2	0	2	1	1	2.07507002982512	1	2	NEUT	2	0
JFCF_6_T_1J_11E	chr9	31257020	31300274	6	0.637681	-0.859423	5	GAIN	3	1	2	1	1	1.09609420159274	0.639430627434547	3	GAIN	2	1
JFCF_6_T_1J_11E	chr9	31303891	32656886	1527	1	-0.972185	1	DLOH	1	0	1	1	1	1.01263803134621	1	1	HETD	1	0
JFCF_6_T_1J_11E	chr9	32729861	32729992	3	0.62069	-1.012703	5	GAIN	3	1	2	1	1	0.984208056629056	0.62239806274402	3	GAIN	2	1
JFCF_6_T_1J_11E	chr9	32743300	33708793	650	1	-0.93495	1	DLOH	1	0	1	1	1	1.03947791351741	1	1	HETD	1	0
JFCF_6_T_1J_11E	chr9	33711245	33719406	11	1	-0.244917	4	ALOH	3	0	3	1	1	1.68555387544109	1	3	GAIN	3	0
JFCF_6_T_1J_11E	chr9	33720684	33794041	58	1	-0.803771	1	DLOH	1	0	1	1	1	1.13974997383309	1	1	HETD	1	0
JFCF_6_T_1J_11E	chr9	33794894	33799251	110	0.672043	-1.064708	5	GAIN	3	1	2	1	1	0.948868856537899	0.674568516806244	3	GAIN	2	1
JFCF_6_T_1J_11E	chr9	33799263	33800631	15	0.941176	-1.11305	1	DLOH	1	0	1	1	1	0.917141834946355	0.947876308871241	1	HETD	1	0
JFCF_6_T_1J_11E	chr9	33800656	33804075	66	0.733202	-1.11305	5	GAIN	3	1	2	1	1	0.917141834946355	0.736743728084463	3	GAIN	2	1
JFCF_6_T_1J_11E	chr9	33807575	35865545	908	1	-0.934026	1	DLOH	1	0	1	1	1	1.04015280302049	1	1	HETD	1	0
JFCF_6_T_1J_11E	chr9	35883887	35884301	5	0.528302	-0.823367	5	GAIN	3	1	2	1	1	1.12418559796607	0.528652669955275	3	GAIN	2	1
JFCF_6_T_1J_11E	chr9	35891498	38769613	1545	1	-0.984005	1	DLOH	1	0	1	1	1	1.00426172849985	1	1	HETD	1	0
JFCF_6_T_1J_11E	chr9	66840056	66855980	76	0.587093	-0.149532	3	HET	2	1	1	NA	NA	1.80171433071128	0.587766312637881	2	NEUT	1	1
JFCF_6_T_1J_11E	chr9	66856224	68418355	247	0.701525	0.223642	5	GAIN	3	1	2	1	1	2.33769078535488	0.702725774104306	3	GAIN	2	1
JFCF_6_T_1J_11E	chr9	68418363	68418442	5	0.510854	0.223642	3	HET	2	1	1	NA	NA	2.33769078535488	0.510918672879931	2	NEUT	1	1
JFCF_6_T_1J_11E	chr9	68418466	68419787	53	0.715013	0.223642	5	GAIN	3	1	2	1	1	2.33769078535488	0.716294141508444	3	GAIN	2	1
JFCF_6_T_1J_11E	chr9	68419798	68419883	5	0.565158	0.223642	3	HET	2	1	1	NA	NA	2.33769078535488	0.56554623986646	2	NEUT	1	1
JFCF_6_T_1J_11E	chr9	68419957	68419957	1	0.8687	0.223642	7	ASCNA	4	1	3	1	1	2.33769078535488	0.870896875882683	4	AMP	3	1
JFCF_6_T_1J_11E	chr9	71080974	111049470	27366	0.55814	-0.002383	3	HET	2	1	1	NA	NA	1.99667619889555	0.558545589622912	2	NEUT	1	1
JFCF_6_T_1J_11E	chr9	111050810	111074457	54	0.641268	0.473957	5	GAIN	3	1	2	1	1	2.78324464958336	0.641974987706918	3	GAIN	2	1
JFCF_6_T_1J_11E	chr9	111129608	141007995	21804	0.558824	-0.011974	3	HET	2	1	1	NA	NA	1.98335407831405	0.559237117647928	2	NEUT	1	1
JFCF_6_T_1J_11E	chr10	131636	5070983	4626	1	-0.963551	1	DLOH	1	0	1	1	1	1.01880007833777	1	1	HETD	1	0
JFCF_6_T_1J_11E	chr10	5077854	5077930	8	0.793103	-0.948958	5	GAIN	3	1	2	1	1	1.02929924329698	0.797069414149019	3	GAIN	2	1
JFCF_6_T_1J_11E	chr10	5102468	8689396	3465	1	-0.959593	1	DLOH	1	0	1	1	1	1.02163723635264	1	1	HETD	1	0
JFCF_6_T_1J_11E	chr10	8691199	8691499	14	0.670833	-0.874936	5	GAIN	3	1	2	1	1	1.08422229538285	0.673027688472328	3	GAIN	2	1
JFCF_6_T_1J_11E	chr10	8691594	10218843	1286	1	-0.943643	1	DLOH	1	0	1	1	1	1.0331496649626	1	1	HETD	1	0
JFCF_6_T_1J_11E	chr10	10230151	10239333	22	1	-0.200603	2	NLOH	2	0	2	1	1	1.73856538819346	1	2	NEUT	2	0
JFCF_6_T_1J_11E	chr10	10240191	13338730	2221	1	-0.980636	1	DLOH	1	0	1	1	1	1.00664219890821	1	1	HETD	1	0
JFCF_6_T_1J_11E	chr10	13340836	13348867	24	1	-0.565926	4	ALOH	3	0	3	1	1	1.34652372840924	1	3	GAIN	3	0
JFCF_6_T_1J_11E	chr10	13350801	19519981	5591	1	-0.94214	1	DLOH	1	0	1	1	1	1.03424108014134	1	1	HETD	1	0
JFCF_6_T_1J_11E	chr10	19520364	19528912	10	1	-0.346724	4	ALOH	3	0	3	1	1	1.56975975263235	1	3	GAIN	3	0
JFCF_6_T_1J_11E	chr10	19530622	26857667	4979	1	-0.963773	1	DLOH	1	0	1	1	1	1.01864117558511	1	1	HETD	1	0
JFCF_6_T_1J_11E	chr10	26859833	26864363	65	0.585366	-0.867949	5	GAIN	3	1	2	1	1	1.08955356257491	0.586457329250526	3	GAIN	2	1
JFCF_6_T_1J_11E	chr10	26864430	26866579	9	1	-0.867949	1	DLOH	1	0	1	1	1	1.08955356257491	1	1	HETD	1	0
JFCF_6_T_1J_11E	chr10	26868306	26868662	16	0.603571	-0.867949	5	GAIN	3	1	2	1	1	1.08955356257491	0.604895064168476	3	GAIN	2	1
JFCF_6_T_1J_11E	chr10	26869854	26873049	7	1	-0.926537	1	DLOH	1	0	1	1	1	1.04563874608009	1	1	HETD	1	0
JFCF_6_T_1J_11E	chr10	26874089	26874230	14	0.617647	-0.926537	5	GAIN	3	1	2	1	1	1.04563874608009	0.619214179124571	3	GAIN	2	1
JFCF_6_T_1J_11E	chr10	26876172	26880640	8	1	-0.926537	1	DLOH	1	0	1	1	1	1.04563874608009	1	1	HETD	1	0
JFCF_6_T_1J_11E	chr10	26880656	26880841	9	0.608696	-0.937684	5	GAIN	3	1	2	1	1	1.03748352995496	0.610155324252011	3	GAIN	2	1
JFCF_6_T_1J_11E	chr10	26882048	26910726	35	1	-0.91426	1	DLOH	1	0	1	1	1	1.05469389554315	1	1	HETD	1	0
JFCF_6_T_1J_11E	chr10	26913852	26931024	186	0.576923	-0.785553	5	GAIN	3	1	2	1	1	1.15441072079814	0.577851143891245	3	GAIN	2	1
JFCF_6_T_1J_11E	chr10	26931449	26935288	12	1	-0.951917	1	DLOH	1	0	1	1	1	1.02716175149319	1	1	HETD	1	0
JFCF_6_T_1J_11E	chr10	26935732	26936439	7	0.73913	-0.951917	5	GAIN	3	1	2	1	1	1.02716175149319	0.742372758999049	3	GAIN	2	1
JFCF_6_T_1J_11E	chr10	26936570	26940072	16	1	-0.951917	1	DLOH	1	0	1	1	1	1.02716175149319	1	1	HETD	1	0
JFCF_6_T_1J_11E	chr10	26940186	26940963	32	0.663121	-0.843181	5	GAIN	3	1	2	1	1	1.10866155926989	0.665170416999516	3	GAIN	2	1
JFCF_6_T_1J_11E	chr10	26941250	27222874	358	1	-0.982149	1	DLOH	1	0	1	1	1	1.00557245460784	1	1	HETD	1	0
JFCF_6_T_1J_11E	chr10	27226736	27234060	48	0.660256	-0.87346	5	GAIN	3	1	2	1	1	1.08534637266211	0.662312673668898	3	GAIN	2	1
JFCF_6_T_1J_11E	chr10	27261021	27617789	81	1	-0.903616	1	DLOH	1	0	1	1	1	1.06260719976097	1	1	HETD	1	0
JFCF_6_T_1J_11E	chr10	27619383	27622450	44	0.663925	-0.80839	5	GAIN	3	1	2	1	1	1.13606220786967	0.665934844825248	3	GAIN	2	1
JFCF_6_T_1J_11E	chr10	27623611	30915590	3067	1	-0.953657	1	DLOH	1	0	1	1	1	1.02590687373604	1	1	HETD	1	0
JFCF_6_T_1J_11E	chr10	30915882	30915944	4	0.5	-0.935794	5	GAIN	3	1	2	1	1	1.03886183362146	0.5	3	GAIN	2	1
JFCF_6_T_1J_11E	chr10	30916004	33302140	1158	1	-0.943892	1	DLOH	1	0	1	1	1	1.03296896143341	1	1	HETD	1	0
JFCF_6_T_1J_11E	chr10	33302469	33302556	3	0.53125	-1.024874	5	GAIN	3	1	2	1	1	0.975822898328996	0.531696065325778	3	GAIN	2	1
JFCF_6_T_1J_11E	chr10	33303604	37433297	2145	1	-0.981001	1	DLOH	1	0	1	1	1	1.00638402836405	1	1	HETD	1	0
JFCF_6_T_1J_11E	chr10	37434800	37435018	18	0.564583	-0.905249	5	GAIN	3	1	2	1	1	1.06138934777214	0.565430545336924	3	GAIN	2	1
JFCF_6_T_1J_11E	chr10	37435885	38251085	519	1	-0.987487	1	DLOH	1	0	1	1	1	1.00180724921338	1	1	HETD	1	0
JFCF_6_T_1J_11E	chr10	43262616	44316351	581	0.555556	0.005378	3	HET	2	1	1	NA	NA	2.0075214250526	0.55594146968492	2	NEUT	1	1
JFCF_6_T_1J_11E	chr10	44321351	44393363	103	0.651163	0.497334	5	GAIN	3	1	2	1	1	2.82893842092545	0.651907288753891	3	GAIN	2	1
JFCF_6_T_1J_11E	chr10	44430981	45015194	620	0.55814	0.006646	3	HET	2	1	1	NA	NA	2.0092988802929	0.558543041655241	2	NEUT	1	1
JFCF_6_T_1J_11E	chr10	45015730	45028273	25	0.666667	0.410057	5	GAIN	3	1	2	1	1	2.66205561216233	0.667539071197146	3	GAIN	2	1
JFCF_6_T_1J_11E	chr10	45031828	47059476	1120	0.581818	-0.071868	3	HET	2	1	1	NA	NA	1.90213376866095	0.582417138533456	2	NEUT	1	1
JFCF_6_T_1J_11E	chr10	47059779	47103664	161	0.763441	-0.121578	5	GAIN	3	1	2	1	1	1.83723770787068	0.765438273153318	3	GAIN	2	1
JFCF_6_T_1J_11E	chr10	47103803	47546979	357	0.619048	-0.040493	3	HET	2	1	1	NA	NA	1.94425973636683	0.619900878702713	2	NEUT	1	1
JFCF_6_T_1J_11E	chr10	47590685	47609552	47	0.698113	-0.176271	5	GAIN	3	1	2	1	1	1.76837301355315	0.699673481212608	3	GAIN	2	1
JFCF_6_T_1J_11E	chr10	47610639	49879717	1261	0.589744	-0.065854	3	HET	2	1	1	NA	NA	1.91013771420156	0.59039842546722	2	NEUT	1	1
JFCF_6_T_1J_11E	chr10	49880385	49889274	16	0.554094	0.432034	5	GAIN	3	1	2	1	1	2.70313174462254	0.554372741307245	3	GAIN	2	1
JFCF_6_T_1J_11E	chr10	49890693	50829219	816	0.558824	-0.030753	3	HET	2	1	1	NA	NA	1.95752469205197	0.559242568703204	2	NEUT	1	1
JFCF_6_T_1J_11E	chr10	50830171	50833839	4	0.522282	-0.9762	5	GAIN	3	1	2	1	1	1.00978508148655	0.522589358103846	3	GAIN	2	1
JFCF_6_T_1J_11E	chr10	50857835	52853346	727	0.55	-0.009758	3	HET	2	1	1	NA	NA	1.9864242907052	0.550350604459345	2	NEUT	1	1
JFCF_6_T_1J_11E	chr10	52865767	53189876	183	0.552632	-0.529201	5	GAIN	3	1	2	1	1	1.38159973198103	0.55316262423519	3	GAIN	2	1
JFCF_6_T_1J_11E	chr10	53191646	54589118	1486	0.55814	0.057398	3	HET	2	1	1	NA	NA	2.08173993267087	0.55852901648274	2	NEUT	1	1
JFCF_6_T_1J_11E	chr10	54590013	54599966	28	0.548589	0.324711	5	GAIN	3	1	2	1	1	2.50834292529768	0.548858817739358	3	GAIN	2	1
JFCF_6_T_1J_11E	chr10	54610210	69449238	12233	0.555556	0.008165	3	HET	2	1	1	NA	NA	2.01143023967416	0.555940720601252	2	NEUT	1	1
JFCF_6_T_1J_11E	chr10	69482437	69485607	4	0.532999	1.243941	11	UBCNA	5	2	3	1	1	4.75595379287108	0.533095645714527	5	HLAMP	3	2
JFCF_6_T_1J_11E	chr10	69485653	69485653	1	0.967532	1.243941	4	ALOH	3	0	3	1	1	4.75595379287108	0.968901282832935	3	GAIN	3	0
JFCF_6_T_1J_11E	chr10	69517922	74338696	3736	0.558824	-0.01184	3	HET	2	1	1	NA	NA	1.98353959802017	0.559237079009191	2	NEUT	1	1
JFCF_6_T_1J_11E	chr10	74340231	74369665	36	0.558846	0.319916	5	GAIN	3	1	2	1	1	2.49997371547246	0.559173869450956	3	GAIN	2	1
JFCF_6_T_1J_11E	chr10	74370273	91047398	9087	0.557692	-0.004311	3	HET	2	1	1	NA	NA	1.99399104533307	0.558095006304119	2	NEUT	1	1
JFCF_6_T_1J_11E	chr10	91048767	91048844	7	0.938776	-0.01181	2	NLOH	2	0	2	1	1	1.98358113464352	0.941857146469807	2	NEUT	2	0
JFCF_6_T_1J_11E	chr10	91048884	95052209	2653	0.555556	0.066765	3	HET	2	1	1	NA	NA	2.09539076995779	0.555925305173183	2	NEUT	1	1
JFCF_6_T_1J_11E	chr10	95053019	95056082	15	1	-0.344169	4	ALOH	3	0	3	1	1	1.57256693622041	1	3	GAIN	3	0
JFCF_6_T_1J_11E	chr10	95057768	96831207	1438	0.555556	0.058613	3	HET	2	1	1	NA	NA	2.08350559356963	0.555927411842412	2	NEUT	1	1
JFCF_6_T_1J_11E	chr10	96851353	96899746	66	1	-1.035078	1	DLOH	1	0	1	1	1	0.968847206314758	1	1	HETD	1	0
JFCF_6_T_1J_11E	chr10	96941732	97686358	660	0.558824	0.008586	3	HET	2	1	1	NA	NA	2.0120213560453	0.559231231548204	2	NEUT	1	1
JFCF_6_T_1J_11E	chr10	97698222	97699983	6	1	-0.190657	2	NLOH	2	0	2	1	1	1.75068889973406	1	2	NEUT	2	0
JFCF_6_T_1J_11E	chr10	97744383	97746115	5	0.588235	-1.003238	5	GAIN	3	1	2	1	1	0.990778000439253	0.589475463482469	3	GAIN	2	1
JFCF_6_T_1J_11E	chr10	97746510	103097033	2242	1	-0.962627	1	DLOH	1	0	1	1	1	1.01946172010729	1	1	HETD	1	0
JFCF_6_T_1J_11E	chr10	103124736	103250916	4	0.810811	-0.731387	5	GAIN	3	1	2	1	1	1.19910991207254	0.814421412600544	3	GAIN	2	1
JFCF_6_T_1J_11E	chr10	103346471	104256065	40	0.562745	0.08207	3	HET	2	1	1	NA	NA	2.11788685180786	0.563157663272589	2	NEUT	1	1
JFCF_6_T_1J_11E	chr10	104260119	104601565	196	1	-0.902345	1	DLOH	1	0	1	1	1	1.06355603534133	1	1	HETD	1	0
JFCF_6_T_1J_11E	chr10	104602182	104602349	8	0.630556	-0.963911	5	GAIN	3	1	2	1	1	1.01854241052172	0.632341406728386	3	GAIN	2	1
JFCF_6_T_1J_11E	chr10	104602575	110289323	4285	1	-0.977454	1	DLOH	1	0	1	1	1	1.00889564910671	1	1	HETD	1	0
JFCF_6_T_1J_11E	chr10	110301310	110339014	16	1	-0.588	4	ALOH	3	0	3	1	1	1.32586651584618	1	3	GAIN	3	0
JFCF_6_T_1J_11E	chr10	110348515	112888155	2254	1	-0.950109	1	DLOH	1	0	1	1	1	1.02846727479747	1	1	HETD	1	0
JFCF_6_T_1J_11E	chr10	112890917	120859921	4901	1	-0.378788	4	ALOH	3	0	3	1	1	1.53495041059097	1	3	GAIN	3	0
JFCF_6_T_1J_11E	chr10	120861238	120889022	54	1	-0.1326	2	NLOH	2	0	2	1	1	1.82314892503112	1	2	NEUT	2	0
JFCF_6_T_1J_11E	chr10	120890584	126603092	4747	1	-0.38898	4	ALOH	3	0	3	1	1	1.52404682511244	1	3	GAIN	3	0
JFCF_6_T_1J_11E	chr10	126677068	126678180	53	0.595745	-0.323187	5	GAIN	3	1	2	1	1	1.59580892229472	0.596580708199246	3	GAIN	2	1
JFCF_6_T_1J_11E	chr10	126680627	127187709	445	1	-0.382044	4	ALOH	3	0	3	1	1	1.53145870615315	1	3	GAIN	3	0
JFCF_6_T_1J_11E	chr10	127191122	127191355	2	0.547108	-0.46543	5	GAIN	3	1	2	1	1	1.44466951164764	0.547562198407744	3	GAIN	2	1
JFCF_6_T_1J_11E	chr10	127204229	127572773	170	1	-0.36452	4	ALOH	3	0	3	1	1	1.55034455236361	1	3	GAIN	3	0
JFCF_6_T_1J_11E	chr10	127575250	127590661	246	0.669428	-0.229415	5	GAIN	3	1	2	1	1	1.70391356591757	0.670813023276647	3	GAIN	2	1
JFCF_6_T_1J_11E	chr10	127591109	127594693	40	0.6088	-0.147588	3	HET	2	1	1	NA	NA	1.80416251942009	0.609639987237501	2	NEUT	1	1
JFCF_6_T_1J_11E	chr10	127594912	127890499	510	1	-0.370279	4	ALOH	3	0	3	1	1	1.54411267769781	1	3	GAIN	3	0
JFCF_6_T_1J_11E	chr10	127940104	127940307	5	0.6	-0.600289	5	GAIN	3	1	2	1	1	1.3145024915318	0.601059639245963	3	GAIN	2	1
JFCF_6_T_1J_11E	chr10	127941057	128442839	319	1	-0.401177	4	ALOH	3	0	3	1	1	1.51109910057006	1	3	GAIN	3	0
JFCF_6_T_1J_11E	chr10	128444112	128444488	14	0.861905	-0.426457	5	GAIN	3	1	2	1	1	1.48460916454756	0.865300485613081	3	GAIN	2	1
JFCF_6_T_1J_11E	chr10	128444629	129226680	742	1	-0.412806	4	ALOH	3	0	3	1	1	1.49885585642052	1	3	GAIN	3	0
JFCF_6_T_1J_11E	chr10	129227230	129227267	4	0.677083	-0.451482	5	GAIN	3	1	2	1	1	1.45883965473657	0.678773786452725	3	GAIN	2	1
JFCF_6_T_1J_11E	chr10	129227488	132287890	3021	1	-0.451669	4	ALOH	3	0	3	1	1	1.45864876901263	1	3	GAIN	3	0
JFCF_6_T_1J_11E	chr10	132294723	132294723	1	0.619718	-0.503937	5	GAIN	3	1	2	1	1	1.40625300080214	0.620903810903309	3	GAIN	2	1
JFCF_6_T_1J_11E	chr10	132297773	132586454	268	1	-0.536707	4	ALOH	3	0	3	1	1	1.37435798206593	1	3	GAIN	3	0
JFCF_6_T_1J_11E	chr10	132588672	132588949	4	0.75	-0.799896	5	GAIN	3	1	2	1	1	1.14285285765956	0.7530469767381	3	GAIN	2	1
JFCF_6_T_1J_11E	chr10	132589240	133863091	1595	1	-0.514818	4	ALOH	3	0	3	1	1	1.39558208860714	1	3	GAIN	3	0
JFCF_6_T_1J_11E	chr10	133864444	133874705	5	1	-0.414931	5	GAIN	3	1	2	1	1	1.49662925873033	1	3	GAIN	2	1
JFCF_6_T_1J_11E	chr10	133875481	134097067	336	1	-0.420293	4	ALOH	3	0	3	1	1	1.49102545476267	1	3	GAIN	3	0
JFCF_6_T_1J_11E	chr10	134098276	134098319	3	0.611111	-0.324542	5	GAIN	3	1	2	1	1	1.59429774299668	0.612081749272012	3	GAIN	2	1
JFCF_6_T_1J_11E	chr10	134115145	134325083	184	1	-0.368852	4	ALOH	3	0	3	1	1	1.54565453188059	1	3	GAIN	3	0
JFCF_6_T_1J_11E	chr10	134326131	134326191	5	0.541667	-0.368852	5	GAIN	3	1	2	1	1	1.54565453188059	0.542042490755804	3	GAIN	2	1
JFCF_6_T_1J_11E	chr10	134326732	134923838	459	1	-0.40327	4	ALOH	3	0	3	1	1	1.50888825941062	1	3	GAIN	3	0
JFCF_6_T_1J_11E	chr10	134925374	134926123	4	0.762821	-0.481689	5	GAIN	3	1	2	1	1	1.42832356306524	0.765384025405867	3	GAIN	2	1
JFCF_6_T_1J_11E	chr10	134927029	135346959	124	1	-0.393687	4	ALOH	3	0	3	1	1	1.51903713476727	1	3	GAIN	3	0
JFCF_6_T_1J_11E	chr10	135355481	135356184	3	0.625	-0.531062	5	GAIN	3	1	2	1	1	1.37980073459041	0.626261865566912	3	GAIN	2	1
JFCF_6_T_1J_11E	chr10	135379495	135429761	24	1	-0.259937	4	ALOH	3	0	3	1	1	1.66795222432046	1	3	GAIN	3	0
JFCF_6_T_1J_11E	chr11	190010	1015021	848	0.5625	-0.033117	3	HET	2	1	1	NA	NA	1.95429691342751	0.56294546021237	2	NEUT	1	1
JFCF_6_T_1J_11E	chr11	1016713	1018374	73	0.654867	-0.251684	5	GAIN	3	1	2	1	1	1.67760107125312	0.656152848016502	3	GAIN	2	1
JFCF_6_T_1J_11E	chr11	1021410	14329355	11864	0.55814	-0.01447	3	HET	2	1	1	NA	NA	1.97990157559014	0.558549025961983	2	NEUT	1	1
JFCF_6_T_1J_11E	chr11	14340040	14362060	10	0.594747	0.688642	5	GAIN	3	1	2	1	1	3.2320525923412	0.59515532549495	3	GAIN	2	1
JFCF_6_T_1J_11E	chr11	14369769	14449861	63	0.730337	0.877987	7	ASCNA	4	1	3	1	1	3.68728824436345	0.731207113818517	4	AMP	3	1
JFCF_6_T_1J_11E	chr11	14460199	14478440	22	0.617334	0.486235	5	GAIN	3	1	2	1	1	2.80715147168281	0.617916207073292	3	GAIN	2	1
JFCF_6_T_1J_11E	chr11	14480292	19256914	3380	0.55814	-0.013949	3	HET	2	1	1	NA	NA	1.98062173701234	0.558548877238624	2	NEUT	1	1
JFCF_6_T_1J_11E	chr11	19282008	19321346	33	0.634615	0.528094	5	GAIN	3	1	2	1	1	2.89020257818059	0.635263760828836	3	GAIN	2	1
JFCF_6_T_1J_11E	chr11	19354664	31048097	7926	0.555556	-0.007662	3	HET	2	1	1	NA	NA	1.98933258906635	0.55594499410558	2	NEUT	1	1
JFCF_6_T_1J_11E	chr11	31050780	31057829	6	0.554681	-0.818806	5	GAIN	3	1	2	1	1	1.12778937738648	0.555356348434027	3	GAIN	2	1
JFCF_6_T_1J_11E	chr11	31061201	34100557	1543	0.555556	0.053273	3	HET	2	1	1	NA	NA	2.0757564868975	0.555928798377877	2	NEUT	1	1
JFCF_6_T_1J_11E	chr11	34168150	34168418	19	0.933333	-0.245673	2	NLOH	2	0	2	1	1	1.68466354697111	0.936915845108714	2	NEUT	2	0
JFCF_6_T_1J_11E	chr11	34175845	48809669	11126	0.555556	-0.000545	3	HET	2	1	1	NA	NA	1.99923935136981	0.555943066536407	2	NEUT	1	1
JFCF_6_T_1J_11E	chr11	48810043	48819986	27	0.553191	0.568716	5	GAIN	3	1	2	1	1	2.97313638797221	0.553440196978093	3	GAIN	2	1
JFCF_6_T_1J_11E	chr11	48830060	58428763	5291	0.55814	-0.041464	3	HET	2	1	1	NA	NA	1.94294222887409	0.558556806601119	2	NEUT	1	1
JFCF_6_T_1J_11E	chr11	58430268	58439080	20	0.548703	0.499958	5	GAIN	3	1	2	1	1	2.8341137850038	0.548942363474197	3	GAIN	2	1
JFCF_6_T_1J_11E	chr11	58440166	73699795	6651	0.56	0.009379	3	HET	2	1	1	NA	NA	2.01313525759472	0.560415143023408	2	NEUT	1	1
JFCF_6_T_1J_11E	chr11	73700055	73768157	10	0.628527	0.489981	5	GAIN	3	1	2	1	1	2.81448600790114	0.62916308437162	3	GAIN	2	1
JFCF_6_T_1J_11E	chr11	73866772	86309348	8547	0.55814	0.015995	3	HET	2	1	1	NA	NA	2.02245244128913	0.558540420365916	2	NEUT	1	1
JFCF_6_T_1J_11E	chr11	86326608	86359650	2	0.78125	-0.716005	5	GAIN	3	1	2	1	1	1.2121125142028	0.784481982827915	3	GAIN	2	1
JFCF_6_T_1J_11E	chr11	86373013	99829865	8958	0.555556	0.013047	3	HET	2	1	1	NA	NA	2.01829555231984	0.555939411958816	2	NEUT	1	1
JFCF_6_T_1J_11E	chr11	99840117	99843680	11	0.56	-0.460312	5	GAIN	3	1	2	1	1	1.44985311864541	0.560576430154626	3	GAIN	2	1
JFCF_6_T_1J_11E	chr11	99845188	99848881	9	1	-0.460312	4	ALOH	3	0	3	1	1	1.44985311864541	1	3	GAIN	3	0
JFCF_6_T_1J_11E	chr11	99853173	99880352	26	1	-1.121995	1	DLOH	1	0	1	1	1	0.911386867643095	1	1	HETD	1	0
JFCF_6_T_1J_11E	chr11	99948102	121007957	13785	0.558824	0.007348	3	HET	2	1	1	NA	NA	2.0102836009231	0.55923158357252	2	NEUT	1	1
JFCF_6_T_1J_11E	chr11	121010539	121014403	15	0.55	-0.624858	5	GAIN	3	1	2	1	1	1.29207093845026	0.550539017784354	3	GAIN	2	1
JFCF_6_T_1J_11E	chr11	121014904	121879921	571	1	-0.999163	1	DLOH	1	0	1	1	1	0.993619882094467	1	1	HETD	1	0
JFCF_6_T_1J_11E	chr11	121880620	121886942	12	1	-0.53413	4	ALOH	3	0	3	1	1	1.37684001226263	1	3	GAIN	3	0
JFCF_6_T_1J_11E	chr11	121890280	122248508	155	1	-0.916604	1	DLOH	1	0	1	1	1	1.0529590741165	1	1	HETD	1	0
JFCF_6_T_1J_11E	chr11	122277662	122277712	6	0.591667	-0.852384	5	GAIN	3	1	2	1	1	1.1015233083594	0.59282614769408	3	GAIN	2	1
JFCF_6_T_1J_11E	chr11	122297003	129539589	4952	1	-0.98962	1	DLOH	1	0	1	1	1	1.00030661013252	1	1	HETD	1	0
JFCF_6_T_1J_11E	chr11	129540016	129549483	23	1	0.810508	4	ALOH	3	0	3	1	1	3.5181578507372	1	3	GAIN	3	0
JFCF_6_T_1J_11E	chr11	129551393	131225242	1373	1	-0.987263	1	DLOH	1	0	1	1	1	1.00196496971154	1	1	HETD	1	0
JFCF_6_T_1J_11E	chr11	131230525	131230834	17	0.535714	-0.842	5	GAIN	3	1	2	1	1	1.10958089578141	0.536162331209382	3	GAIN	2	1
JFCF_6_T_1J_11E	chr11	131242104	134939568	2789	1	-1.031658	1	DLOH	1	0	1	1	1	0.971179703114263	1	1	HETD	1	0
JFCF_6_T_1J_11E	chr12	260214	11274703	7993	0.564103	-0.014963	3	HET	2	1	1	NA	NA	1.97922035710096	0.564554132021102	2	NEUT	1	1
JFCF_6_T_1J_11E	chr12	11275014	11285300	162	0.784314	0.013952	5	GAIN	3	1	2	1	1	2.01957076303729	0.78627491432484	3	GAIN	2	1
JFCF_6_T_1J_11E	chr12	11289324	42428516	19782	0.55814	-0.001051	3	HET	2	1	1	NA	NA	1.99853339166888	0.558545212717468	2	NEUT	1	1
JFCF_6_T_1J_11E	chr12	42470521	42479591	116	0.637022	0.40067	5	GAIN	3	1	2	1	1	2.64470064605295	0.637743660989555	3	GAIN	2	1
JFCF_6_T_1J_11E	chr12	42481443	48018527	3205	0.555556	0.044738	3	HET	2	1	1	NA	NA	2.0634303809153	0.555931025325953	2	NEUT	1	1
JFCF_6_T_1J_11E	chr12	48020152	48027810	7	0.628571	0.48709	5	GAIN	3	1	2	1	1	2.80882385468448	0.62920858481547	3	GAIN	2	1
JFCF_6_T_1J_11E	chr12	48031385	59919033	7453	0.558824	0.038056	3	HET	2	1	1	NA	NA	2.05383111082178	0.55922294155246	2	NEUT	1	1
JFCF_6_T_1J_11E	chr12	59920382	59949872	43	0.655738	0.563565	5	GAIN	3	1	2	1	1	2.962490382964	0.656470246142551	3	GAIN	2	1
JFCF_6_T_1J_11E	chr12	59950966	67519516	5284	0.557692	0.024514	3	HET	2	1	1	NA	NA	2.03451268473755	0.558086979577987	2	NEUT	1	1
JFCF_6_T_1J_11E	chr12	67521961	67569437	32	0.634768	0.549784	5	GAIN	3	1	2	1	1	2.93419420882647	0.635407760432037	3	GAIN	2	1
JFCF_6_T_1J_11E	chr12	67580242	71227112	3143	0.55814	0.031828	3	HET	2	1	1	NA	NA	2.04492399407819	0.558536020169421	2	NEUT	1	1
JFCF_6_T_1J_11E	chr12	71311611	71332650	17	0.816327	0.205383	5	GAIN	3	1	2	1	1	2.30811582320995	0.818235965645926	3	GAIN	2	1
JFCF_6_T_1J_11E	chr12	71359847	76009202	2433	0.555556	-0.006409	3	HET	2	1	1	NA	NA	1.99107320438552	0.555944654043196	2	NEUT	1	1
JFCF_6_T_1J_11E	chr12	76010403	76114380	86	0.664414	0.675318	5	GAIN	3	1	2	1	1	3.20221235883671	0.665129168067053	3	GAIN	2	1
JFCF_6_T_1J_11E	chr12	76161266	82319760	4165	0.555556	0.04353	3	HET	2	1	1	NA	NA	2.0616916906678	0.555931341596751	2	NEUT	1	1
JFCF_6_T_1J_11E	chr12	82322986	82329801	17	0.55	0.369335	5	GAIN	3	1	2	1	1	2.5875784165476	0.550269150959839	3	GAIN	2	1
JFCF_6_T_1J_11E	chr12	82330097	96900066	9232	0.555556	0.015168	3	HET	2	1	1	NA	NA	2.02128545533823	0.555938844812513	2	NEUT	1	1
JFCF_6_T_1J_11E	chr12	96900998	96918529	22	0.573214	-1.012355	5	GAIN	3	1	2	1	1	0.984448851514336	0.574249906186693	3	GAIN	2	1
JFCF_6_T_1J_11E	chr12	96921724	120349887	16628	0.558824	-0.010041	3	HET	2	1	1	NA	NA	1.98603193858563	0.559236560621973	2	NEUT	1	1
JFCF_6_T_1J_11E	chr12	120360255	120421975	26	0.563859	0.349634	5	GAIN	3	1	2	1	1	2.55229449268766	0.564207506416594	3	GAIN	2	1
JFCF_6_T_1J_11E	chr12	120433563	120856874	177	0.555556	0.0317	3	HET	2	1	1	NA	NA	2.04474133489978	0.555934453077647	2	NEUT	1	1
JFCF_6_T_1J_11E	chr12	120862532	120872124	11	0.605263	0.421183	5	GAIN	3	1	2	1	1	2.68277246742831	0.605809526658917	3	GAIN	2	1
JFCF_6_T_1J_11E	chr12	120874395	126369594	3685	0.560976	0.014232	3	HET	2	1	1	NA	NA	2.01996546543083	0.561396469438992	2	NEUT	1	1
JFCF_6_T_1J_11E	chr12	126370992	126489636	106	0.647151	0.538476	5	GAIN	3	1	2	1	1	2.91117682412305	0.647855067149131	3	GAIN	2	1
JFCF_6_T_1J_11E	chr12	126490570	133812415	7228	0.5625	-0.057429	3	HET	2	1	1	NA	NA	1.921406683599	0.562953085505282	2	NEUT	1	1
JFCF_6_T_1J_11E	chr13	20140719	41989945	16210	0.55814	0.01315	3	HET	2	1	1	NA	NA	2.01844064646212	0.558541216229968	2	NEUT	1	1
JFCF_6_T_1J_11E	chr13	42021301	42021570	11	0.72549	0.629619	5	GAIN	3	1	2	1	1	3.10193403722718	0.72650254463497	3	GAIN	2	1
JFCF_6_T_1J_11E	chr13	42037935	62509777	11450	0.555556	-0.001215	3	HET	2	1	1	NA	NA	1.99830463572118	0.555943247588456	2	NEUT	1	1
JFCF_6_T_1J_11E	chr13	62510449	62519918	19	0.566667	0.353172	5	GAIN	3	1	2	1	1	2.55859550595832	0.567029934896689	3	GAIN	2	1
JFCF_6_T_1J_11E	chr13	62520077	63630094	1382	0.567568	0.006923	3	HET	2	1	1	NA	NA	2.00968738091723	0.568036308463996	2	NEUT	1	1
JFCF_6_T_1J_11E	chr13	63630110	63637452	445	0.732143	-0.126257	5	GAIN	3	1	2	1	1	1.83124366334959	0.733908748744757	3	GAIN	2	1
JFCF_6_T_1J_11E	chr13	63637476	63646754	375	0.645455	-0.097698	3	HET	2	1	1	NA	NA	1.86813387224237	0.646539526350025	2	NEUT	1	1
JFCF_6_T_1J_11E	chr13	63646771	63648416	97	0.682927	-0.097698	5	GAIN	3	1	2	1	1	1.86813387224237	0.684290921155209	3	GAIN	2	1
JFCF_6_T_1J_11E	chr13	63648463	93677170	22899	0.555556	0.013083	3	HET	2	1	1	NA	NA	2.01834626365802	0.555939402325517	2	NEUT	1	1
JFCF_6_T_1J_11E	chr13	93740906	93748767	37	0.552632	0.445843	5	GAIN	3	1	2	1	1	2.7292634140462	0.552900611046244	3	GAIN	2	1
JFCF_6_T_1J_11E	chr13	93750061	115093704	17754	0.558824	-0.002784	3	HET	2	1	1	NA	NA	1.99611742478445	0.559234476138161	2	NEUT	1	1
JFCF_6_T_1J_11E	chr14	20210007	35337904	11522	0.555556	0.019467	3	HET	2	1	1	NA	NA	2.02735911295183	0.555937697868049	2	NEUT	1	1
JFCF_6_T_1J_11E	chr14	35341527	35369831	50	0.548003	0.278793	5	GAIN	3	1	2	1	1	2.42932833159298	0.548278233703139	3	GAIN	2	1
JFCF_6_T_1J_11E	chr14	35371679	74288871	24957	0.555556	0.040715	3	HET	2	1	1	NA	NA	2.05764566887737	0.555932079644269	2	NEUT	1	1
JFCF_6_T_1J_11E	chr14	74291381	74309707	38	0.58477	0.3415	5	GAIN	3	1	2	1	1	2.53786668352929	0.585235256904895	3	GAIN	2	1
JFCF_6_T_1J_11E	chr14	74310394	78029889	3574	0.560976	0.038567	3	HET	2	1	1	NA	NA	2.05456363746681	0.561389388872724	2	NEUT	1	1
JFCF_6_T_1J_11E	chr14	78031309	78039826	25	0.571429	0.390191	5	GAIN	3	1	2	1	1	2.62545968103186	0.571807955893323	3	GAIN	2	1
JFCF_6_T_1J_11E	chr14	78048464	91418457	9947	0.555556	-0.001035	3	HET	2	1	1	NA	NA	1.99855571071459	0.555943198939232	2	NEUT	1	1
JFCF_6_T_1J_11E	chr14	91418983	91419128	14	0.930233	-0.023292	2	NLOH	2	0	2	1	1	1.96774661385297	0.933278467671299	2	NEUT	2	0
JFCF_6_T_1J_11E	chr14	91419557	98467406	7072	0.558824	-0.055299	3	HET	2	1	1	NA	NA	1.92426613027139	0.559249803145912	2	NEUT	1	1
JFCF_6_T_1J_11E	chr14	98480125	98489408	54	0.550056	-0.339929	5	GAIN	3	1	2	1	1	1.57723641727007	0.550498057531742	3	GAIN	2	1
JFCF_6_T_1J_11E	chr14	98490569	99599981	1103	0.564103	-0.113901	3	HET	2	1	1	NA	NA	1.84711455984872	0.56458639702329	2	NEUT	1	1
JFCF_6_T_1J_11E	chr14	99600333	99609217	23	0.590909	-0.445926	5	GAIN	3	1	2	1	1	1.46452240741837	0.591773630016143	3	GAIN	2	1
JFCF_6_T_1J_11E	chr14	99610512	106725138	5088	0.560976	-0.003959	3	HET	2	1	1	NA	NA	1.9944810131095	0.561401841981172	2	NEUT	1	1
JFCF_6_T_1J_11E	chr14	106725482	106728554	41	0.783784	-0.110744	5	GAIN	3	1	2	1	1	1.85119147656925	0.785919285802482	3	GAIN	2	1
JFCF_6_T_1J_11E	chr14	106728618	106920071	684	0.666667	-0.069751	3	HET	2	1	1	NA	NA	1.90494744881164	0.667885669851505	2	NEUT	1	1
JFCF_6_T_1J_11E	chr14	106920267	106929979	121	0.646154	-0.260895	5	GAIN	3	1	2	1	1	1.66683576705819	0.647375342144242	3	GAIN	2	1
JFCF_6_T_1J_11E	chr14	106940006	107032297	473	0.653061	-0.004458	3	HET	2	1	1	NA	NA	1.99378646349217	0.654130314243709	2	NEUT	1	1
JFCF_6_T_1J_11E	chr14	107032345	107032371	6	0.966092	-0.162426	2	NLOH	2	0	2	1	1	1.78555942725584	0.969727940672896	2	NEUT	2	0
JFCF_6_T_1J_11E	chr14	107032376	107038387	188	0.738315	-0.162426	5	GAIN	3	1	2	1	1	1.78555942725584	0.740174073319133	3	GAIN	2	1
JFCF_6_T_1J_11E	chr14	107038543	107268495	1471	0.65	-0.018147	3	HET	2	1	1	NA	NA	1.97482636563647	0.651057990555409	2	NEUT	1	1
JFCF_6_T_1J_11E	chr15	21910133	34739765	7613	0.56	-0.046719	3	HET	2	1	1	NA	NA	1.93582731397779	0.560431721905839	2	NEUT	1	1
JFCF_6_T_1J_11E	chr15	34740014	34749928	48	0.556848	0.367201	5	GAIN	3	1	2	1	1	2.58373317361651	0.557154469300689	3	GAIN	2	1
JFCF_6_T_1J_11E	chr15	34750037	41667626	5213	0.557692	0.046665	3	HET	2	1	1	NA	NA	2.06620695254994	0.558080920848725	2	NEUT	1	1
JFCF_6_T_1J_11E	chr15	41680233	41698990	18	0.544464	0.442427	5	GAIN	3	1	2	1	1	2.72277579210511	0.544691465794004	3	GAIN	2	1
JFCF_6_T_1J_11E	chr15	41701021	50969728	5088	0.555556	0.028594	3	HET	2	1	1	NA	NA	2.04031395998686	0.555935274301093	2	NEUT	1	1
JFCF_6_T_1J_11E	chr15	50970263	51029660	33	0.558824	0.276268	5	GAIN	3	1	2	1	1	2.42505589076665	0.559161872036253	3	GAIN	2	1
JFCF_6_T_1J_11E	chr15	51039891	61189609	6909	0.55814	0.039182	3	HET	2	1	1	NA	NA	2.05544559388078	0.558533992985754	2	NEUT	1	1
JFCF_6_T_1J_11E	chr15	61190011	61197157	12	0.538563	-0.970191	5	GAIN	3	1	2	1	1	1.0140578670157	0.539092697011014	3	GAIN	2	1
JFCF_6_T_1J_11E	chr15	61200750	65119254	2458	0.560976	0.021449	3	HET	2	1	1	NA	NA	2.03016539791547	0.561394356921512	2	NEUT	1	1
JFCF_6_T_1J_11E	chr15	65119841	65129799	27	0.533333	0.397948	5	GAIN	3	1	2	1	1	2.63968921470672	0.533508889961111	3	GAIN	2	1
JFCF_6_T_1J_11E	chr15	65132236	66987413	1365	0.5625	0.049269	3	HET	2	1	1	NA	NA	2.06996489528587	0.562920568252183	2	NEUT	1	1
JFCF_6_T_1J_11E	chr15	66990133	66999828	27	0.552632	0.373132	5	GAIN	3	1	2	1	1	2.59443428940076	0.552914570386969	3	GAIN	2	1
JFCF_6_T_1J_11E	chr15	67000117	76314629	5433	0.555556	0.010065	3	HET	2	1	1	NA	NA	2.01409935374067	0.555940210763857	2	NEUT	1	1
JFCF_6_T_1J_11E	chr15	76341808	77259486	646	1	-0.953213	1	DLOH	1	0	1	1	1	1.0262269401111	1	1	HETD	1	0
JFCF_6_T_1J_11E	chr15	77262098	77309459	43	0.571429	0.110496	3	HET	2	1	1	NA	NA	2.16030741804145	0.571889551776336	2	NEUT	1	1
JFCF_6_T_1J_11E	chr15	77310345	78453756	646	0.666667	0.562033	5	GAIN	3	1	2	1	1	2.95933139639408	0.667451468419926	3	GAIN	2	1
JFCF_6_T_1J_11E	chr15	78456855	78459073	6	1	0.143347	2	NLOH	2	0	2	1	1	2.21038401046674	1	2	NEUT	2	0
JFCF_6_T_1J_11E	chr15	78460593	84645052	3369	1	-0.982831	1	DLOH	1	0	1	1	1	1.0050906232823	1	1	HETD	1	0
JFCF_6_T_1J_11E	chr15	84686061	102399429	14060	0.560976	-0.062785	3	HET	2	1	1	NA	NA	1.91423507761179	0.561419693544208	2	NEUT	1	1
JFCF_6_T_1J_11E	chr16	90024	24709089	20547	0.558824	-0.010945	3	HET	2	1	1	NA	NA	1.98477914551333	0.559236821030337	2	NEUT	1	1
JFCF_6_T_1J_11E	chr16	24710690	24719617	41	0.558824	0.30093	5	GAIN	3	1	2	1	1	2.46710726086174	0.559156113072196	3	GAIN	2	1
JFCF_6_T_1J_11E	chr16	24723166	32601914	4988	0.571429	-0.068563	3	HET	2	1	1	NA	NA	1.90652821535228	0.571950856120879	2	NEUT	1	1
JFCF_6_T_1J_11E	chr16	32601965	32623183	109	0.7	-0.159358	5	GAIN	3	1	2	1	1	1.78939024713452	0.701556841422573	3	GAIN	2	1
JFCF_6_T_1J_11E	chr16	32623998	33628663	157	0.653846	-0.070233	3	HET	2	1	1	NA	NA	1.90430646514643	0.654971301287484	2	NEUT	1	1
JFCF_6_T_1J_11E	chr16	33892028	34181836	1473	0.695122	0.353264	5	GAIN	3	1	2	1	1	2.55875955989404	0.696184175327109	3	GAIN	2	1
JFCF_6_T_1J_11E	chr16	34181917	34182602	23	0.556962	-0.128609	3	HET	2	1	1	NA	NA	1.82823796202037	0.557395982238405	2	NEUT	1	1
JFCF_6_T_1J_11E	chr16	34182983	34196582	380	0.6875	-0.112542	5	GAIN	3	1	2	1	1	1.84886846465603	0.688912585375432	3	GAIN	2	1
JFCF_6_T_1J_11E	chr16	34196615	34326140	42	0.590302	-0.112542	3	HET	2	1	1	NA	NA	1.84886846465603	0.590982316184385	2	NEUT	1	1
JFCF_6_T_1J_11E	chr16	46440037	72149061	15794	0.659091	0.536315	5	GAIN	3	1	2	1	1	2.90679861415068	0.659853342471475	3	GAIN	2	1
JFCF_6_T_1J_11E	chr16	72152755	73279680	774	1	-0.984493	1	DLOH	1	0	1	1	1	1.00391737780379	1	1	HETD	1	0
JFCF_6_T_1J_11E	chr16	73281536	73281592	4	0.574074	-1.131233	5	GAIN	3	1	2	1	1	0.905480728073834	0.575213478235446	3	GAIN	2	1
JFCF_6_T_1J_11E	chr16	73284076	78369937	5103	1	-1.002086	1	DLOH	1	0	1	1	1	0.991580584936141	1	1	HETD	1	0
JFCF_6_T_1J_11E	chr16	78370711	78389789	41	1	-0.566243	4	ALOH	3	0	3	1	1	1.34622483216235	1	3	GAIN	3	0
JFCF_6_T_1J_11E	chr16	78390063	81576629	3079	1	-1.047753	1	DLOH	1	0	1	1	1	0.960250706173854	1	1	HETD	1	0
JFCF_6_T_1J_11E	chr16	81591921	81704033	42	0.783333	1.184526	7	ASCNA	4	1	3	1	1	4.56350414936075	0.784197804934215	4	AMP	3	1
JFCF_6_T_1J_11E	chr16	81717709	84059859	3337	0.788462	1.275312	10	ASCNA	5	1	4	1	1	4.86080945621647	0.789288607729081	5	HLAMP	4	1
JFCF_6_T_1J_11E	chr16	84060995	84069756	43	0.782051	1.119625	7	ASCNA	4	1	3	1	1	4.36214706933192	0.782951630786945	4	AMP	3	1
JFCF_6_T_1J_11E	chr16	84070036	84098815	68	0.785848	1.17486	10	ASCNA	5	1	4	1	1	4.53293803771357	0.786726364598863	5	HLAMP	4	1
JFCF_6_T_1J_11E	chr16	84100602	84109997	19	0.784946	-0.209865	5	GAIN	3	1	2	1	1	1.72735053621918	0.787243743436619	3	GAIN	2	1
JFCF_6_T_1J_11E	chr16	84112158	84348112	63	0.791667	1.282467	10	ASCNA	5	1	4	1	1	4.88504561544775	0.792498645266095	5	HLAMP	4	1
JFCF_6_T_1J_11E	chr16	84360719	90149922	5782	1	-0.983749	1	DLOH	1	0	1	1	1	1.00444241807226	1	1	HETD	1	0
JFCF_6_T_1J_11E	chr17	1665	16070435	13840	0.56	-0.009356	3	HET	2	1	1	NA	NA	1.9869817571408	0.560420607312756	2	NEUT	1	1
JFCF_6_T_1J_11E	chr17	16071468	16148926	86	0.576923	0.225068	5	GAIN	3	1	2	1	1	2.34001634102983	0.577380885374435	3	GAIN	2	1
JFCF_6_T_1J_11E	chr17	16150158	21250685	3967	0.583333	-0.045231	3	HET	2	1	1	NA	NA	1.93783933590657	0.583931988794522	2	NEUT	1	1
JFCF_6_T_1J_11E	chr17	21250712	21254254	112	0.686502	-0.141895	5	GAIN	3	1	2	1	1	1.81135104042014	0.687936168954542	3	GAIN	2	1
JFCF_6_T_1J_11E	chr17	21254303	35616770	4581	0.558824	-0.019488	3	HET	2	1	1	NA	NA	1.97297865578282	0.559239290134762	2	NEUT	1	1
JFCF_6_T_1J_11E	chr17	35620210	40624656	3255	0.661972	0.607319	5	GAIN	3	1	2	1	1	3.05414189252054	0.662710703545128	3	GAIN	2	1
JFCF_6_T_1J_11E	chr17	40635401	41380777	144	0.554094	0.077962	3	HET	2	1	1	NA	NA	2.11182524989768	0.554450788269384	2	NEUT	1	1
JFCF_6_T_1J_11E	chr17	41381934	41463691	11	0.685714	0.038478	5	GAIN	3	1	2	1	1	2.05443603588797	0.686973132600452	3	GAIN	2	1
JFCF_6_T_1J_11E	chr17	41464440	48099946	3188	0.560976	0.041276	3	HET	2	1	1	NA	NA	2.0584513688567	0.561388608118357	2	NEUT	1	1
JFCF_6_T_1J_11E	chr17	48100584	48109168	42	0.551119	0.421619	5	GAIN	3	1	2	1	1	2.68358756658807	0.551384329798348	3	GAIN	2	1
JFCF_6_T_1J_11E	chr17	48111271	63959960	10142	0.555556	0.011306	3	HET	2	1	1	NA	NA	2.01584460541864	0.555939878126868	2	NEUT	1	1
JFCF_6_T_1J_11E	chr17	63960269	63969921	76	0.55102	0.304598	5	GAIN	3	1	2	1	1	2.47342323150744	0.55130731709535	3	GAIN	2	1
JFCF_6_T_1J_11E	chr17	63970037	78868771	13025	0.558824	-0.011882	3	HET	2	1	1	NA	NA	1.98348144819854	0.559237091119449	2	NEUT	1	1
JFCF_6_T_1J_11E	chr17	78879035	80109326	1235	0.64	-0.322724	5	GAIN	3	1	2	1	1	1.59632561379037	0.641221591499676	3	GAIN	2	1
JFCF_6_T_1J_11E	chr17	80109778	80119842	66	0.625313	-0.153788	3	HET	2	1	1	NA	NA	1.79636601321209	0.626284674366707	2	NEUT	1	1
JFCF_6_T_1J_11E	chr17	80120063	81102135	970	0.636364	-0.360077	5	GAIN	3	1	2	1	1	1.55516939754444	0.637585353774479	3	GAIN	2	1
JFCF_6_T_1J_11E	chr18	130168	208856	74	0.583333	0.052627	3	HET	2	1	1	NA	NA	2.07482099146114	0.583892442984512	2	NEUT	1	1
JFCF_6_T_1J_11E	chr18	213151	1128178	832	1	-0.955425	1	DLOH	1	0	1	1	1	1.02463335180549	1	1	HETD	1	0
JFCF_6_T_1J_11E	chr18	1158717	1189998	3	1	-0.906922	5	GAIN	3	1	2	1	1	1.06014309348736	1	3	GAIN	2	1
JFCF_6_T_1J_11E	chr18	1193210	1230398	58	0.555556	0.027126	3	HET	2	1	1	NA	NA	2.03822474860431	0.555935663063023	2	NEUT	1	1
JFCF_6_T_1J_11E	chr18	1230949	1232570	9	1	-0.146527	2	NLOH	2	0	2	1	1	1.80550008870832	1	2	NEUT	2	0
JFCF_6_T_1J_11E	chr18	1232761	1575239	288	0.553191	0.011272	3	HET	2	1	1	NA	NA	2.01579677029972	0.55355854528743	2	NEUT	1	1
JFCF_6_T_1J_11E	chr18	1610559	4289190	2934	1	-0.95861	1	DLOH	1	0	1	1	1	1.02234307400082	1	1	HETD	1	0
JFCF_6_T_1J_11E	chr18	4305905	11958300	6397	0.558824	0.006389	3	HET	2	1	1	NA	NA	2.00893849695767	0.559231856473995	2	NEUT	1	1
JFCF_6_T_1J_11E	chr18	11959792	11967481	19	0.583333	0.353911	5	GAIN	3	1	2	1	1	2.55991358256642	0.583786430950051	3	GAIN	2	1
JFCF_6_T_1J_11E	chr18	11972308	13909848	1300	0.564103	0.012129	3	HET	2	1	1	NA	NA	2.01700284065578	0.564545681419138	2	NEUT	1	1
JFCF_6_T_1J_11E	chr18	13910730	13918503	28	0.571429	-0.340606	5	GAIN	3	1	2	1	1	1.57648992113774	0.572060106742561	3	GAIN	2	1
JFCF_6_T_1J_11E	chr18	13921536	50946260	18065	0.55814	-0.045645	3	HET	2	1	1	NA	NA	1.93727933109951	0.558558024976361	2	NEUT	1	1
JFCF_6_T_1J_11E	chr18	50953078	50959356	4	0.524585	2.975943	5	GAIN	3	1	2	1	1	15.8310716409673	0.524606631136951	3	GAIN	2	1
JFCF_6_T_1J_11E	chr18	50960222	75429331	18940	0.558824	-0.059468	3	HET	2	1	1	NA	NA	1.91867335324964	0.559251044327506	2	NEUT	1	1
JFCF_6_T_1J_11E	chr18	75430548	75795605	325	0.641026	0.438516	5	GAIN	3	1	2	1	1	2.71536690979648	0.641749419340243	3	GAIN	2	1
JFCF_6_T_1J_11E	chr18	75798241	75877461	168	0.560976	-0.127262	3	HET	2	1	1	NA	NA	1.82995873984925	0.56144012726557	2	NEUT	1	1
JFCF_6_T_1J_11E	chr18	75885067	75899991	91	0.586207	-0.323682	5	GAIN	3	1	2	1	1	1.59525670331624	0.586959716441275	3	GAIN	2	1
JFCF_6_T_1J_11E	chr18	75900079	77832175	1767	0.566667	-0.12164	3	HET	2	1	1	NA	NA	1.83715815545972	0.567172456535064	2	NEUT	1	1
JFCF_6_T_1J_11E	chr19	260301	3120739	2452	0.564103	-0.01774	3	HET	2	1	1	NA	NA	1.97538749434961	0.564555007356764	2	NEUT	1	1
JFCF_6_T_1J_11E	chr19	3125097	3139847	46	0.580128	0.343565	5	GAIN	3	1	2	1	1	2.5415218087783	0.580567146990315	3	GAIN	2	1
JFCF_6_T_1J_11E	chr19	3140124	7759280	4334	0.566667	-0.01884	3	HET	2	1	1	NA	NA	1.97387129442615	0.567137447895081	2	NEUT	1	1
JFCF_6_T_1J_11E	chr19	7760020	7769566	32	0.577381	-0.338615	5	GAIN	3	1	2	1	1	1.57868630356555	0.578063744083398	3	GAIN	2	1
JFCF_6_T_1J_11E	chr19	7770220	8999453	975	0.5625	-0.041929	3	HET	2	1	1	NA	NA	1.94231160461857	0.562948208987693	2	NEUT	1	1
JFCF_6_T_1J_11E	chr19	8999478	9039972	91	0.690476	-0.261467	5	GAIN	3	1	2	1	1	1.66616950922255	0.692068357318286	3	GAIN	2	1
JFCF_6_T_1J_11E	chr19	9040440	32877259	16152	0.564103	-0.024671	3	HET	2	1	1	NA	NA	1.96585333429755	0.564557199539878	2	NEUT	1	1
JFCF_6_T_1J_11E	chr19	32880580	32959425	53	0.660714	0.650827	5	GAIN	3	1	2	1	1	3.14807637195847	0.661425095448965	3	GAIN	2	1
JFCF_6_T_1J_11E	chr19	32963954	41962076	7103	0.560976	0.024507	3	HET	2	1	1	NA	NA	2.03450274566069	0.561393465028172	2	NEUT	1	1
JFCF_6_T_1J_11E	chr19	41974301	41979360	11	0.574468	0.436691	5	GAIN	3	1	2	1	1	2.71191655074679	0.574850483598834	3	GAIN	2	1
JFCF_6_T_1J_11E	chr19	41980606	48782636	3716	0.5625	0.03415	3	HET	2	1	1	NA	NA	2.04824036084258	0.562925028983284	2	NEUT	1	1
JFCF_6_T_1J_11E	chr19	48792132	48877636	10	0.627477	0.488911	5	GAIN	3	1	2	1	1	2.8123890421942	0.628108358287785	3	GAIN	2	1
JFCF_6_T_1J_11E	chr19	48920058	59089308	8904	0.5625	0.000582	3	HET	2	1	1	NA	NA	2.00081260632925	0.562935103974923	2	NEUT	1	1
JFCF_6_T_1J_11E	chr20	68749	569164	506	0.567117	-0.004217	3	HET	2	1	1	NA	NA	1.99412187730135	0.567585813691478	2	NEUT	1	1
JFCF_6_T_1J_11E	chr20	571306	580065	6	0.602011	-1.302647	5	GAIN	3	1	2	1	1	0.802481045554916	0.603781645704619	3	GAIN	2	1
JFCF_6_T_1J_11E	chr20	581483	16238370	12309	0.560976	-0.072646	3	HET	2	1	1	NA	NA	1.90110077491738	0.561422758928952	2	NEUT	1	1
JFCF_6_T_1J_11E	chr20	16240286	16249746	30	0.594118	-0.352158	5	GAIN	3	1	2	1	1	1.56380591096093	0.594956318958999	3	GAIN	2	1
JFCF_6_T_1J_11E	chr20	16250024	25348557	5720	0.560976	-0.092415	3	HET	2	1	1	NA	NA	1.87503842589788	0.561428968714828	2	NEUT	1	1
JFCF_6_T_1J_11E	chr20	30370566	50347120	11970	0.74013	0.965502	7	ASCNA	4	1	3	1	1	3.91875649967702	0.740983527642684	4	AMP	3	1
JFCF_6_T_1J_11E	chr20	50355853	50413563	47	0.5625	1.315706	11	UBCNA	5	2	3	1	1	4.99922591334205	0.562674139263394	5	HLAMP	3	2
JFCF_6_T_1J_11E	chr20	50415961	53419953	2970	0.741935	0.971811	7	ASCNA	4	1	3	1	1	3.9359920497617	0.742791177749208	4	AMP	3	1
JFCF_6_T_1J_11E	chr20	53430930	53438784	6	0.744867	1.854625	18	UBCNA	7	2	5	1	1	7.26960092536075	0.74533617961949	7	HLAMP	5	2
JFCF_6_T_1J_11E	chr20	53441234	53829351	577	0.737705	0.919959	7	ASCNA	4	1	3	1	1	3.79654855517818	0.738577105061321	4	AMP	3	1
JFCF_6_T_1J_11E	chr20	53850067	54834133	567	0.649123	0.532655	5	GAIN	3	1	2	1	1	2.89939835663927	0.64983940101452	3	GAIN	2	1
JFCF_6_T_1J_11E	chr20	54835015	54839615	7	1	-0.14634	2	NLOH	2	0	2	1	1	1.80573593570178	1	2	NEUT	2	0
JFCF_6_T_1J_11E	chr20	54840706	54848977	25	1	-0.903166	1	DLOH	1	0	1	1	1	1.06294304124479	1	1	HETD	1	0
JFCF_6_T_1J_11E	chr20	54850686	54859571	19	1	-0.422164	4	ALOH	3	0	3	1	1	1.48907497693519	1	3	GAIN	3	0
JFCF_6_T_1J_11E	chr20	54861043	54997400	158	1	-0.88835	1	DLOH	1	0	1	1	1	1.07405914173767	1	1	HETD	1	0
JFCF_6_T_1J_11E	chr20	55000949	55409297	166	0.652618	0.502355	5	GAIN	3	1	2	1	1	2.83884966660505	0.653366829270282	3	GAIN	2	1
JFCF_6_T_1J_11E	chr20	55410084	62892853	6105	1	-1.008511	1	DLOH	1	0	1	1	1	0.987112534147494	1	1	HETD	1	0
JFCF_6_T_1J_11E	chr21	15412891	42839038	19397	0.557692	0.028904	3	HET	2	1	1	NA	NA	2.04075541415259	0.558085771324115	2	NEUT	1	1
JFCF_6_T_1J_11E	chr21	42840580	42849258	24	0.588558	-0.364733	5	GAIN	3	1	2	1	1	1.55011361951993	0.58935376295258	3	GAIN	2	1
JFCF_6_T_1J_11E	chr21	42850075	44369566	1904	0.5625	-0.031779	3	HET	2	1	1	NA	NA	1.9561231537225	0.562945044329869	2	NEUT	1	1
JFCF_6_T_1J_11E	chr21	44370143	44379846	17	0.541667	0.451891	5	GAIN	3	1	2	1	1	2.74078743780264	0.54187875629324	3	GAIN	2	1
JFCF_6_T_1J_11E	chr21	44380325	47575790	2700	0.5625	-0.009646	3	HET	2	1	1	NA	NA	1.98657958912728	0.562938221314089	2	NEUT	1	1
JFCF_6_T_1J_11E	chr21	47592077	47888340	7	0.965517	0.007805	2	NLOH	2	0	2	1	1	2.01092490879228	0.968741475936976	2	NEUT	2	0
JFCF_6_T_1J_11E	chr21	47912508	48097610	36	0.54097	0.009956	3	HET	2	1	1	NA	NA	2.0139461358172	0.541253359359115	2	NEUT	1	1
JFCF_6_T_1J_11E	chr22	17046497	17046631	18	0.732051	-0.620199	5	GAIN	3	1	2	1	1	1.29629531633961	0.734544440107826	3	GAIN	2	1
JFCF_6_T_1J_11E	chr22	17409897	44838812	19455	0.56	-0.000301	3	HET	2	1	1	NA	NA	1.99957986312125	0.560417957328327	2	NEUT	1	1
JFCF_6_T_1J_11E	chr22	44840686	44846656	35	0.545455	-0.336949	5	GAIN	3	1	2	1	1	1.58052649125293	0.545855589287418	3	GAIN	2	1
JFCF_6_T_1J_11E	chr22	44850440	48199780	3042	0.56	-0.041144	3	HET	2	1	1	NA	NA	1.94337632493962	0.560430044889732	2	NEUT	1	1
JFCF_6_T_1J_11E	chr22	48200547	48209939	20	0.600869	-0.37847	5	GAIN	3	1	2	1	1	1.53529185346076	0.601784137218454	3	GAIN	2	1
JFCF_6_T_1J_11E	chr22	48210427	48839707	494	0.56	-0.125432	3	HET	2	1	1	NA	NA	1.83229912048066	0.560456114969453	2	NEUT	1	1
JFCF_6_T_1J_11E	chr22	48840428	48849457	23	0.565217	-0.355848	5	GAIN	3	1	2	1	1	1.5597756740489	0.565799395650553	3	GAIN	2	1
JFCF_6_T_1J_11E	chr22	48850674	51179770	3246	0.565217	-0.047442	3	HET	2	1	1	NA	NA	1.93485044735184	0.565686497045442	2	NEUT	1	1
JFCF_6_T_1J_11E	chrX	2832050	15285217	209	0.636364	-0.06361	3	HET	2	1	1	NA	NA	1.91313277909095	0.637356828116482	2	HLAMP	1	1
JFCF_6_T_1J_11E	chrX	19913852	41795999	26	1	0.075492	2	NLOH	2	0	2	1	1	2.10818891605303	1	2	HLAMP	2	0
JFCF_6_T_1J_11E	chrX	44348415	88459836	326	0.622845	0.031012	3	HET	2	1	1	NA	NA	2.04375981942263	0.623682234423916	2	HLAMP	1	1
JFCF_6_T_1J_11E	chrX	90606104	100438932	17	0.961538	0.144627	2	NLOH	2	0	2	1	1	2.21235835982631	0.964443838252842	2	HLAMP	2	0
JFCF_6_T_1J_11E	chrX	100439002	154871281	152	0.717143	0.091775	3	HET	2	1	1	NA	NA	2.13227590611527	0.718561475642335	2	HLAMP	1	1
