Sample	Chromosome	Start_Position.bp.	End_Position.bp.	Length.snp.	Median_Ratio	Median_logR	TITAN_state	TITAN_call	Copy_Number	MinorCN	MajorCN	Clonal_Cluster	Cellular_Prevalence	logR_Copy_Number	Corrected_Ratio	Corrected_Copy_Number	Corrected_Call	Corrected_MajorCN	Corrected_MinorCN
JFCF_6_T_1_P_TEL	chr1	821038	16139916	11141	0.56	-0.013622	3	HET	2	1	1	NA	NA	1.98107651633096	0.560413336933984	2	NEUT	1	1
JFCF_6_T_1_P_TEL	chr1	16140272	16178917	41	0.558824	0.374946	5	GAIN	3	1	2	1	1	2.59763249557577	0.559133051643598	3	GAIN	2	1
JFCF_6_T_1_P_TEL	chr1	16181979	17231066	809	0.565217	0.076486	3	HET	2	1	1	NA	NA	2.10963621030198	0.565638897992844	2	NEUT	1	1
JFCF_6_T_1_P_TEL	chr1	17231081	17231134	10	0.958723	-0.080605	2	NLOH	2	0	2	1	1	1.89058040015716	0.962034384242461	2	NEUT	2	0
JFCF_6_T_1_P_TEL	chr1	17231206	33388266	11334	0.558824	0.041466	3	HET	2	1	1	NA	NA	2.05871610829786	0.559213953033828	2	NEUT	1	1
JFCF_6_T_1_P_TEL	chr1	33390691	33390719	6	0.978261	0.161524	2	NLOH	2	0	2	1	1	2.23855282634068	0.981176760399315	2	NEUT	2	0
JFCF_6_T_1_P_TEL	chr1	33397467	39418915	3553	0.56	0.024298	3	HET	2	1	1	NA	NA	2.03420123509812	0.560402542324289	2	NEUT	1	1
JFCF_6_T_1_P_TEL	chr1	39420199	39442538	34	0.557778	0.415504	5	GAIN	3	1	2	1	1	2.67208414573844	0.558073098218365	3	GAIN	2	1
JFCF_6_T_1_P_TEL	chr1	39447216	45378752	4235	0.555556	0.074557	3	HET	2	1	1	NA	NA	2.10679910527918	0.555915883600818	2	NEUT	1	1
JFCF_6_T_1_P_TEL	chr1	45380077	45388132	17	0.567568	0.584419	5	GAIN	3	1	2	1	1	3.00568609170401	0.567874797386401	3	GAIN	2	1
JFCF_6_T_1_P_TEL	chr1	45391661	53199594	3034	0.555556	0.049082	3	HET	2	1	1	NA	NA	2.06968506159823	0.555922337111997	2	NEUT	1	1
JFCF_6_T_1_P_TEL	chr1	53200504	53209815	19	0.53125	0.478488	5	GAIN	3	1	2	1	1	2.79193271309865	0.531402756355206	3	GAIN	2	1
JFCF_6_T_1_P_TEL	chr1	53210163	53259930	64	0.550362	0.248916	3	HET	2	1	1	NA	NA	2.37919784915765	0.550650886084966	2	NEUT	1	1
JFCF_6_T_1_P_TEL	chr1	53260537	53268313	5	0.571429	1.112207	8	BCNA	4	2	2	1	1	4.3393770820758	0.571653647397781	4	AMP	2	2
JFCF_6_T_1_P_TEL	chr1	53270010	144909562	42860	0.555556	0.00204	3	HET	2	1	1	NA	NA	2.00284935243361	0.555934561895974	2	NEUT	1	1
JFCF_6_T_1_P_TEL	chr1	144909593	144909956	3	1	-0.428453	2	NLOH	2	0	2	1	1	1.48260965406422	1	2	NEUT	2	0
JFCF_6_T_1_P_TEL	chr1	144910362	144997834	219	0.666667	-0.220919	3	HET	2	1	1	NA	NA	1.71409971022693	0.667993990304893	2	NEUT	1	1
JFCF_6_T_1_P_TEL	chr1	144997905	144997905	1	1	-0.186044	2	NLOH	2	0	2	1	1	1.75637432621875	1	2	NEUT	2	0
JFCF_6_T_1_P_TEL	chr1	144998092	145026541	202	0.666667	-0.279354	3	HET	2	1	1	NA	NA	1.64551724980541	0.668049297084615	2	NEUT	1	1
JFCF_6_T_1_P_TEL	chr1	145026794	145026833	3	1	-0.336217	2	NLOH	2	0	2	1	1	1.58139420622477	1	2	NEUT	2	0
JFCF_6_T_1_P_TEL	chr1	145027133	145060647	179	0.654135	-0.336217	3	HET	2	1	1	NA	NA	1.58139420622477	0.655465195078242	2	NEUT	1	1
JFCF_6_T_1_P_TEL	chr1	145060768	145060768	1	1	-0.154658	2	NLOH	2	0	2	1	1	1.79530327620011	1	2	NEUT	2	0
JFCF_6_T_1_P_TEL	chr1	145060784	145086972	172	0.680164	-0.165853	3	HET	2	1	1	NA	NA	1.78132053270445	0.681544321188873	2	NEUT	1	1
JFCF_6_T_1_P_TEL	chr1	145086975	145087330	2	1	-0.419605	2	NLOH	2	0	2	1	1	1.49181434609202	1	2	NEUT	2	0
JFCF_6_T_1_P_TEL	chr1	145087425	145119567	188	0.590036	-0.299132	3	HET	2	1	1	NA	NA	1.62292685244215	0.590793131751982	2	NEUT	1	1
JFCF_6_T_1_P_TEL	chr1	145390305	147389723	728	1	-1.041275	1	DLOH	1	0	1	1	1	0.964779504204786	1	1	HETD	1	0
JFCF_6_T_1_P_TEL	chr1	147389731	147389996	16	0.596894	-1.013444	3	HET	2	1	1	NA	NA	0.983837553037651	0.59823808799634	2	NEUT	1	1
JFCF_6_T_1_P_TEL	chr1	147714243	147829352	51	1	-0.973162	1	DLOH	1	0	1	1	1	1.01208115292491	1	1	HETD	1	0
JFCF_6_T_1_P_TEL	chr1	149110543	149223208	379	0.652174	-0.378842	3	HET	2	1	1	NA	NA	1.53495743663577	0.653527001669231	2	NEUT	1	1
JFCF_6_T_1_P_TEL	chr1	149223296	149223446	8	0.904762	-0.573597	1	DLOH	1	0	1	1	1	1.3394015514368	0.908886232579989	1	HETD	1	0
JFCF_6_T_1_P_TEL	chr1	149223485	149239996	185	0.612903	-0.573597	3	HET	2	1	1	NA	NA	1.3394015514368	0.614053400064676	2	NEUT	1	1
JFCF_6_T_1_P_TEL	chr1	149852738	155660853	1257	1	-0.894884	1	DLOH	1	0	1	1	1	1.06927284796937	1	1	HETD	1	0
JFCF_6_T_1_P_TEL	chr1	155662172	155662889	48	0.683373	-0.856991	3	HET	2	1	1	NA	NA	1.0980930437973	0.685652032208661	2	NEUT	1	1
JFCF_6_T_1_P_TEL	chr1	155662912	161389646	3474	1	-0.976123	1	DLOH	1	0	1	1	1	1.00997809724119	1	1	HETD	1	0
JFCF_6_T_1_P_TEL	chr1	161655897	181217079	12620	0.555556	0.006009	3	HET	2	1	1	NA	NA	2.00840457734783	0.555933514797945	2	NEUT	1	1
JFCF_6_T_1_P_TEL	chr1	181217185	181217300	16	0.919986	0.045715	2	NLOH	2	0	2	1	1	2.06482859393853	0.92276190769717	2	NEUT	2	0
JFCF_6_T_1_P_TEL	chr1	181217855	215379943	22249	0.558824	0.020635	3	HET	2	1	1	NA	NA	2.0290083460736	0.559219662538192	2	NEUT	1	1
JFCF_6_T_1_P_TEL	chr1	215380352	215389609	9	0.529412	1.775262	19	UBCNA	7	3	4	1	1	6.8790713579595	0.529470351087701	7	HLAMP	4	3
JFCF_6_T_1_P_TEL	chr1	215390579	218282056	2484	0.56	0.017618	3	HET	2	1	1	NA	NA	2.02474115632172	0.560404423099067	2	NEUT	1	1
JFCF_6_T_1_P_TEL	chr1	218284056	218439928	196	0.571429	0.330135	5	GAIN	3	1	2	1	1	2.51777121413524	0.571816179646826	3	GAIN	2	1
JFCF_6_T_1_P_TEL	chr1	218440455	224299719	2883	0.5625	0.11681	3	HET	2	1	1	NA	NA	2.16982014888518	0.562893106742467	2	NEUT	1	1
JFCF_6_T_1_P_TEL	chr1	224300026	224513972	123	0.584906	0.387746	5	GAIN	3	1	2	1	1	2.62090359462323	0.585348121411689	3	GAIN	2	1
JFCF_6_T_1_P_TEL	chr1	224540494	225519481	554	0.568182	0.187616	3	HET	2	1	1	NA	NA	2.2796557780555	0.56859018277595	2	NEUT	1	1
JFCF_6_T_1_P_TEL	chr1	225520055	225567813	73	0.555556	0.374929	5	GAIN	3	1	2	1	1	2.59760172573342	0.555847885565326	3	GAIN	2	1
JFCF_6_T_1_P_TEL	chr1	225581516	225676330	88	0.56119	0.228495	3	HET	2	1	1	NA	NA	2.34556628529977	0.561546030296393	2	NEUT	1	1
JFCF_6_T_1_P_TEL	chr1	225680242	225803307	41	0.567568	0.352066	5	GAIN	3	1	2	1	1	2.55654632197471	0.567928696236697	3	GAIN	2	1
JFCF_6_T_1_P_TEL	chr1	225814140	225959926	107	0.563636	0.311827	3	HET	2	1	1	NA	NA	2.48585012927591	0.563985367212396	2	NEUT	1	1
JFCF_6_T_1_P_TEL	chr1	225960250	226546999	328	0.596895	0.429001	5	GAIN	3	1	2	1	1	2.69732815993506	0.597385254731539	3	GAIN	2	1
JFCF_6_T_1_P_TEL	chr1	226550191	226578047	38	0.584119	0.237814	3	HET	2	1	1	NA	NA	2.36085480653138	0.584605271745312	2	NEUT	1	1
JFCF_6_T_1_P_TEL	chr1	226580021	226604893	53	0.613636	0.388653	5	GAIN	3	1	2	1	1	2.6225604168184	0.61422735006558	3	GAIN	2	1
JFCF_6_T_1_P_TEL	chr1	226609339	226896844	142	0.587221	0.261337	3	HET	2	1	1	NA	NA	2.39988818538108	0.587717002958668	2	NEUT	1	1
JFCF_6_T_1_P_TEL	chr1	226903535	227059606	95	0.583333	0.390532	5	GAIN	3	1	2	1	1	2.62599611302355	0.583766088997785	3	GAIN	2	1
JFCF_6_T_1_P_TEL	chr1	227060676	227179054	94	0.594229	0.218201	3	HET	2	1	1	NA	NA	2.32879260163136	0.594781214724493	2	NEUT	1	1
JFCF_6_T_1_P_TEL	chr1	227180858	227790570	980	0.592593	0.393337	5	GAIN	3	1	2	1	1	2.63113330612461	0.593073274486623	3	GAIN	2	1
JFCF_6_T_1_P_TEL	chr1	227801615	227828393	16	0.588889	0.166999	3	HET	2	1	1	NA	NA	2.24711612199391	0.589428854490268	2	NEUT	1	1
JFCF_6_T_1_P_TEL	chr1	227830181	228019842	112	0.595238	0.330926	5	GAIN	3	1	2	1	1	2.51915951949313	0.595753951418541	3	GAIN	2	1
JFCF_6_T_1_P_TEL	chr1	228020967	228629759	290	0.589744	0.290011	3	HET	2	1	1	NA	NA	2.44833781797	0.590244251379508	2	NEUT	1	1
JFCF_6_T_1_P_TEL	chr1	228630395	228859847	108	0.601887	0.368069	5	GAIN	3	1	2	1	1	2.58521473584651	0.602424868815228	3	GAIN	2	1
JFCF_6_T_1_P_TEL	chr1	228862525	229565227	468	0.6	0.262108	3	HET	2	1	1	NA	NA	2.40117836335139	0.600568368226858	2	NEUT	1	1
JFCF_6_T_1_P_TEL	chr1	229596784	229789328	18	0.61257	0.412043	5	GAIN	3	1	2	1	1	2.66564884490022	0.613146333602688	3	GAIN	2	1
JFCF_6_T_1_P_TEL	chr1	229790048	231445207	877	0.59375	0.232727	3	HET	2	1	1	NA	NA	2.3524969606975	0.594293871646628	2	NEUT	1	1
JFCF_6_T_1_P_TEL	chr1	231451407	231739138	142	0.6	0.385797	5	GAIN	3	1	2	1	1	2.61734686697498	0.600521426298504	3	GAIN	2	1
JFCF_6_T_1_P_TEL	chr1	231740539	232278942	327	0.586207	0.22799	3	HET	2	1	1	NA	NA	2.34474061220129	0.586708766819717	2	NEUT	1	1
JFCF_6_T_1_P_TEL	chr1	232281123	232309854	51	0.609756	0.36015	5	GAIN	3	1	2	1	1	2.57098857596604	0.610338615906236	3	GAIN	2	1
JFCF_6_T_1_P_TEL	chr1	232310414	232799906	466	0.595238	0.230855	3	HET	2	1	1	NA	NA	2.3494287100509	0.595791225523317	2	NEUT	1	1
JFCF_6_T_1_P_TEL	chr1	232800748	232806975	16	0.603989	0.439735	5	GAIN	3	1	2	1	1	2.71757369716837	0.604511228157747	3	GAIN	2	1
JFCF_6_T_1_P_TEL	chr1	232810610	234238529	1066	0.6	0.222859	3	HET	2	1	1	NA	NA	2.33636781262107	0.600584134690341	2	NEUT	1	1
JFCF_6_T_1_P_TEL	chr1	234239164	234249790	26	0.571429	0.475717	5	GAIN	3	1	2	1	1	2.78654917647496	0.571778834044813	3	GAIN	2	1
JFCF_6_T_1_P_TEL	chr1	234250079	234320816	142	0.6	0.286674	3	HET	2	1	1	NA	NA	2.44264974759765	0.600558718453225	2	NEUT	1	1
JFCF_6_T_1_P_TEL	chr1	234330097	234339908	26	0.604715	0.387146	5	GAIN	3	1	2	1	1	2.61980814341922	0.60526049857757	3	GAIN	2	1
JFCF_6_T_1_P_TEL	chr1	234341779	234359961	30	0.591373	0.126883	3	HET	2	1	1	NA	NA	2.1851186218472	0.59194368581669	2	NEUT	1	1
JFCF_6_T_1_P_TEL	chr1	234361365	234399205	46	0.597619	0.380248	5	GAIN	3	1	2	1	1	2.60724677869285	0.598129982972179	3	GAIN	2	1
JFCF_6_T_1_P_TEL	chr1	234410063	234440156	76	0.609144	0.251121	3	HET	2	1	1	NA	NA	2.38285784523441	0.60976910927823	2	NEUT	1	1
JFCF_6_T_1_P_TEL	chr1	234446965	234747854	329	0.6	0.409011	5	GAIN	3	1	2	1	1	2.66002388884698	0.600513060613654	3	GAIN	2	1
JFCF_6_T_1_P_TEL	chr1	234751532	234758904	13	0.557692	0.017252	3	HET	2	1	1	NA	NA	2.02422409927612	0.558080965620461	2	NEUT	1	1
JFCF_6_T_1_P_TEL	chr1	234760600	234829747	79	0.604167	0.424468	5	GAIN	3	1	2	1	1	2.6888235441493	0.604695715530521	3	GAIN	2	1
JFCF_6_T_1_P_TEL	chr1	234830361	235159188	229	0.581395	0.262331	3	HET	2	1	1	NA	NA	2.40155165623806	0.581857551408911	2	NEUT	1	1
JFCF_6_T_1_P_TEL	chr1	235160328	236509287	857	0.59322	0.46288	5	GAIN	3	1	2	1	1	2.76174374332029	0.593680659395097	3	GAIN	2	1
JFCF_6_T_1_P_TEL	chr1	236510654	236589826	120	0.609756	0.23755	3	HET	2	1	1	NA	NA	2.36042033406959	0.610390589872613	2	NEUT	1	1
JFCF_6_T_1_P_TEL	chr1	236590110	236699616	177	0.588235	0.392777	5	GAIN	3	1	2	1	1	2.63010690080892	0.588692848401685	3	GAIN	2	1
JFCF_6_T_1_P_TEL	chr1	236700308	236736751	188	0.604167	0.249792	3	HET	2	1	1	NA	NA	2.38065121872533	0.604764157095269	2	NEUT	1	1
JFCF_6_T_1_P_TEL	chr1	236738781	236789960	117	0.604651	0.353368	5	GAIN	3	1	2	1	1	2.55886691141547	0.605209148673984	3	GAIN	2	1
JFCF_6_T_1_P_TEL	chr1	236790420	236918870	195	0.588235	0.218573	3	HET	2	1	1	NA	NA	2.32939667945774	0.588751953703684	2	NEUT	1	1
JFCF_6_T_1_P_TEL	chr1	236921400	236960003	55	0.588235	0.346411	5	GAIN	3	1	2	1	1	2.54649153052289	0.588707882091443	3	GAIN	2	1
JFCF_6_T_1_P_TEL	chr1	236961783	238414771	1354	0.589744	0.229842	3	HET	2	1	1	NA	NA	2.34777003933168	0.590265679870866	2	NEUT	1	1
JFCF_6_T_1_P_TEL	chr1	238415314	238430001	72	0.623311	0.423411	5	GAIN	3	1	2	1	1	2.68684428610515	0.623937344884671	3	GAIN	2	1
JFCF_6_T_1_P_TEL	chr1	238430343	238500020	123	0.583333	0.267462	3	HET	2	1	1	NA	NA	2.41015669739025	0.583804873893515	2	NEUT	1	1
JFCF_6_T_1_P_TEL	chr1	238501615	238508363	28	0.585366	0.405488	5	GAIN	3	1	2	1	1	2.65350286209115	0.585805055664815	3	GAIN	2	1
JFCF_6_T_1_P_TEL	chr1	238511280	238606077	162	0.6	0.270924	3	HET	2	1	1	NA	NA	2.41598002537243	0.600564886081182	2	NEUT	1	1
JFCF_6_T_1_P_TEL	chr1	238613141	238719888	75	0.571429	0.381218	5	GAIN	3	1	2	1	1	2.60900953676296	0.571802639787721	3	GAIN	2	1
JFCF_6_T_1_P_TEL	chr1	238720153	238730264	33	0.594595	0.199739	3	HET	2	1	1	NA	NA	2.29900765241362	0.595156541655299	2	NEUT	1	1
JFCF_6_T_1_P_TEL	chr1	238753312	238907766	262	0.607143	0.42405	5	GAIN	3	1	2	1	1	2.68804065570272	0.60768697906049	3	GAIN	2	1
JFCF_6_T_1_P_TEL	chr1	238908046	238960120	112	0.577778	0.264842	3	HET	2	1	1	NA	NA	2.40575895280833	0.578219223742403	2	NEUT	1	1
JFCF_6_T_1_P_TEL	chr1	238961310	238996905	54	0.579587	0.345665	5	GAIN	3	1	2	1	1	2.54516805606005	0.580013756243661	3	GAIN	2	1
JFCF_6_T_1_P_TEL	chr1	239000193	239019716	20	0.557778	0.201869	3	HET	2	1	1	NA	NA	2.30242458637989	0.558120476915593	2	NEUT	1	1
JFCF_6_T_1_P_TEL	chr1	239022010	239099617	87	0.596154	0.40151	5	GAIN	3	1	2	1	1	2.64615875274547	0.596649913205588	3	GAIN	2	1
JFCF_6_T_1_P_TEL	chr1	239100294	239129695	41	0.6	0.248213	3	HET	2	1	1	NA	NA	2.37803214159103	0.600573900354364	2	NEUT	1	1
JFCF_6_T_1_P_TEL	chr1	239130906	239178473	30	0.59778	0.370534	5	GAIN	3	1	2	1	1	2.58965896783716	0.598295301813046	3	GAIN	2	1
JFCF_6_T_1_P_TEL	chr1	239184146	239700321	524	0.590326	0.257003	3	HET	2	1	1	NA	NA	2.39264856273146	0.590841214501389	2	NEUT	1	1
JFCF_6_T_1_P_TEL	chr1	239728085	241249939	1282	0.6	0.417514	5	GAIN	3	1	2	1	1	2.67582858431478	0.600510030237642	3	GAIN	2	1
JFCF_6_T_1_P_TEL	chr1	241274907	241388393	140	0.588235	0.261739	3	HET	2	1	1	NA	NA	2.40056079914985	0.588736628719932	2	NEUT	1	1
JFCF_6_T_1_P_TEL	chr1	241390070	241399845	32	0.594643	0.430798	5	GAIN	3	1	2	1	1	2.70070701579662	0.595121261298542	3	GAIN	2	1
JFCF_6_T_1_P_TEL	chr1	241400004	241558794	187	0.595238	0.242428	3	HET	2	1	1	NA	NA	2.3684610516118	0.595786779945834	2	NEUT	1	1
JFCF_6_T_1_P_TEL	chr1	241561050	242243558	556	0.6	0.356311	5	GAIN	3	1	2	1	1	2.56412002252043	0.600532250236635	3	GAIN	2	1
JFCF_6_T_1_P_TEL	chr1	242278829	242599052	224	0.596154	0.189873	3	HET	2	1	1	NA	NA	2.28324630570303	0.596728736534684	2	NEUT	1	1
JFCF_6_T_1_P_TEL	chr1	242600263	242608887	21	0.607843	0.451375	5	GAIN	3	1	2	1	1	2.73969896281792	0.608380209060136	3	GAIN	2	1
JFCF_6_T_1_P_TEL	chr1	242610337	242830096	250	0.6	0.244137	3	HET	2	1	1	NA	NA	2.37128454213141	0.600575533414274	2	NEUT	1	1
JFCF_6_T_1_P_TEL	chr1	242840723	244383838	673	0.6	0.370317	5	GAIN	3	1	2	1	1	2.58926742630429	0.600527080932191	3	GAIN	2	1
JFCF_6_T_1_P_TEL	chr1	244384504	244416723	51	0.589286	0.299949	3	HET	2	1	1	NA	NA	2.46535574256528	0.589780262868001	2	NEUT	1	1
JFCF_6_T_1_P_TEL	chr1	244423136	245199983	625	0.6	0.374814	5	GAIN	3	1	2	1	1	2.59739358632191	0.600525431916031	3	GAIN	2	1
JFCF_6_T_1_P_TEL	chr1	245200068	245219203	40	0.6	-0.271741	3	HET	2	1	1	NA	NA	1.65429568660488	0.600824975546874	2	NEUT	1	1
JFCF_6_T_1_P_TEL	chr1	245222507	245319505	88	0.594595	0.332609	5	GAIN	3	1	2	1	1	2.52211593196356	0.595106867256505	3	GAIN	2	1
JFCF_6_T_1_P_TEL	chr1	245321162	245545009	208	0.605662	0.213513	3	HET	2	1	1	NA	NA	2.32119325697547	0.606283243331182	2	NEUT	1	1
JFCF_6_T_1_P_TEL	chr1	245548704	245565391	38	0.625	0.404546	5	GAIN	3	1	2	1	1	2.6517619289528	0.625643323913172	3	GAIN	2	1
JFCF_6_T_1_P_TEL	chr1	245565678	246188520	909	0.590909	0.238586	3	HET	2	1	1	NA	NA	2.36212576560593	0.591434240343741	2	NEUT	1	1
JFCF_6_T_1_P_TEL	chr1	246194044	246218677	33	0.617021	0.383176	5	GAIN	3	1	2	1	1	2.61257137668975	0.617632293606872	3	GAIN	2	1
JFCF_6_T_1_P_TEL	chr1	246220209	246309902	148	0.590326	0.24754	3	HET	2	1	1	NA	NA	2.37691671178407	0.59084462449792	2	NEUT	1	1
JFCF_6_T_1_P_TEL	chr1	246310557	247439964	992	0.6	0.383983	5	GAIN	3	1	2	1	1	2.61404081511207	0.600522085761193	3	GAIN	2	1
JFCF_6_T_1_P_TEL	chr1	247440133	247519784	87	0.59322	0.278903	3	HET	2	1	1	NA	NA	2.42945460248424	0.593743666176313	2	NEUT	1	1
JFCF_6_T_1_P_TEL	chr1	247519949	247579749	111	0.619048	0.355422	5	GAIN	3	1	2	1	1	2.56253207123706	0.619682025911918	3	GAIN	2	1
JFCF_6_T_1_P_TEL	chr1	247580568	247618751	32	0.6	0.205024	3	HET	2	1	1	NA	NA	2.30749509896467	0.600591443721532	2	NEUT	1	1
JFCF_6_T_1_P_TEL	chr1	247622318	247999930	446	0.598246	0.359212	5	GAIN	3	1	2	1	1	2.56930866396857	0.598767858557268	3	GAIN	2	1
JFCF_6_T_1_P_TEL	chr1	248000108	248499351	235	0.581395	0.164736	3	HET	2	1	1	NA	NA	2.24357268587991	0.581890121512736	2	NEUT	1	1
JFCF_6_T_1_P_TEL	chr1	248499555	248519532	66	0.621321	0.338455	5	GAIN	3	1	2	1	1	2.53241204307074	0.621974816421626	3	GAIN	2	1
JFCF_6_T_1_P_TEL	chr1	248520025	249209648	67	0.612245	0.05919	3	HET	2	1	1	NA	NA	2.0843328344707	0.612979943828601	2	NEUT	1	1
JFCF_6_T_1_P_TEL	chr2	11594	134980134	89181	0.56	-0.019284	3	HET	2	1	1	NA	NA	1.97326336541532	0.560414973544637	2	NEUT	1	1
JFCF_6_T_1_P_TEL	chr2	134980222	134980309	5	0.962963	0.08269	2	NLOH	2	0	2	1	1	2.11878659630514	0.965945038731568	2	NEUT	2	0
JFCF_6_T_1_P_TEL	chr2	134980942	162135255	17075	0.55814	-0.015417	3	HET	2	1	1	NA	NA	1.97859622559177	0.558541025569591	2	NEUT	1	1
JFCF_6_T_1_P_TEL	chr2	162135266	162135266	1	0.954178	-1.030157	1	DLOH	1	0	1	1	1	0.972348793030994	0.960552677630649	1	HETD	1	0
JFCF_6_T_1_P_TEL	chr2	162135292	162136238	6	0.780892	-1.030157	3	HET	2	1	1	NA	NA	0.972348793030994	0.78483449820341	2	NEUT	1	1
JFCF_6_T_1_P_TEL	chr2	162136457	162136457	1	0.910543	-1.030157	1	DLOH	1	0	1	1	1	0.972348793030994	0.916305232601578	1	HETD	1	0
JFCF_6_T_1_P_TEL	chr2	162136698	213049435	29295	0.557692	0.012617	3	HET	2	1	1	NA	NA	2.01768745918088	0.558082225740436	2	NEUT	1	1
JFCF_6_T_1_P_TEL	chr2	213052052	213057810	5	0.567568	1.038931	8	BCNA	4	2	2	1	1	4.12380332936527	0.567791613146318	4	AMP	2	2
JFCF_6_T_1_P_TEL	chr2	213061726	242999159	23408	0.55814	0.006984	3	HET	2	1	1	NA	NA	2.00977157944599	0.558534804905429	2	NEUT	1	1
JFCF_6_T_1_P_TEL	chr3	65982	37248864	30858	0.558824	-0.028418	3	HET	2	1	1	NA	NA	1.96072356044563	0.559233442008254	2	NEUT	1	1
JFCF_6_T_1_P_TEL	chr3	37270341	37299976	26	0.562403	0.464388	5	GAIN	3	1	2	1	1	2.76464628201473	0.562711049215961	3	GAIN	2	1
JFCF_6_T_1_P_TEL	chr3	37302282	56999641	9977	0.55814	0.027335	3	HET	2	1	1	NA	NA	2.03851667754316	0.558529237766411	2	NEUT	1	1
JFCF_6_T_1_P_TEL	chr3	57000267	57009307	11	0.566667	1.067848	8	BCNA	4	2	2	1	1	4.20757000055749	0.566883238876174	4	AMP	2	2
JFCF_6_T_1_P_TEL	chr3	57010367	196735772	91578	0.55814	-0.008848	3	HET	2	1	1	NA	NA	1.98768816026141	0.558539191228393	2	NEUT	1	1
JFCF_6_T_1_P_TEL	chr3	196745087	196747043	7	1	0.103708	2	NLOH	2	0	2	1	1	2.15008050699185	1	2	NEUT	2	0
JFCF_6_T_1_P_TEL	chr3	196749408	197794027	591	0.558824	0.130223	3	HET	2	1	1	NA	NA	2.19021490780421	0.559190540556984	2	NEUT	1	1
JFCF_6_T_1_P_TEL	chr4	40094	68603	98	0.784783	-0.693991	3	HET	2	1	1	NA	NA	1.23107154584792	0.787940075590747	2	NEUT	1	1
JFCF_6_T_1_P_TEL	chr4	72048	3523863	2589	1	-0.953545	1	DLOH	1	0	1	1	1	1.02612372151	1	1	HETD	1	0
JFCF_6_T_1_P_TEL	chr4	3580011	3635994	1212	0.627119	-0.605541	3	HET	2	1	1	NA	NA	1.30977172339296	0.628443552176822	2	NEUT	1	1
JFCF_6_T_1_P_TEL	chr4	3636271	5308759	1351	1	-1.030976	1	DLOH	1	0	1	1	1	0.971789214048319	1	1	HETD	1	0
JFCF_6_T_1_P_TEL	chr4	5310171	5319780	20	1	-0.028048	2	NLOH	2	0	2	1	1	1.96122998139284	1	2	NEUT	2	0
JFCF_6_T_1_P_TEL	chr4	5320018	33818536	22981	1	-1.012407	1	DLOH	1	0	1	1	1	0.984554796705328	1	1	HETD	1	0
JFCF_6_T_1_P_TEL	chr4	33836191	33863074	153	0.647059	-0.792997	3	HET	2	1	1	NA	NA	1.14851687453264	0.648806464819647	2	NEUT	1	1
JFCF_6_T_1_P_TEL	chr4	33886501	33974339	6	1	-0.866997	1	DLOH	1	0	1	1	1	1.0904090990252	1	1	HETD	1	0
JFCF_6_T_1_P_TEL	chr4	34007346	34009108	24	0.654509	-0.848973	3	HET	2	1	1	NA	NA	1.10428891468127	0.65641852470852	2	NEUT	1	1
JFCF_6_T_1_P_TEL	chr4	34026732	42759992	7579	1	-0.939514	1	DLOH	1	0	1	1	1	1.0362854007209	1	1	HETD	1	0
JFCF_6_T_1_P_TEL	chr4	42760181	42769801	16	1	-0.413695	2	NLOH	2	0	2	1	1	1.49799411952059	1	2	NEUT	2	0
JFCF_6_T_1_P_TEL	chr4	42770236	45014151	1552	1	-1.024255	1	DLOH	1	0	1	1	1	0.976390721338716	1	1	HETD	1	0
JFCF_6_T_1_P_TEL	chr4	45014878	45016449	96	0.642034	-0.905598	3	HET	2	1	1	NA	NA	1.06126045923743	0.643860520486404	2	NEUT	1	1
JFCF_6_T_1_P_TEL	chr4	45030550	48489885	1604	1	-0.986227	1	DLOH	1	0	1	1	1	1.00283412045039	1	1	HETD	1	0
JFCF_6_T_1_P_TEL	chr4	53666041	68264282	9093	0.558824	-0.029876	3	HET	2	1	1	NA	NA	1.95872925196069	0.55923385888755	2	NEUT	1	1
JFCF_6_T_1_P_TEL	chr4	68264417	68266049	14	0.743253	-0.000272	5	GAIN	3	1	2	1	1	1.99962039066783	0.744913217018928	3	GAIN	2	1
JFCF_6_T_1_P_TEL	chr4	68266082	151409932	47643	0.558824	-0.015799	3	HET	2	1	1	NA	NA	1.97806878469174	0.559229851706692	2	NEUT	1	1
JFCF_6_T_1_P_TEL	chr4	151411626	151419684	11	0.533333	2.711074	24	BCNA	8	4	4	1	1	13.1718963715722	0.533367536658016	13	HLAMP	7	6
JFCF_6_T_1_P_TEL	chr4	151430475	169067538	12843	0.55814	-0.046671	3	HET	2	1	1	NA	NA	1.93590114468188	0.558549869936044	2	NEUT	1	1
JFCF_6_T_1_P_TEL	chr4	169072888	169079335	7	0.543478	0.799751	8	BCNA	4	2	2	1	1	3.49171140176571	0.543647936015198	4	AMP	2	2
JFCF_6_T_1_P_TEL	chr4	169080031	190602047	19450	0.5625	-0.036994	3	HET	2	1	1	NA	NA	1.94902186365791	0.562937640514133	2	NEUT	1	1
JFCF_6_T_1_P_TEL	chr4	190602150	190602228	2	0.989899	-0.265842	2	NLOH	2	0	2	1	1	1.66112966042019	0.993923919820014	2	NEUT	2	0
JFCF_6_T_1_P_TEL	chr4	190602243	190937364	1996	0.661461	-0.413038	3	HET	2	1	1	NA	NA	1.49868267442091	0.662931321014632	2	NEUT	1	1
JFCF_6_T_1_P_TEL	chr5	31468	54949189	36786	0.55814	-0.024357	3	HET	2	1	1	NA	NA	1.96628898909953	0.558543535636296	2	NEUT	1	1
JFCF_6_T_1_P_TEL	chr5	54950112	54958962	45	0.558824	0.366249	5	GAIN	3	1	2	1	1	2.58193826577895	0.559134930204204	3	GAIN	2	1
JFCF_6_T_1_P_TEL	chr5	54960190	89147395	21600	0.555556	0.009422	3	HET	2	1	1	NA	NA	2.01319383169705	0.555932616715326	2	NEUT	1	1
JFCF_6_T_1_P_TEL	chr5	89150012	98525925	4302	0.666667	0.616734	5	GAIN	3	1	2	1	1	3.07407941328138	0.667406926784996	3	GAIN	2	1
JFCF_6_T_1_P_TEL	chr5	98531883	98569709	50	0.65	0.903409	8	BCNA	4	2	2	1	1	3.75284110700747	0.650545488118135	4	AMP	2	2
JFCF_6_T_1_P_TEL	chr5	98570327	135089973	23879	0.660714	0.545684	5	GAIN	3	1	2	1	1	2.92569843550788	0.661463684210541	3	GAIN	2	1
JFCF_6_T_1_P_TEL	chr5	135090120	135099974	17	0.635135	1.287571	11	UBCNA	5	2	3	1	1	4.90200240033872	0.63551122576988	5	HLAMP	3	2
JFCF_6_T_1_P_TEL	chr5	135100344	135114907	99	0.673913	1.070607	8	BCNA	4	2	2	1	1	4.21565035166524	0.674476017218434	4	AMP	2	2
JFCF_6_T_1_P_TEL	chr5	135120901	135125019	34	0.625626	1.192727	11	UBCNA	5	2	3	1	1	4.58923676495866	0.625999588312302	5	HLAMP	3	2
JFCF_6_T_1_P_TEL	chr5	135128590	135149952	36	0.691077	1.026828	7	ASCNA	4	1	3	1	1	4.08923877722269	0.691714705491354	4	AMP	3	1
JFCF_6_T_1_P_TEL	chr5	135150207	139649201	2453	0.658537	0.604728	5	GAIN	3	1	2	1	1	3.04849020446374	0.659246741246761	3	GAIN	2	1
JFCF_6_T_1_P_TEL	chr5	139650265	139673084	28	0.68882	0.876867	7	ASCNA	4	1	3	1	1	3.68418061301738	0.689519457439287	4	AMP	3	1
JFCF_6_T_1_P_TEL	chr5	139678061	158279381	11998	0.660714	0.576012	5	GAIN	3	1	2	1	1	2.98814272880698	0.661448017789967	3	GAIN	2	1
JFCF_6_T_1_P_TEL	chr5	158282326	158287543	2	0.67597	-0.954252	3	HET	2	1	1	NA	NA	1.02561430118023	0.67831157880929	2	NEUT	1	1
JFCF_6_T_1_P_TEL	chr5	158290225	180698630	16503	0.661017	0.553698	5	GAIN	3	1	2	1	1	2.94207158743328	0.661763917625785	3	GAIN	2	1
JFCF_6_T_1_P_TEL	chr6	202777	82060399	59886	0.564103	-0.001575	3	HET	2	1	1	NA	NA	1.99780288679441	0.564540905027906	2	NEUT	1	1
JFCF_6_T_1_P_TEL	chr6	82088037	82088106	9	0.966667	-0.20105	2	NLOH	2	0	2	1	1	1.73805909679851	0.970331348453435	2	NEUT	2	0
JFCF_6_T_1_P_TEL	chr6	82090953	87828837	2464	0.555556	0.007641	3	HET	2	1	1	NA	NA	2.01069324969932	0.555933085091583	2	NEUT	1	1
JFCF_6_T_1_P_TEL	chr6	87830755	87839742	18	0.580337	0.594808	5	GAIN	3	1	2	1	1	3.02750710680246	0.580699146799851	3	GAIN	2	1
JFCF_6_T_1_P_TEL	chr6	87840118	165339845	51231	0.558824	0.005527	3	HET	2	1	1	NA	NA	2.00772912876147	0.559223856026752	2	NEUT	1	1
JFCF_6_T_1_P_TEL	chr6	165340585	165348309	16	0.640484	0.526617	5	GAIN	3	1	2	1	1	2.88710692071567	0.641148076649664	3	GAIN	2	1
JFCF_6_T_1_P_TEL	chr6	165350044	166588221	1129	0.583333	0.124274	3	HET	2	1	1	NA	NA	2.1811459202095	0.583854418587468	2	NEUT	1	1
JFCF_6_T_1_P_TEL	chr6	166592113	166628089	82	0.604957	0.356587	5	GAIN	3	1	2	1	1	2.5646132188541	0.605515526450949	3	GAIN	2	1
JFCF_6_T_1_P_TEL	chr6	166640262	169369738	3185	0.586957	0.153476	3	HET	2	1	1	NA	NA	2.22602402073218	0.587490124836101	2	NEUT	1	1
JFCF_6_T_1_P_TEL	chr6	169383094	169418823	74	0.587907	0.360065	5	GAIN	3	1	2	1	1	2.57083630012714	0.588373662871258	3	GAIN	2	1
JFCF_6_T_1_P_TEL	chr6	169420733	169479271	65	0.586207	0.258073	3	HET	2	1	1	NA	NA	2.3944338962821	0.586698353318156	2	NEUT	1	1
JFCF_6_T_1_P_TEL	chr6	169480123	169539771	93	0.567568	0.361685	5	GAIN	3	1	2	1	1	2.57374004297335	0.567926286626419	3	GAIN	2	1
JFCF_6_T_1_P_TEL	chr6	169540055	170871490	1358	0.586207	0.216645	3	HET	2	1	1	NA	NA	2.32626755516631	0.586712751385919	2	NEUT	1	1
JFCF_6_T_1_P_TEL	chr7	50134	6389839	5742	0.55814	0.03549	3	HET	2	1	1	NA	NA	2.0501496195793	0.558527029156692	2	NEUT	1	1
JFCF_6_T_1_P_TEL	chr7	6390564	6400080	26	0.542857	0.470078	5	GAIN	3	1	2	1	1	2.7756255304342	0.543067724536239	3	GAIN	2	1
JFCF_6_T_1_P_TEL	chr7	6408094	7099830	88	0.561463	0.026409	3	HET	2	1	1	NA	NA	2.037199909773	0.561874750674426	2	NEUT	1	1
JFCF_6_T_1_P_TEL	chr7	7100414	7104895	29	0.535714	0.444365	5	GAIN	3	1	2	1	1	2.72635300754099	0.53589277657795	3	GAIN	2	1
JFCF_6_T_1_P_TEL	chr7	7124967	26318396	16544	0.55814	-0.014889	3	HET	2	1	1	NA	NA	1.97932548381208	0.558540877816634	2	NEUT	1	1
JFCF_6_T_1_P_TEL	chr7	26320536	26329554	16	0.554762	0.452105	5	GAIN	3	1	2	1	1	2.74109250163598	0.555034652712399	3	GAIN	2	1
JFCF_6_T_1_P_TEL	chr7	26330993	87800469	41386	0.558824	-0.007667	3	HET	2	1	1	NA	NA	1.98932713805873	0.55922755483865	2	NEUT	1	1
JFCF_6_T_1_P_TEL	chr7	87803013	87849559	25	1	-1.049181	1	DLOH	1	0	1	1	1	0.959432367481119	1	1	HETD	1	0
JFCF_6_T_1_P_TEL	chr7	87873501	99179970	7380	0.558824	-0.005009	3	HET	2	1	1	NA	NA	1.9930207904845	0.559226806933101	2	NEUT	1	1
JFCF_6_T_1_P_TEL	chr7	99181096	99198515	17	0.538462	0.898779	8	BCNA	4	2	2	1	1	3.74077279815493	0.538602321670191	4	AMP	2	2
JFCF_6_T_1_P_TEL	chr7	99202373	99548855	147	0.555556	0.02029	3	HET	2	1	1	NA	NA	2.02851993237269	0.555929771258595	2	NEUT	1	1
JFCF_6_T_1_P_TEL	chr7	99550801	99557217	11	0.52381	0.533762	5	GAIN	3	1	2	1	1	2.90150864643971	0.523921992706301	3	GAIN	2	1
JFCF_6_T_1_P_TEL	chr7	99560866	135577898	20543	0.558824	-0.007425	3	HET	2	1	1	NA	NA	1.98966314845125	0.559227486687104	2	NEUT	1	1
JFCF_6_T_1_P_TEL	chr7	135580706	135589147	17	0.538462	0.448785	5	GAIN	3	1	2	1	1	2.73476044848363	0.53865394057276	3	GAIN	2	1
JFCF_6_T_1_P_TEL	chr7	135590031	137406808	1101	0.555556	-0.018082	3	HET	2	1	1	NA	NA	1.97491947569401	0.555939915626708	2	NEUT	1	1
JFCF_6_T_1_P_TEL	chr7	137406819	137406880	8	0.949359	-0.043676	2	NLOH	2	0	2	1	1	1.93995256444253	0.952520233290909	2	NEUT	2	0
JFCF_6_T_1_P_TEL	chr7	137407181	159119220	17345	0.566667	-0.057399	3	HET	2	1	1	NA	NA	1.9214579060933	0.567140515555796	2	NEUT	1	1
JFCF_6_T_1_P_TEL	chr8	170692	1365687	1325	1	-1.146382	1	DLOH	1	0	1	1	1	0.896031291624293	1	1	HETD	1	0
JFCF_6_T_1_P_TEL	chr8	1365801	1365830	5	0.605263	-1.144999	3	HET	2	1	1	NA	NA	0.896903748372839	0.606864710849649	2	NEUT	1	1
JFCF_6_T_1_P_TEL	chr8	1365834	2200116	1227	1	-1.011401	1	DLOH	1	0	1	1	1	0.985251091981136	1	1	HETD	1	0
JFCF_6_T_1_P_TEL	chr8	2201085	2203809	11	0.589744	-1.064104	3	HET	2	1	1	NA	NA	0.949418867444423	0.59103403584502	2	NEUT	1	1
JFCF_6_T_1_P_TEL	chr8	2203850	2205404	14	1	-1.064104	1	DLOH	1	0	1	1	1	0.949418867444423	1	1	HETD	1	0
JFCF_6_T_1_P_TEL	chr8	2205739	2206210	7	0.545455	-1.064104	3	HET	2	1	1	NA	NA	0.949418867444423	0.54610839832563	2	NEUT	1	1
JFCF_6_T_1_P_TEL	chr8	2206589	2210495	22	1	-1.064104	1	DLOH	1	0	1	1	1	0.949418867444423	1	1	HETD	1	0
JFCF_6_T_1_P_TEL	chr8	2210512	2210778	5	0.592593	-1.044388	3	HET	2	1	1	NA	NA	0.962670562579343	0.593905667330816	2	NEUT	1	1
JFCF_6_T_1_P_TEL	chr8	2210869	2211097	4	0.982143	-1.044388	1	DLOH	1	0	1	1	1	0.962670562579343	0.988978218265759	1	HETD	1	0
JFCF_6_T_1_P_TEL	chr8	2211200	2212083	10	0.535714	-1.044388	3	HET	2	1	1	NA	NA	0.962670562579343	0.536220308263613	2	NEUT	1	1
JFCF_6_T_1_P_TEL	chr8	2212246	2212664	6	0.985294	-1.044388	1	DLOH	1	0	1	1	1	0.962670562579343	0.992173889188609	1	HETD	1	0
JFCF_6_T_1_P_TEL	chr8	2212696	2214722	6	0.551282	-1.044388	3	HET	2	1	1	NA	NA	0.962670562579343	0.552009011826584	2	NEUT	1	1
JFCF_6_T_1_P_TEL	chr8	2215212	2217519	12	0.983333	-1.044388	1	DLOH	1	0	1	1	1	0.962670562579343	0.990185088592066	1	HETD	1	0
JFCF_6_T_1_P_TEL	chr8	2217960	2220210	8	0.543403	-1.044388	3	HET	2	1	1	NA	NA	0.962670562579343	0.544018313254343	2	NEUT	1	1
JFCF_6_T_1_P_TEL	chr8	2220776	2221208	4	0.816667	-1.033273	1	DLOH	1	0	1	1	1	0.97022149035083	0.821121368382058	1	HETD	1	0
JFCF_6_T_1_P_TEL	chr8	2221289	2222066	7	0.560976	-1.033273	3	HET	2	1	1	NA	NA	0.97022149035083	0.561833713517558	2	NEUT	1	1
JFCF_6_T_1_P_TEL	chr8	2222129	2222620	4	1	-1.033273	1	DLOH	1	0	1	1	1	0.97022149035083	1	1	HETD	1	0
JFCF_6_T_1_P_TEL	chr8	2222640	2227552	21	0.52381	-1.033273	3	HET	2	1	1	NA	NA	0.97022149035083	0.524144921261694	2	NEUT	1	1
JFCF_6_T_1_P_TEL	chr8	2227621	2229202	14	1	-1.033273	1	DLOH	1	0	1	1	1	0.97022149035083	1	1	HETD	1	0
JFCF_6_T_1_P_TEL	chr8	2229539	2277027	101	0.575	-1.09403	3	HET	2	1	1	NA	NA	0.929647630575982	0.576101024821551	2	NEUT	1	1
JFCF_6_T_1_P_TEL	chr8	2277933	14344164	12624	1	-1.017652	1	DLOH	1	0	1	1	1	0.980932364039224	1	1	HETD	1	0
JFCF_6_T_1_P_TEL	chr8	14345144	14345812	27	0.5625	-0.897696	3	HET	2	1	1	NA	NA	1.06716415123193	0.563299287466209	2	NEUT	1	1
JFCF_6_T_1_P_TEL	chr8	14346497	29179817	14231	1	-0.9409	1	DLOH	1	0	1	1	1	1.03527721241973	1	1	HETD	1	0
JFCF_6_T_1_P_TEL	chr8	29180188	29189976	19	1	-0.290454	2	NLOH	2	0	2	1	1	1.63280072871391	1	2	NEUT	2	0
JFCF_6_T_1_P_TEL	chr8	29190157	38902461	5875	1	-0.937678	1	DLOH	1	0	1	1	1	1.03762241508219	1	1	HETD	1	0
JFCF_6_T_1_P_TEL	chr8	38902911	38902911	1	0.509091	-0.589161	3	HET	2	1	1	NA	NA	1.32488311905822	0.509184645800054	2	NEUT	1	1
JFCF_6_T_1_P_TEL	chr8	38937114	42830879	2735	1	-0.935845	1	DLOH	1	0	1	1	1	1.03895894319955	1	1	HETD	1	0
JFCF_6_T_1_P_TEL	chr8	47839407	114849284	42355	0.55814	-0.006294	3	HET	2	1	1	NA	NA	1.99123425853708	0.558538480326941	2	NEUT	1	1
JFCF_6_T_1_P_TEL	chr8	114875296	114887482	3	1	0.016391	2	NLOH	2	0	2	1	1	2.02300826089253	1	2	NEUT	2	0
JFCF_6_T_1_P_TEL	chr8	114898438	146288858	20995	0.558824	-0.002526	3	HET	2	1	1	NA	NA	1.99647740984793	0.559226109529645	2	NEUT	1	1
JFCF_6_T_1_P_TEL	chr9	212189	33708793	26805	0.558824	-0.024803	3	HET	2	1	1	NA	NA	1.96567699891184	0.559232410228468	2	NEUT	1	1
JFCF_6_T_1_P_TEL	chr9	33711245	33719406	11	0.552632	0.507221	5	GAIN	3	1	2	1	1	2.84836934069792	0.552884178341458	3	GAIN	2	1
JFCF_6_T_1_P_TEL	chr9	33720684	68414303	3060	0.56393	0.028915	3	HET	2	1	1	NA	NA	2.04076538258228	0.564357529255838	2	NEUT	1	1
JFCF_6_T_1_P_TEL	chr9	68414372	68414763	9	0.700885	-0.122705	5	GAIN	3	1	2	1	1	1.83581513221482	0.702378388412461	3	GAIN	2	1
JFCF_6_T_1_P_TEL	chr9	68414787	68415193	12	0.654221	-0.122705	3	HET	2	1	1	NA	NA	1.83581513221482	0.655367486070927	2	NEUT	1	1
JFCF_6_T_1_P_TEL	chr9	68415196	68416620	17	0.714516	-0.122705	5	GAIN	3	1	2	1	1	1.83581513221482	0.716110721899034	3	GAIN	2	1
JFCF_6_T_1_P_TEL	chr9	68416658	68416791	6	0.641308	-0.122705	3	HET	2	1	1	NA	NA	1.83581513221482	0.642358490229674	2	NEUT	1	1
JFCF_6_T_1_P_TEL	chr9	68416811	68417244	12	0.710571	-0.122705	5	GAIN	3	1	2	1	1	1.83581513221482	0.712136394585959	3	GAIN	2	1
JFCF_6_T_1_P_TEL	chr9	68417247	68417387	4	0.549974	-0.122705	3	HET	2	1	1	NA	NA	1.83581513221482	0.550345509035141	2	NEUT	1	1
JFCF_6_T_1_P_TEL	chr9	68417398	68418067	16	0.709273	-0.122705	5	GAIN	3	1	2	1	1	1.83581513221482	0.710828745193723	3	GAIN	2	1
JFCF_6_T_1_P_TEL	chr9	68418072	140995939	49303	0.55814	0.011386	3	HET	2	1	1	NA	NA	2.0159549330507	0.558533593956566	2	NEUT	1	1
JFCF_6_T_1_P_TEL	chr10	131636	8689396	8149	1	-0.996378	1	DLOH	1	0	1	1	1	0.995707118917934	1	1	HETD	1	0
JFCF_6_T_1_P_TEL	chr10	8691199	8691499	14	0.545455	-0.984356	3	HET	2	1	1	NA	NA	1.00415322870421	0.546072782904618	2	NEUT	1	1
JFCF_6_T_1_P_TEL	chr10	8691594	10218843	1268	1	-1.060059	1	DLOH	1	0	1	1	1	0.952122883056078	1	1	HETD	1	0
JFCF_6_T_1_P_TEL	chr10	10230151	10239333	23	1	-0.246046	2	NLOH	2	0	2	1	1	1.6842685730799	1	2	NEUT	2	0
JFCF_6_T_1_P_TEL	chr10	10240191	26859895	12831	1	-0.974186	1	DLOH	1	0	1	1	1	1.01135336674976	1	1	HETD	1	0
JFCF_6_T_1_P_TEL	chr10	26860068	26864363	56	0.588235	-0.797037	3	HET	2	1	1	NA	NA	1.14526700101621	0.589286449347382	2	NEUT	1	1
JFCF_6_T_1_P_TEL	chr10	26864430	26866579	9	1	-0.797037	1	DLOH	1	0	1	1	1	1.14526700101621	1	1	HETD	1	0
JFCF_6_T_1_P_TEL	chr10	26868306	26868662	16	0.596875	-0.797037	3	HET	2	1	1	NA	NA	1.14526700101621	0.598029407610671	2	NEUT	1	1
JFCF_6_T_1_P_TEL	chr10	26869854	26880724	35	0.826087	-1.041796	1	DLOH	1	0	1	1	1	0.964426228953136	0.830701436620707	1	HETD	1	0
JFCF_6_T_1_P_TEL	chr10	26880799	26880841	3	0.647059	-0.790303	3	HET	2	1	1	NA	NA	1.150689056351	0.648803166090691	2	NEUT	1	1
JFCF_6_T_1_P_TEL	chr10	26882048	26910726	37	1	-0.802178	1	DLOH	1	0	1	1	1	1.14114459363359	1	1	HETD	1	0
JFCF_6_T_1_P_TEL	chr10	26913852	26931024	186	0.605263	-0.822546	3	HET	2	1	1	NA	NA	1.12495575927078	0.60654001063177	2	NEUT	1	1
JFCF_6_T_1_P_TEL	chr10	26931449	26940072	35	1	-0.888753	1	DLOH	1	0	1	1	1	1.0738847114143	1	1	HETD	1	0
JFCF_6_T_1_P_TEL	chr10	26940186	26940963	32	0.576974	-0.893419	3	HET	2	1	1	NA	NA	1.07037306949351	0.577955438509963	2	NEUT	1	1
JFCF_6_T_1_P_TEL	chr10	26942866	27227644	371	1	-0.969352	1	DLOH	1	0	1	1	1	1.01479357035933	1	1	HETD	1	0
JFCF_6_T_1_P_TEL	chr10	27233512	27234060	33	0.586207	-0.929167	3	HET	2	1	1	NA	NA	1.04384258093823	0.587334098148254	2	NEUT	1	1
JFCF_6_T_1_P_TEL	chr10	27261021	27617789	80	1	-0.927466	1	DLOH	1	0	1	1	1	1.04509014295168	1	1	HETD	1	0
JFCF_6_T_1_P_TEL	chr10	27619383	27622450	44	0.626786	-0.943189	3	HET	2	1	1	NA	NA	1.03361429339354	0.628460044534119	2	NEUT	1	1
JFCF_6_T_1_P_TEL	chr10	27623611	37433297	6428	1	-0.967118	1	DLOH	1	0	1	1	1	1.0163873355975	1	1	HETD	1	0
JFCF_6_T_1_P_TEL	chr10	37434800	37435018	18	0.677083	-0.891405	3	HET	2	1	1	NA	NA	1.07188741731392	0.679337664418521	2	NEUT	1	1
JFCF_6_T_1_P_TEL	chr10	37435885	38251085	503	1	-1.128963	1	DLOH	1	0	1	1	1	0.907081264836943	1	1	HETD	1	0
JFCF_6_T_1_P_TEL	chr10	43262616	49879717	4278	0.581081	-0.014254	3	HET	2	1	1	NA	NA	1.98020288089472	0.581639809295193	2	NEUT	1	1
JFCF_6_T_1_P_TEL	chr10	49880385	49889274	16	0.562403	0.493347	5	GAIN	3	1	2	1	1	2.8209780327928	0.562704897820431	3	GAIN	2	1
JFCF_6_T_1_P_TEL	chr10	49890693	69449238	15454	0.55814	-0.007863	3	HET	2	1	1	NA	NA	1.98905503871796	0.558538916904215	2	NEUT	1	1
JFCF_6_T_1_P_TEL	chr10	69482437	69485653	5	0.585366	1.217276	10	ASCNA	5	1	4	1	1	4.66822993770646	0.585615566854836	5	HLAMP	4	1
JFCF_6_T_1_P_TEL	chr10	69517922	81837918	7710	0.55814	0.038513	3	HET	2	1	1	NA	NA	2.05447860081996	0.558526213649556	2	NEUT	1	1
JFCF_6_T_1_P_TEL	chr10	81865695	81865841	12	0.982759	-0.030328	2	NLOH	2	0	2	1	1	1.95811139812454	0.986123706574433	2	NEUT	2	0
JFCF_6_T_1_P_TEL	chr10	81894113	120828295	24191	0.555556	0.017363	3	HET	2	1	1	NA	NA	2.02438089780054	0.555930535468613	2	NEUT	1	1
JFCF_6_T_1_P_TEL	chr10	120832181	120867893	49	1	-0.653651	1	DLOH	1	0	1	1	1	1.26636698785132	1	1	HETD	1	0
JFCF_6_T_1_P_TEL	chr10	120868961	135429761	13421	0.558824	-0.060633	3	HET	2	1	1	NA	NA	1.91712495850211	0.55924275339876	2	NEUT	1	1
JFCF_6_T_1_P_TEL	chr11	190010	6845272	6195	0.56	0.001847	3	HET	2	1	1	NA	NA	2.00257960875433	0.560408898647359	2	NEUT	1	1
JFCF_6_T_1_P_TEL	chr11	6860840	7809935	761	0.701754	0.701946	5	GAIN	3	1	2	1	1	3.26194789194727	0.702598110588181	3	GAIN	2	1
JFCF_6_T_1_P_TEL	chr11	7820120	8049602	371	0.714286	0.868561	7	ASCNA	4	1	3	1	1	3.66295234637572	0.715084393040464	4	AMP	3	1
JFCF_6_T_1_P_TEL	chr11	8050476	8319224	220	0.707107	0.762937	5	GAIN	3	1	2	1	1	3.40339493471843	0.707937494274733	3	GAIN	2	1
JFCF_6_T_1_P_TEL	chr11	8320592	8329943	38	0.697529	0.891789	7	ASCNA	4	1	3	1	1	3.72262625712536	0.698253161850422	4	AMP	3	1
JFCF_6_T_1_P_TEL	chr11	8330190	8433195	191	0.710145	0.697665	5	GAIN	3	1	2	1	1	3.25224241796691	0.711026841157684	3	GAIN	2	1
JFCF_6_T_1_P_TEL	chr11	8438770	8618861	146	0.719649	0.824394	7	ASCNA	4	1	3	1	1	3.55210153026633	0.720492913769062	4	AMP	3	1
JFCF_6_T_1_P_TEL	chr11	8620626	8760156	124	0.715476	0.763993	5	GAIN	3	1	2	1	1	3.40589700041847	0.716339419013274	3	GAIN	2	1
JFCF_6_T_1_P_TEL	chr11	8782642	9606360	494	0.720294	0.883128	7	ASCNA	4	1	3	1	1	3.70026329980259	0.721106501653777	4	AMP	3	1
JFCF_6_T_1_P_TEL	chr11	9611869	10439591	534	0.555556	0.168751	3	HET	2	1	1	NA	NA	2.24986324720689	0.55589299934836	2	NEUT	1	1
JFCF_6_T_1_P_TEL	chr11	10450950	10541701	106	0.696429	0.679685	5	GAIN	3	1	2	1	1	3.21179290972638	0.697263665156117	3	GAIN	2	1
JFCF_6_T_1_P_TEL	chr11	10545404	10567919	38	0.704685	0.882278	7	ASCNA	4	1	3	1	1	3.69807580047561	0.705440378155873	4	AMP	3	1
JFCF_6_T_1_P_TEL	chr11	10571351	10757993	175	0.7	0.720577	5	GAIN	3	1	2	1	1	3.30452333202928	0.700825991134951	3	GAIN	2	1
JFCF_6_T_1_P_TEL	chr11	10765509	10969708	129	0.705128	0.86155	7	ASCNA	4	1	3	1	1	3.64512868331319	0.705896008972965	4	AMP	3	1
JFCF_6_T_1_P_TEL	chr11	10970163	11069011	148	0.709677	0.747876	5	GAIN	3	1	2	1	1	3.36790830851888	0.710526659168381	3	GAIN	2	1
JFCF_6_T_1_P_TEL	chr11	11071684	11077773	35	0.722222	0.984519	7	ASCNA	4	1	3	1	1	3.97066323246894	0.722985797461584	4	AMP	3	1
JFCF_6_T_1_P_TEL	chr11	11081786	11806560	850	0.710145	0.692264	5	GAIN	3	1	2	1	1	3.24003880271169	0.711030162614882	3	GAIN	2	1
JFCF_6_T_1_P_TEL	chr11	11811025	11979674	161	0.717647	0.926463	7	ASCNA	4	1	3	1	1	3.8135123657811	0.718425900063969	4	AMP	3	1
JFCF_6_T_1_P_TEL	chr11	11980397	11999029	21	0.730159	0.734544	5	GAIN	3	1	2	1	1	3.33680316502268	0.731100350995795	3	GAIN	2	1
JFCF_6_T_1_P_TEL	chr11	12000532	12089056	47	0.711538	0.906409	7	ASCNA	4	1	3	1	1	3.76068144889682	0.712305672634403	4	AMP	3	1
JFCF_6_T_1_P_TEL	chr11	12090658	12099916	23	0.762712	0.719993	5	GAIN	3	1	2	1	1	3.30318041507652	0.763797430020411	3	GAIN	2	1
JFCF_6_T_1_P_TEL	chr11	12110068	12284741	228	0.712565	0.828835	7	ASCNA	4	1	3	1	1	3.56309476799819	0.713379176563422	4	AMP	3	1
JFCF_6_T_1_P_TEL	chr11	12285661	12296781	16	0.650758	0.698022	5	GAIN	3	1	2	1	1	3.25305067400708	0.651390475565476	3	GAIN	2	1
JFCF_6_T_1_P_TEL	chr11	12309002	13047519	454	0.716667	0.902167	7	ASCNA	4	1	3	1	1	3.74959997445444	0.717455609574784	4	AMP	3	1
JFCF_6_T_1_P_TEL	chr11	13052255	13402409	595	0.712644	0.780254	5	GAIN	3	1	2	1	1	3.44465762783839	0.713486483266017	3	GAIN	2	1
JFCF_6_T_1_P_TEL	chr11	13403043	13487214	51	0.701493	0.901773	7	ASCNA	4	1	3	1	1	3.74857237192601	0.702226581340906	4	AMP	3	1
JFCF_6_T_1_P_TEL	chr11	13491330	14108749	529	0.714286	0.750556	5	GAIN	3	1	2	1	1	3.3741958412882	0.715152717819135	3	GAIN	2	1
JFCF_6_T_1_P_TEL	chr11	14110461	14637391	293	0.715909	0.947976	7	ASCNA	4	1	3	1	1	3.87100935432928	0.716670203433085	4	AMP	3	1
JFCF_6_T_1_P_TEL	chr11	14640116	15240214	172	0.704385	0.695288	5	GAIN	3	1	2	1	1	3.24686593264562	0.705244090420067	3	GAIN	2	1
JFCF_6_T_1_P_TEL	chr11	15242597	21640333	5023	0.560976	-0.016217	3	HET	2	1	1	NA	NA	1.97749179731616	0.561396822017279	2	NEUT	1	1
JFCF_6_T_1_P_TEL	chr11	21640421	21869508	273	0.652174	0.328038	5	GAIN	3	1	2	1	1	2.51409439478856	0.653000062847231	3	GAIN	2	1
JFCF_6_T_1_P_TEL	chr11	21870658	22211487	394	0.58102	0.081705	3	HET	2	1	1	NA	NA	2.11733117386131	0.581542225002037	2	NEUT	1	1
JFCF_6_T_1_P_TEL	chr11	22216803	28009463	4240	0.688889	0.606954	5	GAIN	3	1	2	1	1	3.0532185633508	0.68973331204772	3	GAIN	2	1
JFCF_6_T_1_P_TEL	chr11	28023181	28119980	52	0.686141	0.891176	7	ASCNA	4	1	3	1	1	3.7210390545236	0.686823703340187	4	AMP	3	1
JFCF_6_T_1_P_TEL	chr11	28120845	28659827	412	0.692308	0.717154	5	GAIN	3	1	2	1	1	3.29665983014533	0.69310411797224	3	GAIN	2	1
JFCF_6_T_1_P_TEL	chr11	28670117	28707675	37	0.68254	0.864707	7	ASCNA	4	1	3	1	1	3.65314382405916	0.683221938937622	4	AMP	3	1
JFCF_6_T_1_P_TEL	chr11	28708256	29037522	49	0.671233	0.81095	5	GAIN	3	1	2	1	1	3.51902782974393	0.671897077823322	3	GAIN	2	1
JFCF_6_T_1_P_TEL	chr11	29081677	29538435	160	0.74615	0.882566	7	ASCNA	4	1	3	1	1	3.69881683236061	0.747058220348507	4	AMP	3	1
JFCF_6_T_1_P_TEL	chr11	29540567	29558373	41	0.733333	0.720456	5	GAIN	3	1	2	1	1	3.30424504602498	0.734296736107202	3	GAIN	2	1
JFCF_6_T_1_P_TEL	chr11	29559228	29649814	112	0.737212	0.832774	7	ASCNA	4	1	3	1	1	3.5728737153182	0.73811809389071	4	AMP	3	1
JFCF_6_T_1_P_TEL	chr11	29650817	29748740	151	0.742424	0.709182	5	GAIN	3	1	2	1	1	3.27841828096875	0.743433172629608	3	GAIN	2	1
JFCF_6_T_1_P_TEL	chr11	29750156	29778003	28	0.783273	0.873616	7	ASCNA	4	1	3	1	1	3.67585722919283	0.784324721519399	4	AMP	3	1
JFCF_6_T_1_P_TEL	chr11	29800788	31298968	274	0.745276	0.710982	5	GAIN	3	1	2	1	1	3.28252823941035	0.746295766631973	3	GAIN	2	1
JFCF_6_T_1_P_TEL	chr11	31300097	31428202	73	0.765625	0.863884	7	ASCNA	4	1	3	1	1	3.65105266230423	0.766617898977304	4	AMP	3	1
JFCF_6_T_1_P_TEL	chr11	31429466	31498189	44	0.760029	0.734127	5	GAIN	3	1	2	1	1	3.33583488274147	0.761092828089218	3	GAIN	2	1
JFCF_6_T_1_P_TEL	chr11	31500838	31799510	188	0.760282	0.819651	7	ASCNA	4	1	3	1	1	3.54039803279428	0.761285335682225	4	AMP	3	1
JFCF_6_T_1_P_TEL	chr11	31801544	32172037	185	0.753846	0.738113	5	GAIN	3	1	2	1	1	3.34510191230972	0.754881655185361	3	GAIN	2	1
JFCF_6_T_1_P_TEL	chr11	32180930	33376095	486	0.75	0.871823	7	ASCNA	4	1	3	1	1	3.67127471329158	0.750929345796302	4	AMP	3	1
JFCF_6_T_1_P_TEL	chr11	33382004	33549811	99	0.739726	0.74597	5	GAIN	3	1	2	1	1	3.3634437546123	0.740698714035711	3	GAIN	2	1
JFCF_6_T_1_P_TEL	chr11	33550136	77829427	25833	0.5625	-0.108925	3	HET	2	1	1	NA	NA	1.85356503567625	0.56296017858238	2	NEUT	1	1
JFCF_6_T_1_P_TEL	chr11	77830048	77849853	22	0.591751	0.432707	5	GAIN	3	1	2	1	1	2.70430107584677	0.5922140309046	3	GAIN	2	1
JFCF_6_T_1_P_TEL	chr11	77850517	84234322	4822	0.56	0.04131	3	HET	2	1	1	NA	NA	2.05849203374223	0.56039779220897	2	NEUT	1	1
JFCF_6_T_1_P_TEL	chr11	84239976	84248373	7	0.719298	0.641636	5	GAIN	3	1	2	1	1	3.12783852618835	0.720254851538433	3	GAIN	2	1
JFCF_6_T_1_P_TEL	chr11	84251401	84315358	22	1	-1.036329	1	DLOH	1	0	1	1	1	0.968139607890205	1	1	HETD	1	0
JFCF_6_T_1_P_TEL	chr11	84319683	84319683	1	0.568966	-0.585783	3	HET	2	1	1	NA	NA	1.32802089527328	0.569674735754384	2	NEUT	1	1
JFCF_6_T_1_P_TEL	chr11	84323331	85690012	741	0.666667	0.630893	5	GAIN	3	1	2	1	1	3.10453239457638	0.667399668694669	3	GAIN	2	1
JFCF_6_T_1_P_TEL	chr11	85692061	85778212	109	0.670732	0.871102	7	ASCNA	4	1	3	1	1	3.66943359989686	0.671366994710484	4	AMP	3	1
JFCF_6_T_1_P_TEL	chr11	85780582	85998216	178	0.666667	0.757974	5	GAIN	3	1	2	1	1	3.3916601987875	0.667337643155203	3	GAIN	2	1
JFCF_6_T_1_P_TEL	chr11	86000593	86040441	53	0.661017	0.902279	7	ASCNA	4	1	3	1	1	3.7498921360478	0.661603012889238	4	AMP	3	1
JFCF_6_T_1_P_TEL	chr11	86042319	93767919	4240	0.672414	0.639043	5	GAIN	3	1	2	1	1	3.12219730812384	0.673167644260075	3	GAIN	2	1
JFCF_6_T_1_P_TEL	chr11	93781312	93809887	44	0.758145	1.060584	7	ASCNA	4	1	3	1	1	4.1863694983928	0.758986550870003	4	AMP	3	1
JFCF_6_T_1_P_TEL	chr11	93810319	94568751	409	0.809524	1.358333	10	ASCNA	5	1	4	1	1	5.1491183531067	0.810344381140776	5	HLAMP	4	1
JFCF_6_T_1_P_TEL	chr11	94570034	94574654	7	0.831461	1.599521	13	ASCNA	6	1	5	1	1	6.08856394322199	0.832203970855447	6	HLAMP	5	1
JFCF_6_T_1_P_TEL	chr11	94610577	95436801	351	0.858407	1.799425	17	ASCNA	7	1	6	1	1	6.99548633365044	0.859106218296359	7	HLAMP	6	1
JFCF_6_T_1_P_TEL	chr11	95449569	96608746	922	0.865672	1.984852	21	ASCNA	8	1	7	1	1	7.95681351348769	0.866299200998102	8	HLAMP	7	1
JFCF_6_T_1_P_TEL	chr11	96610573	96660050	69	0.856209	1.843201	17	ASCNA	7	1	6	1	1	7.21142553793132	0.856883121188545	7	HLAMP	6	1
JFCF_6_T_1_P_TEL	chr11	96660457	96829897	312	0.864865	1.940906	21	ASCNA	8	1	7	1	1	7.71768546787348	0.865510207405439	8	HLAMP	7	1
JFCF_6_T_1_P_TEL	chr11	96831948	97258193	265	0.863309	1.811445	17	ASCNA	7	1	6	1	1	7.05412778762919	0.864011889485661	7	HLAMP	6	1
JFCF_6_T_1_P_TEL	chr11	97261001	102769069	4599	0.893204	2.229441	21	ASCNA	8	1	7	1	1	9.42939768369529	0.893773099478875	9	HLAMP	8	1
JFCF_6_T_1_P_TEL	chr11	102792179	114418550	7077	1	-0.956411	1	DLOH	1	0	1	1	1	1.02406020403966	1	1	HETD	1	0
JFCF_6_T_1_P_TEL	chr11	114419641	114424815	284	0.758639	-0.341576	3	HET	2	1	1	NA	NA	1.57548029350637	0.760879449969644	2	NEUT	1	1
JFCF_6_T_1_P_TEL	chr11	114425074	114429934	5	1	-0.341576	2	NLOH	2	0	2	1	1	1.57548029350637	1	2	NEUT	2	0
JFCF_6_T_1_P_TEL	chr11	114430047	114431956	6	1	-0.670171	1	DLOH	1	0	1	1	1	1.25179340728993	1	1	HETD	1	0
JFCF_6_T_1_P_TEL	chr11	114431976	114433280	57	0.723684	-0.670171	3	HET	2	1	1	NA	NA	1.25179340728993	0.726122689304474	2	NEUT	1	1
JFCF_6_T_1_P_TEL	chr11	114436944	118232332	2147	1	-1.029057	1	DLOH	1	0	1	1	1	0.973100864339631	1	1	HETD	1	0
JFCF_6_T_1_P_TEL	chr11	118292647	118293681	34	0.587221	-0.840785	3	HET	2	1	1	NA	NA	1.11065178996649	0.588292759530011	2	NEUT	1	1
JFCF_6_T_1_P_TEL	chr11	118296658	129539589	7673	1	-0.963431	1	DLOH	1	0	1	1	1	1.01902309395987	1	1	HETD	1	0
JFCF_6_T_1_P_TEL	chr11	129540016	129549483	23	1	0.703217	4	ALOH	3	0	3	1	1	3.26483493051958	1	3	GAIN	3	0
JFCF_6_T_1_P_TEL	chr11	129551393	131225242	1367	1	-1.001684	1	DLOH	1	0	1	1	1	0.992001693224086	1	1	HETD	1	0
JFCF_6_T_1_P_TEL	chr11	131230525	131230834	17	0.5625	-0.982918	3	HET	2	1	1	NA	NA	1.00516822294496	0.563348585252693	2	NEUT	1	1
JFCF_6_T_1_P_TEL	chr11	131242104	134939568	2821	1	-0.950911	1	DLOH	1	0	1	1	1	1.02802381756405	1	1	HETD	1	0
JFCF_6_T_1_P_TEL	chr12	260214	49529845	32119	0.558824	0.001856	3	HET	2	1	1	NA	NA	2.002592186673	0.559224881715989	2	NEUT	1	1
JFCF_6_T_1_P_TEL	chr12	49530495	49549952	19	0.5625	0.475541	5	GAIN	3	1	2	1	1	2.78620759038293	0.562806140480491	3	GAIN	2	1
JFCF_6_T_1_P_TEL	chr12	49554840	59919033	6556	0.555556	0.064192	3	HET	2	1	1	NA	NA	2.09161941320866	0.555918495415476	2	NEUT	1	1
JFCF_6_T_1_P_TEL	chr12	59920382	59928903	26	0.620418	0.489579	5	GAIN	3	1	2	1	1	2.8135842780912	0.621002097966738	3	GAIN	2	1
JFCF_6_T_1_P_TEL	chr12	59930050	77422730	12166	0.558482	0.020026	3	HET	2	1	1	NA	NA	2.02814626859	0.558875529375889	2	NEUT	1	1
JFCF_6_T_1_P_TEL	chr12	77424135	77449790	33	1	-1.01037	1	DLOH	1	0	1	1	1	0.985965194775731	1	1	HETD	1	0
JFCF_6_T_1_P_TEL	chr12	77450413	133812415	40116	0.558824	-0.008093	3	HET	2	1	1	NA	NA	1.98873578560917	0.559227674836059	2	NEUT	1	1
JFCF_6_T_1_P_TEL	chr13	20140719	115093704	70621	0.564103	-0.219641	3	HET	2	1	1	NA	NA	1.71563089956506	0.564612927822537	2	NEUT	1	1
JFCF_6_T_1_P_TEL	chr14	20210007	35218831	11363	0.55814	0.023277	3	HET	2	1	1	NA	NA	2.03275247852972	0.558530341513164	2	NEUT	1	1
JFCF_6_T_1_P_TEL	chr14	35220605	35229795	19	0.542857	0.442665	5	GAIN	3	1	2	1	1	2.72312622884581	0.543071787106259	3	GAIN	2	1
JFCF_6_T_1_P_TEL	chr14	35230341	74288871	25126	0.55814	0.017141	3	HET	2	1	1	NA	NA	2.02406731281521	0.558532016447938	2	NEUT	1	1
JFCF_6_T_1_P_TEL	chr14	74291381	74309707	38	0.547778	0.4668	5	GAIN	3	1	2	1	1	2.76929511591777	0.548013457722836	3	GAIN	2	1
JFCF_6_T_1_P_TEL	chr14	74310394	91418457	13547	0.55814	0.00549	3	HET	2	1	1	NA	NA	2.00767728829943	0.558535216742741	2	NEUT	1	1
JFCF_6_T_1_P_TEL	chr14	91418983	91419026	7	0.953488	-0.004135	2	NLOH	2	0	2	1	1	1.99423681980311	0.956591439491034	2	NEUT	2	0
JFCF_6_T_1_P_TEL	chr14	91419044	107268495	16336	0.568627	-0.038154	3	HET	2	1	1	NA	NA	1.94744441215684	0.56910793253439	2	NEUT	1	1
JFCF_6_T_1_P_TEL	chr15	21910133	102399429	53131	0.55814	0.016706	3	HET	2	1	1	NA	NA	2.02345299564289	0.55853213546352	2	NEUT	1	1
JFCF_6_T_1_P_TEL	chr16	90024	33969750	26864	0.564103	-0.023904	3	HET	2	1	1	NA	NA	1.96691077821491	0.564547782721505	2	NEUT	1	1
JFCF_6_T_1_P_TEL	chr16	33969761	33969840	8	0.733122	-0.181366	5	GAIN	3	1	2	1	1	1.76212301249115	0.734927515622624	3	GAIN	2	1
JFCF_6_T_1_P_TEL	chr16	33969958	89739850	35151	0.56	0.02434	3	HET	2	1	1	NA	NA	2.03426085331117	0.560402530526956	2	NEUT	1	1
JFCF_6_T_1_P_TEL	chr16	89740285	89749436	32	0.552178	0.487198	5	GAIN	3	1	2	1	1	2.80892210977565	0.552431513998441	3	GAIN	2	1
JFCF_6_T_1_P_TEL	chr16	89750672	90149922	571	0.560976	0.205589	3	HET	2	1	1	NA	NA	2.30840430179963	0.561336496680174	2	NEUT	1	1
JFCF_6_T_1_P_TEL	chr17	1665	29113	6	0.865	-0.869328	1	DLOH	1	0	1	1	1	1.08862668626347	0.869575811246209	1	HETD	1	0
JFCF_6_T_1_P_TEL	chr17	31208	38924	15	0.772727	-0.615558	3	HET	2	1	1	NA	NA	1.30061471212452	0.775588763143657	2	NEUT	1	1
JFCF_6_T_1_P_TEL	chr17	39605	46755	15	0.866667	-0.854126	1	DLOH	1	0	1	1	1	1.1003030059796	0.871214929658822	1	HETD	1	0
JFCF_6_T_1_P_TEL	chr17	48220	41380777	25959	0.560976	0.020408	3	HET	2	1	1	NA	NA	2.02868697087316	0.56138620231275	2	NEUT	1	1
JFCF_6_T_1_P_TEL	chr17	41381934	41382468	3	0.82134	0.043129	5	GAIN	3	1	2	1	1	2.06110630699494	0.823467740255734	3	GAIN	2	1
JFCF_6_T_1_P_TEL	chr17	41401810	48099946	3197	0.55814	0.113685	3	HET	2	1	1	NA	NA	2.16509569105573	0.558506481574757	2	NEUT	1	1
JFCF_6_T_1_P_TEL	chr17	48100584	48109168	42	0.562072	0.49556	5	GAIN	3	1	2	1	1	2.82532949992257	0.562371833978854	3	GAIN	2	1
JFCF_6_T_1_P_TEL	chr17	48111271	63959960	10144	0.555556	0.042699	3	HET	2	1	1	NA	NA	2.06048801193834	0.555923972268616	2	NEUT	1	1
JFCF_6_T_1_P_TEL	chr17	63960269	63969921	76	0.57735	0.380181	5	GAIN	3	1	2	1	1	2.60712506493035	0.577754904558568	3	GAIN	2	1
JFCF_6_T_1_P_TEL	chr17	63970037	80469511	14669	0.558824	0.040362	3	HET	2	1	1	NA	NA	2.05713087078436	0.559214253533998	2	NEUT	1	1
JFCF_6_T_1_P_TEL	chr17	80471266	80479328	16	0.584928	0.464613	5	GAIN	3	1	2	1	1	2.76507961327295	0.585347177023822	3	GAIN	2	1
JFCF_6_T_1_P_TEL	chr17	80480041	80944206	569	0.555556	0.014854	3	HET	2	1	1	NA	NA	2.02083962997563	0.555931191795015	2	NEUT	1	1
JFCF_6_T_1_P_TEL	chr17	80944212	80945937	4	1	-0.018504	2	NLOH	2	0	2	1	1	1.97433788877934	1	2	NEUT	2	0
JFCF_6_T_1_P_TEL	chr17	80946255	80946255	1	0.571429	-0.018504	3	HET	2	1	1	NA	NA	1.97433788877934	0.571922750221286	2	NEUT	1	1
JFCF_6_T_1_P_TEL	chr17	80950881	81102135	81	1	0.091931	2	NLOH	2	0	2	1	1	2.13248947168073	1	2	NEUT	2	0
JFCF_6_T_1_P_TEL	chr18	130168	7143972	6697	1	-0.991852	1	DLOH	1	0	1	1	1	0.998878622522957	1	1	HETD	1	0
JFCF_6_T_1_P_TEL	chr18	7144744	7145339	6	0.582157	-0.641599	3	HET	2	1	1	NA	NA	1.27710477400733	0.583034955001477	2	NEUT	1	1
JFCF_6_T_1_P_TEL	chr18	7145378	7146207	14	1	-0.641599	1	DLOH	1	0	1	1	1	1.27710477400733	1	1	HETD	1	0
JFCF_6_T_1_P_TEL	chr18	7146282	7146487	6	0.574359	-0.641599	3	HET	2	1	1	NA	NA	1.27710477400733	0.575153623172156	2	NEUT	1	1
JFCF_6_T_1_P_TEL	chr18	7146522	10812032	2682	1	-0.968259	1	DLOH	1	0	1	1	1	1.0155730227128	1	1	HETD	1	0
JFCF_6_T_1_P_TEL	chr18	11433412	11959792	621	1	0.5357	4	ALOH	3	0	3	1	1	2.90542726320119	1	3	GAIN	3	0
JFCF_6_T_1_P_TEL	chr18	11960076	11967481	18	1	0.973448	6	ALOH	4	0	4	1	1	3.94020531321798	1	4	AMP	4	0
JFCF_6_T_1_P_TEL	chr18	11972308	11981208	23	1	0.711635	4	ALOH	3	0	3	1	1	3.28402050902304	1	3	GAIN	3	0
JFCF_6_T_1_P_TEL	chr18	11981462	11981462	1	0.660714	0.515272	5	GAIN	3	1	2	1	1	2.86438555376469	0.661479731386622	3	GAIN	2	1
JFCF_6_T_1_P_TEL	chr18	11981484	12085280	167	1	0.551956	4	ALOH	3	0	3	1	1	2.93850482156317	1	3	GAIN	3	0
JFCF_6_T_1_P_TEL	chr18	12086601	12089413	36	0.889899	0.531056	5	GAIN	3	1	2	1	1	2.89604594014962	0.891736388050832	3	GAIN	2	1
JFCF_6_T_1_P_TEL	chr18	12089632	13137390	551	1	0.711387	4	ALOH	3	0	3	1	1	3.28345368695478	1	3	GAIN	3	0
JFCF_6_T_1_P_TEL	chr18	13182916	13240284	25	0.910714	0.483133	5	GAIN	3	1	2	1	1	2.80098030919349	0.912715168528524	3	GAIN	2	1
JFCF_6_T_1_P_TEL	chr18	13241329	13455244	130	0.946429	0.493367	4	ALOH	3	0	3	1	1	2.82101732931959	0.948588736946298	3	GAIN	3	0
JFCF_6_T_1_P_TEL	chr18	13456952	13472411	21	0.907407	0.434687	5	GAIN	3	1	2	1	1	2.70803383480324	0.909460187509862	3	GAIN	2	1
JFCF_6_T_1_P_TEL	chr18	13472924	13909848	345	0.942308	0.505084	4	ALOH	3	0	3	1	1	2.84413310064029	0.944430409060128	3	GAIN	3	0
JFCF_6_T_1_P_TEL	chr18	13910730	13929189	58	0.952935	0.275074	2	NLOH	2	0	2	1	1	2.42297905851523	0.955486176079106	2	NEUT	2	0
JFCF_6_T_1_P_TEL	chr18	13929512	13929854	3	0.854167	0.275074	5	GAIN	3	1	2	1	1	2.42297905851523	0.856161861025111	3	GAIN	2	1
JFCF_6_T_1_P_TEL	chr18	13930035	13999552	19	0.9375	0.389082	4	ALOH	3	0	3	1	1	2.62334443654753	0.939776024615787	3	GAIN	3	0
JFCF_6_T_1_P_TEL	chr18	13999915	14116869	40	0.910714	0.477649	5	GAIN	3	1	2	1	1	2.79030160087918	0.912722827161196	3	GAIN	2	1
JFCF_6_T_1_P_TEL	chr18	19470936	20049669	198	1	0.047136	2	NLOH	2	0	2	1	1	2.0668768227901	1	2	NEUT	2	0
JFCF_6_T_1_P_TEL	chr18	20050004	20089589	75	1	0.362447	4	ALOH	3	0	3	1	1	2.57510700552976	1	3	GAIN	3	0
JFCF_6_T_1_P_TEL	chr18	20090567	20129674	64	1	0.269377	2	NLOH	2	0	2	1	1	2.41337613524993	1	2	NEUT	2	0
JFCF_6_T_1_P_TEL	chr18	20130231	20130277	6	0.86627	0.486745	5	GAIN	3	1	2	1	1	2.80803597424971	0.868050134816318	3	GAIN	2	1
JFCF_6_T_1_P_TEL	chr18	20131660	20658403	229	1	0.369945	4	ALOH	3	0	3	1	1	2.5885963492489	1	3	GAIN	3	0
JFCF_6_T_1_P_TEL	chr18	20669759	20669767	3	0.666667	0.457918	5	GAIN	3	1	2	1	1	2.75221446966754	0.667493459464609	3	GAIN	2	1
JFCF_6_T_1_P_TEL	chr18	20677799	22028413	360	1	0.334507	4	ALOH	3	0	3	1	1	2.52545416090885	1	3	GAIN	3	0
JFCF_6_T_1_P_TEL	chr18	22030585	22249592	261	1	0.250663	2	NLOH	2	0	2	1	1	2.38209716800971	1	2	NEUT	2	0
JFCF_6_T_1_P_TEL	chr18	22250314	24478135	1555	1	0.379183	4	ALOH	3	0	3	1	1	2.60531274387286	1	3	GAIN	3	0
JFCF_6_T_1_P_TEL	chr18	24480451	24549659	90	1	0.264587	2	NLOH	2	0	2	1	1	2.40533135437867	1	2	NEUT	2	0
JFCF_6_T_1_P_TEL	chr18	24550384	27680088	512	1	0.429539	4	ALOH	3	0	3	1	1	2.69833930703416	1	3	GAIN	3	0
JFCF_6_T_1_P_TEL	chr18	27717694	27717765	11	0.897436	0.46284	5	GAIN	3	1	2	1	1	2.76166679420146	0.899400039140032	3	GAIN	2	1
JFCF_6_T_1_P_TEL	chr18	28076288	28846015	549	1	0.48599	4	ALOH	3	0	3	1	1	2.80655969988343	1	3	GAIN	3	0
JFCF_6_T_1_P_TEL	chr18	28849950	28851179	12	0.759267	0.489066	5	GAIN	3	1	2	1	1	2.81257913698723	0.760525046531434	3	GAIN	2	1
JFCF_6_T_1_P_TEL	chr18	28892337	29498059	331	1	0.606518	4	ALOH	3	0	3	1	1	3.05229185912763	1	3	GAIN	3	0
JFCF_6_T_1_P_TEL	chr18	29504763	29723468	143	1	1.631147	12	ALOH	6	0	6	1	1	6.22381039037414	1	6	HLAMP	6	0
JFCF_6_T_1_P_TEL	chr18	29725591	29725591	1	0.838384	1.597129	13	ASCNA	6	1	5	1	1	6.07845481026026	0.839143750230859	6	HLAMP	5	1
JFCF_6_T_1_P_TEL	chr18	29726229	30177733	299	1	1.516074	12	ALOH	6	0	6	1	1	5.74561935241386	1	6	HLAMP	6	0
JFCF_6_T_1_P_TEL	chr18	30182987	30239888	58	1	1.380468	9	ALOH	5	0	5	1	1	5.22894048604412	1	5	HLAMP	5	0
JFCF_6_T_1_P_TEL	chr18	30252079	30299829	74	0.995968	1.48905	12	ALOH	6	0	6	1	1	5.63874312149598	0.997168398818891	6	HLAMP	6	0
JFCF_6_T_1_P_TEL	chr18	30300038	30309466	66	1	1.414185	9	ALOH	5	0	5	1	1	5.35290715044344	1	5	HLAMP	5	0
JFCF_6_T_1_P_TEL	chr18	30311245	30780837	87	1	1.483126	12	ALOH	6	0	6	1	1	5.61558084002176	1	6	HLAMP	6	0
JFCF_6_T_1_P_TEL	chr18	30811618	30908720	8	1	0.872561	4	ALOH	3	0	3	1	1	3.67316019027996	1	3	GAIN	3	0
JFCF_6_T_1_P_TEL	chr18	30916304	31796871	595	1	-1.068237	1	DLOH	1	0	1	1	1	0.946663844826592	1	1	HETD	1	0
JFCF_6_T_1_P_TEL	chr18	31801094	31809749	4	1	-0.191898	2	NLOH	2	0	2	1	1	1.74920668938582	1	2	NEUT	2	0
JFCF_6_T_1_P_TEL	chr18	31810374	33049346	673	1	0.988625	6	ALOH	4	0	4	1	1	3.98201898114758	1	4	AMP	4	0
JFCF_6_T_1_P_TEL	chr18	33051723	34489627	921	1	-1.042625	1	DLOH	1	0	1	1	1	0.963864370615327	1	1	HETD	1	0
JFCF_6_T_1_P_TEL	chr18	34490391	34539148	58	1	-0.04497	2	NLOH	2	0	2	1	1	1.93820110270476	1	2	NEUT	2	0
JFCF_6_T_1_P_TEL	chr18	34543990	35138110	377	1	-1.051414	1	DLOH	1	0	1	1	1	0.95792740168261	1	1	HETD	1	0
JFCF_6_T_1_P_TEL	chr18	35140576	35549479	382	1	-0.136277	2	NLOH	2	0	2	1	1	1.81849809090079	1	2	NEUT	2	0
JFCF_6_T_1_P_TEL	chr18	35550819	47348402	7011	1	-0.985061	1	DLOH	1	0	1	1	1	1.00365598276897	1	1	HETD	1	0
JFCF_6_T_1_P_TEL	chr18	47349450	47350753	21	0.666667	-0.921856	3	HET	2	1	1	NA	NA	1.04921511826592	0.668834900230841	2	NEUT	1	1
JFCF_6_T_1_P_TEL	chr18	47350832	49302939	1447	1	-1.058409	1	DLOH	1	0	1	1	1	0.95322805964663	1	1	HETD	1	0
JFCF_6_T_1_P_TEL	chr18	49303801	49303823	4	0.589744	-1.198883	3	HET	2	1	1	NA	NA	0.863522344901136	0.591162358630988	2	NEUT	1	1
JFCF_6_T_1_P_TEL	chr18	49304611	50946260	1136	1	-1.104101	1	DLOH	1	0	1	1	1	0.923085713907202	1	1	HETD	1	0
JFCF_6_T_1_P_TEL	chr18	50953078	50959356	4	1	2.989763	20	ALOH	8	0	8	1	1	15.9816306536592	1	16	HLAMP	16	0
JFCF_6_T_1_P_TEL	chr18	50960222	53689430	2302	1	-1.002285	1	DLOH	1	0	1	1	1	0.991582845653023	1	1	HETD	1	0
JFCF_6_T_1_P_TEL	chr18	53690051	53690051	1	0.9375	-5.597946	0	HOMD	0	0	0	1	1	0.0279276122281427	1	0	HOMD	0	0
JFCF_6_T_1_P_TEL	chr18	53702034	55268866	824	1	-1.041498	1	DLOH	1	0	1	1	1	0.964628278643285	1	1	HETD	1	0
JFCF_6_T_1_P_TEL	chr18	55270423	55339837	74	1	-0.455976	2	NLOH	2	0	2	1	1	1.45433538133508	1	2	NEUT	2	0
JFCF_6_T_1_P_TEL	chr18	55340884	55404767	50	1	-0.617322	1	DLOH	1	0	1	1	1	1.29900873042115	1	1	HETD	1	0
JFCF_6_T_1_P_TEL	chr18	55410511	55449906	74	1	-0.437499	2	NLOH	2	0	2	1	1	1.47325715987019	1	2	NEUT	2	0
JFCF_6_T_1_P_TEL	chr18	55451373	55459217	14	1	-0.673024	1	DLOH	1	0	1	1	1	1.24929340868843	1	1	HETD	1	0
JFCF_6_T_1_P_TEL	chr18	55460845	55479325	51	1	-0.524414	2	NLOH	2	0	2	1	1	1.38632369444168	1	2	NEUT	2	0
JFCF_6_T_1_P_TEL	chr18	55480011	55540763	101	1	-0.579871	1	DLOH	1	0	1	1	1	1.33353018022784	1	1	HETD	1	0
JFCF_6_T_1_P_TEL	chr18	55564679	55564683	2	0.543301	-0.634843	3	HET	2	1	1	NA	NA	1.28316341597273	0.543761542983697	2	NEUT	1	1
JFCF_6_T_1_P_TEL	chr18	55575446	64744280	6420	1	-0.971725	1	DLOH	1	0	1	1	1	1.0131033415394	1	1	HETD	1	0
JFCF_6_T_1_P_TEL	chr18	64744463	64744697	5	0.6	-1.06478	3	HET	2	1	1	NA	NA	0.94896771154042	0.601438145336401	2	NEUT	1	1
JFCF_6_T_1_P_TEL	chr18	64747006	77832175	10730	1	-1.022715	1	DLOH	1	0	1	1	1	0.977448098613195	1	1	HETD	1	0
JFCF_6_T_1_P_TEL	chr19	260301	829824	597	0.555556	0.047175	3	HET	2	1	1	NA	NA	2.06693306582441	0.5559228248676	2	NEUT	1	1
JFCF_6_T_1_P_TEL	chr19	830121	839948	24	0.552632	0.444362	5	GAIN	3	1	2	1	1	2.72634730987597	0.552895464986136	3	GAIN	2	1
JFCF_6_T_1_P_TEL	chr19	840090	2549740	1396	0.55814	0.109601	3	HET	2	1	1	NA	NA	2.15893679767284	0.558507527052766	2	NEUT	1	1
JFCF_6_T_1_P_TEL	chr19	2550038	2559841	25	0.551724	0.425639	5	GAIN	3	1	2	1	1	2.69101796376169	0.55198631898264	3	GAIN	2	1
JFCF_6_T_1_P_TEL	chr19	2560423	3129369	430	0.558824	0.096958	3	HET	2	1	1	NA	NA	2.13998062435206	0.55919914479481	2	NEUT	1	1
JFCF_6_T_1_P_TEL	chr19	3130168	3139847	35	0.578947	0.484313	5	GAIN	3	1	2	1	1	2.80328337351725	0.57933134642282	3	GAIN	2	1
JFCF_6_T_1_P_TEL	chr19	3140124	6839313	3256	0.5625	0.091761	3	HET	2	1	1	NA	NA	2.13223659648122	0.562900035780211	2	NEUT	1	1
JFCF_6_T_1_P_TEL	chr19	6840554	6849906	12	0.59975	0.485235	5	GAIN	3	1	2	1	1	2.80508419788798	0.600235312207758	3	GAIN	2	1
JFCF_6_T_1_P_TEL	chr19	6850767	9019605	2142	0.566667	0.040746	3	HET	2	1	1	NA	NA	2.05768212016169	0.567109167524045	2	NEUT	1	1
JFCF_6_T_1_P_TEL	chr19	9033974	9039972	22	0.56993	0.42363	5	GAIN	3	1	2	1	1	2.68725424980636	0.570285147680853	3	GAIN	2	1
JFCF_6_T_1_P_TEL	chr19	9040440	59089308	35987	0.560976	0.026033	3	HET	2	1	1	NA	NA	2.03666548070773	0.561384595370807	2	NEUT	1	1
JFCF_6_T_1_P_TEL	chr20	68749	53419953	33560	0.5625	-0.073921	3	HET	2	1	1	NA	NA	1.89942314848705	0.562949068408557	2	NEUT	1	1
JFCF_6_T_1_P_TEL	chr20	53430930	53438784	6	0.569257	1.3825	11	UBCNA	5	2	3	1	1	5.23632974314923	0.569437505691976	5	HLAMP	3	2
JFCF_6_T_1_P_TEL	chr20	53441234	54848977	1177	0.558824	-0.071598	3	HET	2	1	1	NA	NA	1.9025060196867	0.559245971118048	2	NEUT	1	1
JFCF_6_T_1_P_TEL	chr20	54850686	54859571	19	0.583333	0.479357	5	GAIN	3	1	2	1	1	2.79362314911395	0.583740102162344	3	GAIN	2	1
JFCF_6_T_1_P_TEL	chr20	54861043	62892853	6775	0.558824	-0.028644	3	HET	2	1	1	NA	NA	1.96041429694419	0.559233506599433	2	NEUT	1	1
JFCF_6_T_1_P_TEL	chr21	15412891	44369566	21326	0.55814	-0.003487	3	HET	2	1	1	NA	NA	1.99513888245071	0.558537700473554	2	NEUT	1	1
JFCF_6_T_1_P_TEL	chr21	44370143	44379846	18	0.552727	0.489944	5	GAIN	3	1	2	1	1	2.81429965461444	0.552982691880867	3	GAIN	2	1
JFCF_6_T_1_P_TEL	chr21	44380325	48097610	2746	0.557692	0.04067	3	HET	2	1	1	NA	NA	2.05757300707611	0.558074661310204	2	NEUT	1	1
JFCF_6_T_1_P_TEL	chr22	17046497	17046631	18	0.696691	-0.945898	1	DLOH	1	0	1	1	1	1.0316496575693	0.699292995032768	1	HETD	1	0
JFCF_6_T_1_P_TEL	chr22	17409897	51179770	26334	0.558824	0.00869	3	HET	2	1	1	NA	NA	2.01216570620098	0.559222974393484	2	NEUT	1	1
JFCF_6_T_1_P_TEL	chrX	2832050	15285217	210	0.628289	-0.022048	3	HET	2	1	1	NA	NA	1.96946036883361	0.62917798899967	2	HLAMP	1	1
JFCF_6_T_1_P_TEL	chrX	19913852	41795999	27	1	0.044114	2	NLOH	2	0	2	1	1	2.06252332880491	1	2	HLAMP	2	0
JFCF_6_T_1_P_TEL	chrX	46950314	49471995	137	0.634146	0.121456	3	HET	2	1	1	NA	NA	2.17686303904803	0.634987009370904	2	HLAMP	1	1
JFCF_6_T_1_P_TEL	chrX	49722400	51010974	9	1	-0.010032	2	NLOH	2	0	2	1	1	1.98604636534261	1	2	HLAMP	2	0
JFCF_6_T_1_P_TEL	chrX	51303132	88459836	180	0.6875	0.037906	3	HET	2	1	1	NA	NA	2.05360863975604	0.688746056693502	2	HLAMP	1	1
JFCF_6_T_1_P_TEL	chrX	90606215	100439104	20	0.95119	0.107444	2	NLOH	2	0	2	1	1	2.15569095377814	0.95404645363733	2	HLAMP	2	0
JFCF_6_T_1_P_TEL	chrX	100439848	122681584	79	0.689655	0.078722	3	HET	2	1	1	NA	NA	2.11292959065452	0.690879992655	2	HLAMP	1	1
JFCF_6_T_1_P_TEL	chrX	122939896	129224130	10	0.970588	0.057868	2	NLOH	2	0	2	1	1	2.08241125048467	0.973672100773145	2	HLAMP	2	0
JFCF_6_T_1_P_TEL	chrX	130274404	140846514	48	0.683014	0.008471	3	HET	2	1	1	NA	NA	2.01185821264494	0.684255484083817	2	HLAMP	1	1
JFCF_6_T_1_P_TEL	chrX	143793144	154871281	13	0.947368	-0.094351	2	NLOH	2	0	2	1	1	1.87252307592431	0.950628558156019	2	HLAMP	2	0
