Sample	Chromosome	Start_Position.bp.	End_Position.bp.	Length.snp.	Median_Ratio	Median_logR	TITAN_state	TITAN_call	Copy_Number	MinorCN	MajorCN	Clonal_Cluster	Cellular_Prevalence	logR_Copy_Number	Corrected_Ratio	Corrected_Copy_Number	Corrected_Call	Corrected_MajorCN	Corrected_MinorCN
LFS_05F_24_post	chr1	821038	66046117	36538	0.576923	0.173524	3	HET	2	1	1	NA	NA	2.25801313787336	0.577560887548926	2	NEUT	1	1
LFS_05F_24_post	chr1	66053791	66109461	83	0.564103	0.394421	5	GAIN	3	1	2	1	1	2.63471759683684	0.564558573715154	3	GAIN	2	1
LFS_05F_24_post	chr1	66120335	72399667	3764	0.571429	0.271071	3	HET	2	1	1	NA	NA	2.41727706156009	0.571982302350815	2	NEUT	1	1
LFS_05F_24_post	chr1	72401521	72459243	60	0.571429	0.392705	5	GAIN	3	1	2	1	1	2.63156336122548	0.571937247340892	3	GAIN	2	1
LFS_05F_24_post	chr1	72460293	73908869	561	0.571429	0.273966	3	HET	2	1	1	NA	NA	2.42217019925463	0.571981184599226	2	NEUT	1	1
LFS_05F_24_post	chr1	73910768	73981336	97	0.5625	0.38316	5	GAIN	3	1	2	1	1	2.61408669480255	0.5629476869211	3	GAIN	2	1
LFS_05F_24_post	chr1	73981714	77558057	1512	0.571429	0.273412	3	HET	2	1	1	NA	NA	2.42123306692809	0.571981398320922	2	NEUT	1	1
LFS_05F_24_post	chr1	77560216	77738965	127	0.576923	0.402385	5	GAIN	3	1	2	1	1	2.64940569645874	0.577466653419288	3	GAIN	2	1
LFS_05F_24_post	chr1	77740758	78579682	276	0.571429	0.281173	3	HET	2	1	1	NA	NA	2.43439422546243	0.571978411868769	2	NEUT	1	1
LFS_05F_24_post	chr1	78580403	78619038	89	0.571429	0.389345	5	GAIN	3	1	2	1	1	2.62539809005845	0.571938440867576	3	GAIN	2	1
LFS_05F_24_post	chr1	78631294	78999367	296	0.571429	0.34358	3	HET	2	1	1	NA	NA	2.54283794756337	0.57195498124942	2	NEUT	1	1
LFS_05F_24_post	chr1	79000203	79096536	80	0.565217	0.437401	5	GAIN	3	1	2	1	1	2.71495681924182	0.565666792559308	3	GAIN	2	1
LFS_05F_24_post	chr1	79100762	91749853	7289	0.571429	0.26913	3	HET	2	1	1	NA	NA	2.41400187175238	0.571983053042122	2	NEUT	1	1
LFS_05F_24_post	chr1	91772291	91882873	58	0.555556	0.397378	5	GAIN	3	1	2	1	1	2.64016176559063	0.555950016862141	3	GAIN	2	1
LFS_05F_24_post	chr1	91893136	98597182	4135	0.571429	0.286262	3	HET	2	1	1	NA	NA	2.44306270058492	0.571976462445565	2	NEUT	1	1
LFS_05F_24_post	chr1	98602816	98758363	119	0.566667	0.39837	5	GAIN	3	1	2	1	1	2.64199064993605	0.567139491513322	3	GAIN	2	1
LFS_05F_24_post	chr1	98773850	102210078	2071	0.571429	0.281442	3	HET	2	1	1	NA	NA	2.43485166829732	0.571978308649125	2	NEUT	1	1
LFS_05F_24_post	chr1	102213194	102239926	76	0.569498	0.414558	5	GAIN	3	1	2	1	1	2.67201377418051	0.569985021338953	3	GAIN	2	1
LFS_05F_24_post	chr1	102240060	102609735	408	0.571429	0.283313	3	HET	2	1	1	NA	NA	2.43803572262217	0.571977591256609	2	NEUT	1	1
LFS_05F_24_post	chr1	102610686	102628713	28	0.560714	0.482249	5	GAIN	3	1	2	1	1	2.80127141444859	0.5611198336303	3	GAIN	2	1
LFS_05F_24_post	chr1	102632935	103368839	534	0.576923	0.269819	3	HET	2	1	1	NA	NA	2.41516396689772	0.577519381233615	2	NEUT	1	1
LFS_05F_24_post	chr1	103370977	103539196	202	0.575758	0.414935	5	GAIN	3	1	2	1	1	2.67271700037896	0.576288749875493	3	GAIN	2	1
LFS_05F_24_post	chr1	103539977	105468058	888	0.571429	0.287753	3	HET	2	1	1	NA	NA	2.44560822978111	0.571975892615279	2	NEUT	1	1
LFS_05F_24_post	chr1	105490208	105519198	153	0.576923	0.382712	5	GAIN	3	1	2	1	1	2.6132692549792	0.577474171090854	3	GAIN	2	1
LFS_05F_24_post	chr1	105520137	249216384	67553	0.583333	-0.156723	3	HET	2	1	1	NA	NA	1.79219324930348	0.584203655917023	2	NEUT	1	1
LFS_05F_24_post	chr2	13241	76530	10	0.707143	0.753996	5	GAIN	3	1	2	1	1	3.38576878630214	0.708288585059638	3	GAIN	2	1
LFS_05F_24_post	chr2	82865	209622	118	0.835719	1.635354	13	ASCNA	6	1	5	1	1	6.25272150399439	0.836724359095564	6	HLAMP	5	1
LFS_05F_24_post	chr2	211317	277314	63	0.835616	1.715796	17	ASCNA	7	1	6	1	1	6.61233833141006	0.836566390237037	7	HLAMP	6	1
LFS_05F_24_post	chr2	280939	559020	221	0.84	1.641662	13	ASCNA	6	1	5	1	1	6.28020263737952	0.841013723784651	6	HLAMP	5	1
LFS_05F_24_post	chr2	561099	752825	214	0.8	1.278267	10	ASCNA	5	1	4	1	1	4.87764051149062	0.8011516641338	5	HLAMP	4	1
LFS_05F_24_post	chr2	775509	789759	12	0.753975	1.179899	7	ASCNA	4	1	3	1	1	4.55491643404148	0.755019058735779	4	AMP	3	1
LFS_05F_24_post	chr2	790119	13843418	10364	0.588235	0.210462	3	HET	2	1	1	NA	NA	2.31705818105121	0.588948047279458	2	NEUT	1	1
LFS_05F_24_post	chr2	13852291	14297609	138	1	-0.86925	1	DLOH	1	0	1	1	1	1.08638852677506	1	1	HETD	1	0
LFS_05F_24_post	chr2	14300027	17941333	2733	0.578947	0.063473	3	HET	2	1	1	NA	NA	2.09079882814325	0.579654029866249	2	NEUT	1	1
LFS_05F_24_post	chr2	17944847	17969345	22	1	-0.821723	1	DLOH	1	0	1	1	1	1.12340080308519	1	1	HETD	1	0
LFS_05F_24_post	chr2	17973097	45753603	21405	0.576923	0.138728	3	HET	2	1	1	NA	NA	2.20375798256471	0.577576591944922	2	NEUT	1	1
LFS_05F_24_post	chr2	45758625	45889414	98	0.632863	0.674241	5	GAIN	3	1	2	1	1	3.20266941119617	0.63363979481633	3	GAIN	2	1
LFS_05F_24_post	chr2	45891708	162135811	65220	0.583333	0.128394	3	HET	2	1	1	NA	NA	2.18789525716391	0.584046189377712	2	NEUT	1	1
LFS_05F_24_post	chr2	162135814	162137089	26	0.872314	-0.072755	7	ASCNA	4	1	3	1	1	1.9007202444733	0.87598179912845	4	AMP	3	1
LFS_05F_24_post	chr2	162137158	180648460	9637	0.6	0.028346	3	HET	2	1	1	NA	NA	2.04005602227301	0.600917851204954	2	NEUT	1	1
LFS_05F_24_post	chr2	180651001	181113461	457	0.571429	0.456227	5	GAIN	3	1	2	1	1	2.75086290844561	0.57191520564719	3	GAIN	2	1
LFS_05F_24_post	chr2	181115798	181227848	49	0.589744	0.120141	3	HET	2	1	1	NA	NA	2.1753082280829	0.590516500903979	2	NEUT	1	1
LFS_05F_24_post	chr2	181231364	182078577	786	0.578947	0.432868	5	GAIN	3	1	2	1	1	2.70638097296413	0.579493211797446	3	GAIN	2	1
LFS_05F_24_post	chr2	182080383	182159901	116	0.773156	1.360533	10	ASCNA	5	1	4	1	1	5.1649571311061	0.774146280892482	5	HLAMP	4	1
LFS_05F_24_post	chr2	182160017	182168292	26	0.743281	1.540219	14	UBCNA	6	2	4	1	1	5.85250690799589	0.744059360222451	6	HLAMP	4	2
LFS_05F_24_post	chr2	182170045	182401752	186	0.75593	1.379359	10	ASCNA	5	1	4	1	1	5.23304324194397	0.756845759113609	5	HLAMP	4	1
LFS_05F_24_post	chr2	182416968	182459711	82	0.611111	0.831971	8	BCNA	4	2	2	1	1	3.57483878271266	0.611692989261789	4	AMP	2	2
LFS_05F_24_post	chr2	182459884	186098640	2552	0.636364	0.717713	5	GAIN	3	1	2	1	1	3.30121531065156	0.637137464272147	3	GAIN	2	1
LFS_05F_24_post	chr2	186100156	242999443	33200	0.6	-0.009435	3	HET	2	1	1	NA	NA	1.98684093225463	0.600942434720274	2	NEUT	1	1
LFS_05F_24_post	chr3	60596	27360738	22226	0.571429	0.170618	3	HET	2	1	1	NA	NA	2.25343175308931	0.572022532543818	2	NEUT	1	1
LFS_05F_24_post	chr3	27435684	27629271	71	0.64	0.848621	8	BCNA	4	2	2	1	1	3.61655198221928	0.640724849260398	4	AMP	2	2
LFS_05F_24_post	chr3	27629897	28828525	603	0.65	0.742578	5	GAIN	3	1	2	1	1	3.35893076101141	0.650836189256988	3	GAIN	2	1
LFS_05F_24_post	chr3	28830659	28869967	49	0.64	0.811868	8	BCNA	4	2	2	1	1	3.52511211433489	0.640743651533477	4	AMP	2	2
LFS_05F_24_post	chr3	28871296	29029707	36	0.666667	0.728609	5	GAIN	3	1	2	1	1	3.32638418732713	0.66760519170091	3	GAIN	2	1
LFS_05F_24_post	chr3	29040292	29819753	535	0.647059	0.830102	8	BCNA	4	2	2	1	1	3.57018636394415	0.647830285377379	4	AMP	2	2
LFS_05F_24_post	chr3	29822857	30200658	299	0.652174	0.776206	5	GAIN	3	1	2	1	1	3.43858578892164	0.65300265731551	3	GAIN	2	1
LFS_05F_24_post	chr3	30205492	30578568	326	0.647059	0.811753	8	BCNA	4	2	2	1	1	3.52482963953797	0.647840210106196	4	AMP	2	2
LFS_05F_24_post	chr3	30582635	30778970	73	0.64	0.750897	5	GAIN	3	1	2	1	1	3.37846356831646	0.640775931122682	3	GAIN	2	1
LFS_05F_24_post	chr3	30792868	30815331	53	0.6	0.233936	3	HET	2	1	1	NA	NA	2.35537443193719	0.600794976736109	2	NEUT	1	1
LFS_05F_24_post	chr3	30826639	34229982	2533	0.651163	0.688665	5	GAIN	3	1	2	1	1	3.23503830587233	0.652037944390492	3	GAIN	2	1
LFS_05F_24_post	chr3	34230933	34301415	132	0.694161	0.818475	7	ASCNA	4	1	3	1	1	3.54137877146828	0.695187606469298	4	AMP	3	1
LFS_05F_24_post	chr3	34303283	35599459	709	0.647059	0.694162	5	GAIN	3	1	2	1	1	3.24745954022979	0.647906934363128	3	GAIN	2	1
LFS_05F_24_post	chr3	35600582	35628504	32	0.641026	0.863187	8	BCNA	4	2	2	1	1	3.6534410330627	0.641748788879316	4	AMP	2	2
LFS_05F_24_post	chr3	35635457	36398089	368	0.650581	0.731459	5	GAIN	3	1	2	1	1	3.3329988791576	0.651426959137079	3	GAIN	2	1
LFS_05F_24_post	chr3	36417251	37285915	433	0.578947	0.137823	3	HET	2	1	1	NA	NA	2.20236426038067	0.579618213768952	2	NEUT	1	1
LFS_05F_24_post	chr3	37306360	37358919	9	0.695652	1.011171	7	ASCNA	4	1	3	1	1	4.05010859160721	0.696556548796712	4	AMP	3	1
LFS_05F_24_post	chr3	37392099	39909607	1728	0.575758	0.282793	3	HET	2	1	1	NA	NA	2.4371503759837	0.576340050344188	2	NEUT	1	1
LFS_05F_24_post	chr3	39931133	39969854	79	0.571429	0.402507	5	GAIN	3	1	2	1	1	2.64963133365872	0.571933781576116	3	GAIN	2	1
LFS_05F_24_post	chr3	39970013	41588603	610	0.571429	0.285147	3	HET	2	1	1	NA	NA	2.44116082082815	0.571976888967134	2	NEUT	1	1
LFS_05F_24_post	chr3	41589758	41599916	76	0.574176	0.44263	5	GAIN	3	1	2	1	1	2.72488293411553	0.574685717961075	3	GAIN	2	1
LFS_05F_24_post	chr3	41610006	41959452	334	0.571429	0.330569	3	HET	2	1	1	NA	NA	2.51984025641444	0.571959781694326	2	NEUT	1	1
LFS_05F_24_post	chr3	41961168	41978738	39	0.578947	0.479171	5	GAIN	3	1	2	1	1	2.79526134652314	0.579475844008684	3	GAIN	2	1
LFS_05F_24_post	chr3	41980199	43478294	989	0.575758	0.282328	3	HET	2	1	1	NA	NA	2.4363589420009	0.576340239419129	2	NEUT	1	1
LFS_05F_24_post	chr3	43479517	44386614	388	0.571429	0.388015	5	GAIN	3	1	2	1	1	2.62296163419575	0.571938914084634	3	GAIN	2	1
LFS_05F_24_post	chr3	44388997	45079167	364	0.571429	0.288837	3	HET	2	1	1	NA	NA	2.44746055520803	0.571975478707445	2	NEUT	1	1
LFS_05F_24_post	chr3	45080570	45204988	129	0.567568	0.41191	5	GAIN	3	1	2	1	1	2.66707957786922	0.568042372458344	3	GAIN	2	1
LFS_05F_24_post	chr3	45210212	48053544	482	0.571429	0.298359	3	HET	2	1	1	NA	NA	2.4637915756869	0.571971856422569	2	NEUT	1	1
LFS_05F_24_post	chr3	48108442	48490186	7	1	0.336317	4	ALOH	3	0	3	1	1	2.52997460748472	1	3	GAIN	3	0
LFS_05F_24_post	chr3	48790762	52575831	196	0.583333	0.269596	3	HET	2	1	1	NA	NA	2.41478778537129	0.583979178379072	2	NEUT	1	1
LFS_05F_24_post	chr3	52584715	52719398	152	0.571429	0.411554	5	GAIN	3	1	2	1	1	2.66641690951004	0.571930603884959	3	GAIN	2	1
LFS_05F_24_post	chr3	52720080	53070215	264	0.576923	0.231457	3	HET	2	1	1	NA	NA	2.35129849214771	0.577535580015158	2	NEUT	1	1
LFS_05F_24_post	chr3	53091955	53789698	474	0.590909	0.417488	5	GAIN	3	1	2	1	1	2.67748400497706	0.591544761715194	3	GAIN	2	1
LFS_05F_24_post	chr3	53790276	53862116	70	0.588558	0.232726	3	HET	2	1	1	NA	NA	2.35338409058455	0.589262610909127	2	NEUT	1	1
LFS_05F_24_post	chr3	53872017	73048361	12938	0.6	0.487217	5	GAIN	3	1	2	1	1	2.81099896570706	0.60066612186666	3	GAIN	2	1
LFS_05F_24_post	chr3	73050614	79598614	4322	0.672902	-0.228843	3	HET	2	1	1	NA	NA	1.70389135400992	0.674802082656782	2	NEUT	1	1
LFS_05F_24_post	chr3	79600772	80403860	724	0.588235	0.495606	5	GAIN	3	1	2	1	1	2.82750120807448	0.588819322308202	3	GAIN	2	1
LFS_05F_24_post	chr3	80416143	85569776	3145	0.571429	0.276865	3	HET	2	1	1	NA	NA	2.42707994687727	0.571980067583271	2	NEUT	1	1
LFS_05F_24_post	chr3	85570393	85579759	48	0.581989	0.433519	5	GAIN	3	1	2	1	1	2.70761092388787	0.582556000847547	3	GAIN	2	1
LFS_05F_24_post	chr3	85580216	85639672	304	0.571429	0.263642	3	HET	2	1	1	NA	NA	2.40476537898927	0.571985181111229	2	NEUT	1	1
LFS_05F_24_post	chr3	85640136	85689790	91	0.565217	0.456942	5	GAIN	3	1	2	1	1	2.75223585689088	0.565660700118607	3	GAIN	2	1
LFS_05F_24_post	chr3	85691295	86829498	1022	0.573214	0.307773	3	HET	2	1	1	NA	NA	2.48004367525878	0.573766776003921	2	NEUT	1	1
LFS_05F_24_post	chr3	86830683	86908719	172	0.571429	0.430492	5	GAIN	3	1	2	1	1	2.70189664190483	0.57192401711501	3	GAIN	2	1
LFS_05F_24_post	chr3	86909916	87337892	307	0.575758	0.316846	3	HET	2	1	1	NA	NA	2.49580775805928	0.576326370785209	2	NEUT	1	1
LFS_05F_24_post	chr3	87341538	87349343	46	0.571429	0.450907	5	GAIN	3	1	2	1	1	2.74066874238835	0.57191701413321	3	GAIN	2	1
LFS_05F_24_post	chr3	87350558	87529982	250	0.576923	0.279863	3	HET	2	1	1	NA	NA	2.43216774854912	0.577515211810563	2	NEUT	1	1
LFS_05F_24_post	chr3	87540489	87614638	111	0.576923	0.378127	5	GAIN	3	1	2	1	1	2.60491784591596	0.577475938154353	3	GAIN	2	1
LFS_05F_24_post	chr3	87620750	88519963	769	0.571429	0.311703	3	HET	2	1	1	NA	NA	2.48685977076024	0.571966820868091	2	NEUT	1	1
LFS_05F_24_post	chr3	88520192	88589950	108	0.57634	0.436441	5	GAIN	3	1	2	1	1	2.71313837444688	0.576866859223877	3	GAIN	2	1
LFS_05F_24_post	chr3	88590025	95159540	979	0.571429	0.30007	3	HET	2	1	1	NA	NA	2.46673752403467	0.571971208105929	2	NEUT	1	1
LFS_05F_24_post	chr3	95160044	95169962	74	0.596875	0.398794	5	GAIN	3	1	2	1	1	2.64277273420274	0.597561382613816	3	GAIN	2	1
LFS_05F_24_post	chr3	95170024	95849184	856	0.571429	0.271636	3	HET	2	1	1	NA	NA	2.41823125526451	0.571982084026939	2	NEUT	1	1
LFS_05F_24_post	chr3	95850356	95865839	38	0.563859	0.419739	5	GAIN	3	1	2	1	1	2.68169411371117	0.564304889505532	3	GAIN	2	1
LFS_05F_24_post	chr3	95870945	97499729	522	0.579796	0.34081	3	HET	2	1	1	NA	NA	2.53792442054521	0.580384730876304	2	NEUT	1	1
LFS_05F_24_post	chr3	97500534	97647675	95	0.590909	0.406118	5	GAIN	3	1	2	1	1	2.65631847257595	0.591549827461384	3	GAIN	2	1
LFS_05F_24_post	chr3	97650138	97722748	55	0.583333	0.27662	3	HET	2	1	1	NA	NA	2.42666463301057	0.583976015782127	2	NEUT	1	1
LFS_05F_24_post	chr3	97753954	98969611	1412	0.586207	0.547093	5	GAIN	3	1	2	1	1	2.93091180035102	0.586757749559772	3	GAIN	2	1
LFS_05F_24_post	chr3	98970102	197794027	59598	0.590909	0.080539	3	HET	2	1	1	NA	NA	2.115901086357	0.591713499716165	2	NEUT	1	1
LFS_05F_24_post	chr4	40094	20099159	15463	0.571429	0.154218	3	HET	2	1	1	NA	NA	2.22774900869155	0.572029375121036	2	NEUT	1	1
LFS_05F_24_post	chr4	20110526	20130064	52	0.568323	0.400464	5	GAIN	3	1	2	1	1	2.64585534975283	0.568806520850281	3	GAIN	2	1
LFS_05F_24_post	chr4	20130480	30549459	7478	0.571429	0.214778	3	HET	2	1	1	NA	NA	2.32405642615485	0.572004495958566	2	NEUT	1	1
LFS_05F_24_post	chr4	30550722	30602036	67	0.571429	0.380612	5	GAIN	3	1	2	1	1	2.60944088769193	0.5719415561905	3	GAIN	2	1
LFS_05F_24_post	chr4	30604318	35497037	3462	0.571429	0.260639	3	HET	2	1	1	NA	NA	2.39972608010407	0.571986349062387	2	NEUT	1	1
LFS_05F_24_post	chr4	35500636	35519558	94	0.58114	0.433244	5	GAIN	3	1	2	1	1	2.70709129165944	0.581701237236833	3	GAIN	2	1
LFS_05F_24_post	chr4	35520162	48656326	11014	0.571429	0.232548	3	HET	2	1	1	NA	NA	2.35309143738875	0.571997394861109	2	NEUT	1	1
LFS_05F_24_post	chr4	53666689	68255682	8370	1	-0.708474	1	DLOH	1	0	1	1	1	1.21666840918943	1	1	HETD	1	0
LFS_05F_24_post	chr4	68264282	68266721	15	0.711816	0.24282	5	GAIN	3	1	2	1	1	2.3700390486947	0.71348946886673	3	GAIN	2	1
LFS_05F_24_post	chr4	68291325	70243416	291	1	-0.622307	1	DLOH	1	0	1	1	1	1.29270201313749	1	1	HETD	1	0
LFS_05F_24_post	chr4	70246771	70249334	54	0.683014	-0.710006	3	HET	2	1	1	NA	NA	1.21535723972977	0.68583364697343	2	NEUT	1	1
LFS_05F_24_post	chr4	70249768	103804194	17281	1	-0.691116	1	DLOH	1	0	1	1	1	1.23162200270662	1	1	HETD	1	0
LFS_05F_24_post	chr4	103808862	103808915	2	0.544118	-0.467015	3	HET	2	1	1	NA	NA	1.44174171771526	0.544690984306663	2	NEUT	1	1
LFS_05F_24_post	chr4	103900090	170261731	30585	1	-0.689629	1	DLOH	1	0	1	1	1	1.23291141174567	1	1	HETD	1	0
LFS_05F_24_post	chr4	170281122	170281791	6	0.562609	-0.638671	3	HET	2	1	1	NA	NA	1.27791098881185	0.563526382684817	2	NEUT	1	1
LFS_05F_24_post	chr4	170333639	175301995	2351	1	-0.691984	1	DLOH	1	0	1	1	1	1.23086995569208	1	1	HETD	1	0
LFS_05F_24_post	chr4	175304353	175304830	17	0.631579	-0.733944	3	HET	2	1	1	NA	NA	1.19504960857376	0.633640650404974	2	NEUT	1	1
LFS_05F_24_post	chr4	175304986	189425287	9136	1	-0.735353	1	DLOH	1	0	1	1	1	1.1938647614219	1	1	HETD	1	0
LFS_05F_24_post	chr4	189426228	189428423	16	0.758098	-0.753538	3	HET	2	1	1	NA	NA	1.17867614172227	0.762198195103007	2	NEUT	1	1
LFS_05F_24_post	chr4	189440911	190194656	689	1	-0.796331	1	DLOH	1	0	1	1	1	1.14368060337958	1	1	HETD	1	0
LFS_05F_24_post	chr4	190194969	190200847	26	0.813569	-0.63397	3	HET	2	1	1	NA	NA	1.28214294769264	0.818148426039517	2	NEUT	1	1
LFS_05F_24_post	chr4	190200853	190200919	3	0.924812	-0.728322	1	DLOH	1	0	1	1	1	1.19978876130935	0.931441890610187	1	HETD	1	0
LFS_05F_24_post	chr4	190201016	190202098	30	0.723404	-0.728322	3	HET	2	1	1	NA	NA	1.19978876130935	0.72689058720064	2	NEUT	1	1
LFS_05F_24_post	chr4	190203090	190539909	178	1	-0.69047	1	DLOH	1	0	1	1	1	1.23218199965599	1	1	HETD	1	0
LFS_05F_24_post	chr4	190539915	190546414	179	0.807692	-0.253174	3	HET	2	1	1	NA	NA	1.67508310440864	0.811131491359372	2	NEUT	1	1
LFS_05F_24_post	chr4	190546483	190546520	2	0.994253	-0.253174	2	NLOH	2	0	2	1	1	1.67508310440864	0.99977793702418	2	NEUT	2	0
LFS_05F_24_post	chr4	190546549	190549759	67	0.8	-0.253174	3	HET	2	1	1	NA	NA	1.67508310440864	0.803353507428896	2	NEUT	1	1
LFS_05F_24_post	chr4	190549837	190549844	2	1	-0.253174	2	NLOH	2	0	2	1	1	1.67508310440864	1	2	NEUT	2	0
LFS_05F_24_post	chr4	190549872	190554612	83	0.828571	-0.227942	3	HET	2	1	1	NA	NA	1.70496750784589	0.832179506557354	2	NEUT	1	1
LFS_05F_24_post	chr4	190554661	190554704	4	1	-0.227942	2	NLOH	2	0	2	1	1	1.70496750784589	1	2	NEUT	2	0
LFS_05F_24_post	chr4	190554948	190566382	208	0.826087	-0.419335	3	HET	2	1	1	NA	NA	1.4908155073103	0.830182660596568	2	NEUT	1	1
LFS_05F_24_post	chr4	190566424	190568369	20	0.924113	-0.419335	1	DLOH	1	0	1	1	1	1.4908155073103	0.929439869524366	1	HETD	1	0
LFS_05F_24_post	chr4	190568413	190602044	711	0.82716	-0.333667	3	HET	2	1	1	NA	NA	1.5831676319094	0.831029436051436	2	NEUT	1	1
LFS_05F_24_post	chr4	190602193	190602217	2	1	-0.361959	2	NLOH	2	0	2	1	1	1.55205970886608	1	2	NEUT	2	0
LFS_05F_24_post	chr4	190602243	190666579	1314	0.8125	-0.356142	3	HET	2	1	1	NA	NA	1.55840595542384	0.816254773972125	2	NEUT	1	1
LFS_05F_24_post	chr4	190666824	190666932	7	0.943396	-0.356142	1	DLOH	1	0	1	1	1	1.55840595542384	0.948723525632461	1	HETD	1	0
LFS_05F_24_post	chr4	190666976	190670840	86	0.812169	-0.356142	3	HET	2	1	1	NA	NA	1.55840595542384	0.815919796915533	2	NEUT	1	1
LFS_05F_24_post	chr4	190670906	190670994	5	0.986667	-0.284263	2	NLOH	2	0	2	1	1	1.63897327968835	0.992226995005298	2	NEUT	2	0
LFS_05F_24_post	chr4	190670995	190673536	59	0.842105	-0.284263	3	HET	2	1	1	NA	NA	1.63897327968835	0.846013426277696	2	NEUT	1	1
LFS_05F_24_post	chr4	190673557	190673572	2	1	-0.284263	2	NLOH	2	0	2	1	1	1.63897327968835	1	2	NEUT	2	0
LFS_05F_24_post	chr4	190673595	190684454	198	0.80597	-0.284263	3	HET	2	1	1	NA	NA	1.63897327968835	0.809465596931312	2	NEUT	1	1
LFS_05F_24_post	chr4	190685101	190780046	41	1	-0.6185	1	DLOH	1	0	1	1	1	1.29616719069686	1	1	HETD	1	0
LFS_05F_24_post	chr4	190801736	190866788	76	0.622845	-0.581682	3	HET	2	1	1	NA	NA	1.33015546706142	0.624574296478462	2	NEUT	1	1
LFS_05F_24_post	chr5	31107	1959880	1280	0.65625	0.230596	3	HET	2	1	1	NA	NA	2.34988448495858	0.65749505314131	2	NEUT	1	1
LFS_05F_24_post	chr5	1980101	1988698	22	0.676548	0.482917	5	GAIN	3	1	2	1	1	2.80257743790819	0.677727558696548	3	GAIN	2	1
LFS_05F_24_post	chr5	1990166	2339445	447	0.655172	0.231717	3	HET	2	1	1	NA	NA	2.35172565210605	0.656407495242987	2	NEUT	1	1
LFS_05F_24_post	chr5	2340989	2349639	53	0.631579	0.438448	5	GAIN	3	1	2	1	1	2.71694144057265	0.632485819143279	3	GAIN	2	1
LFS_05F_24_post	chr5	2350098	3969857	1773	0.65625	0.229865	3	HET	2	1	1	NA	NA	2.34868463698783	0.657495689188595	2	NEUT	1	1
LFS_05F_24_post	chr5	3970680	3989391	54	0.65301	0.466979	5	GAIN	3	1	2	1	1	2.77158097210662	0.654043728810125	3	GAIN	2	1
LFS_05F_24_post	chr5	3990121	5546893	1129	0.655172	0.263034	3	HET	2	1	1	NA	NA	2.40374425430965	0.656380758315606	2	NEUT	1	1
LFS_05F_24_post	chr5	5576815	5607865	49	0.647059	0.391116	5	GAIN	3	1	2	1	1	2.62864591211984	0.648106547912152	3	GAIN	2	1
LFS_05F_24_post	chr5	5610209	5724500	63	0.615385	0.188194	3	HET	2	1	1	NA	NA	2.28128218087511	0.616332075762654	2	NEUT	1	1
LFS_05F_24_post	chr5	5729907	5746746	74	0.666667	0.406607	5	GAIN	3	1	2	1	1	2.65722532938067	0.667841452916763	3	GAIN	2	1
LFS_05F_24_post	chr5	5750007	5915690	289	0.666667	0.254511	3	HET	2	1	1	NA	NA	2.38947524051316	0.667973054980473	2	NEUT	1	1
LFS_05F_24_post	chr5	5920768	5981228	65	0.666667	0.371397	5	GAIN	3	1	2	1	1	2.59270736934745	0.667870678469651	3	GAIN	2	1
LFS_05F_24_post	chr5	5984169	6559989	556	0.666667	0.275483	3	HET	2	1	1	NA	NA	2.42473816052313	0.667954061048239	2	NEUT	1	1
LFS_05F_24_post	chr5	6560041	6569986	47	0.666667	0.508612	5	GAIN	3	1	2	1	1	2.85327614693237	0.667760755345743	3	GAIN	2	1
LFS_05F_24_post	chr5	6570200	7440086	832	0.657143	0.298523	3	HET	2	1	1	NA	NA	2.46407379458674	0.658337141264897	2	NEUT	1	1
LFS_05F_24_post	chr5	7454862	20638988	7621	0.606061	0.522384	5	GAIN	3	1	2	1	1	2.88082360794244	0.606750371661229	3	GAIN	2	1
LFS_05F_24_post	chr5	20650110	21085698	39	0.707317	0.930239	7	ASCNA	4	1	3	1	1	3.8281402216388	0.70833105486903	4	AMP	3	1
LFS_05F_24_post	chr5	21120342	26819984	3155	0.571429	0.24807	3	HET	2	1	1	NA	NA	2.37874764990745	0.571991264383439	2	NEUT	1	1
LFS_05F_24_post	chr5	26820189	26829730	37	0.56	0.48691	5	GAIN	3	1	2	1	1	2.81039687537605	0.560399758744672	3	GAIN	2	1
LFS_05F_24_post	chr5	26830844	43569026	11267	0.571429	0.251345	3	HET	2	1	1	NA	NA	2.38419623074345	0.571989979446022	2	NEUT	1	1
LFS_05F_24_post	chr5	43580063	43709233	126	0.571429	0.460595	5	GAIN	3	1	2	1	1	2.75926100397027	0.571913725830143	3	GAIN	2	1
LFS_05F_24_post	chr5	43730908	180696860	78654	0.576923	0.162764	3	HET	2	1	1	NA	NA	2.24109579237706	0.577565702766593	2	NEUT	1	1
LFS_05F_24_post	chr6	209033	382111	234	0.583333	-0.427789	3	HET	2	1	1	NA	NA	1.48199567046914	0.584385893532719	2	NEUT	1	1
LFS_05F_24_post	chr6	382246	27119977	14409	1	-0.720744	1	DLOH	1	0	1	1	1	1.20620604867913	1	1	HETD	1	0
LFS_05F_24_post	chr6	27157407	27161175	8	0.555336	-0.688411	3	HET	2	1	1	NA	NA	1.23396855578871	0.556175688191591	2	NEUT	1	1
LFS_05F_24_post	chr6	27299525	28426986	257	1	-0.738482	1	DLOH	1	0	1	1	1	1.19123767760124	1	1	HETD	1	0
LFS_05F_24_post	chr6	29838061	29870952	98	0.789474	0.151474	3	HET	2	1	1	NA	NA	2.22348028586406	0.791911758364781	2	NEUT	1	1
LFS_05F_24_post	chr6	29916064	57161932	11107	1	-0.711799	1	DLOH	1	0	1	1	1	1.2138244594851	1	1	HETD	1	0
LFS_05F_24_post	chr6	57210058	57430351	3544	0.607143	-0.596416	3	HET	2	1	1	NA	NA	1.31644968920983	0.60866696120809	2	NEUT	1	1
LFS_05F_24_post	chr6	57430362	57430363	2	1	0.07021	2	NLOH	2	0	2	1	1	2.10067277514294	1	2	NEUT	2	0
LFS_05F_24_post	chr6	57430380	57569626	4325	0.659091	0.050025	3	HET	2	1	1	NA	NA	2.07122638783241	0.660529243491699	2	NEUT	1	1
LFS_05F_24_post	chr6	57611142	68099450	4067	1	-0.656901	1	DLOH	1	0	1	1	1	1.26162968821838	1	1	HETD	1	0
LFS_05F_24_post	chr6	68100159	68112725	50	0.608586	-0.491982	3	HET	2	1	1	NA	NA	1.41668461214995	0.610021208622161	2	NEUT	1	1
LFS_05F_24_post	chr6	68112790	136578005	32151	1	-0.660783	1	DLOH	1	0	1	1	1	1.25818914505241	1	1	HETD	1	0
LFS_05F_24_post	chr6	136597262	136599842	8	0.599802	-0.378546	3	HET	2	1	1	NA	NA	1.53410345728813	0.601020144958178	2	NEUT	1	1
LFS_05F_24_post	chr6	136639352	137973832	571	1	-0.706239	1	DLOH	1	0	1	1	1	1.21858374355103	1	1	HETD	1	0
LFS_05F_24_post	chr6	137974348	137974865	4	0.641711	-0.779534	3	HET	2	1	1	NA	NA	1.15729333904589	0.644003843884411	2	NEUT	1	1
LFS_05F_24_post	chr6	137976047	157537625	9092	1	-0.676443	1	DLOH	1	0	1	1	1	1.24440360213469	1	1	HETD	1	0
LFS_05F_24_post	chr6	157732114	157735340	6	0.72854	-0.69462	3	HET	2	1	1	NA	NA	1.22858886095979	0.732023132742661	2	NEUT	1	1
LFS_05F_24_post	chr6	157775300	170909796	8054	1	-0.772133	1	DLOH	1	0	1	1	1	1.16334179160484	1	1	HETD	1	0
LFS_05F_24_post	chr7	50354	68734	49	1	0.223521	2	NLOH	2	0	2	1	1	2.33829722229015	1	2	NEUT	2	0
LFS_05F_24_post	chr7	80500	609916	448	0.616203	0.720214	5	GAIN	3	1	2	1	1	3.3069756209492	0.61686096186544	3	GAIN	2	1
LFS_05F_24_post	chr7	610557	9119741	5159	1	-0.569814	1	DLOH	1	0	1	1	1	1.34129748613513	1	1	HETD	1	0
LFS_05F_24_post	chr7	9120167	9126430	13	1	-0.207358	2	NLOH	2	0	2	1	1	1.72973698455901	1	2	NEUT	2	0
LFS_05F_24_post	chr7	9127927	9130409	5	0.576923	-0.207358	3	HET	2	1	1	NA	NA	1.72973698455901	0.577755703745609	2	NEUT	1	1
LFS_05F_24_post	chr7	9140539	11549981	1943	1	-0.491696	1	DLOH	1	0	1	1	1	1.41696919602923	1	1	HETD	1	0
LFS_05F_24_post	chr7	11560016	11599839	118	1	-0.359292	2	NLOH	2	0	2	1	1	1.5549661835075	1	2	NEUT	2	0
LFS_05F_24_post	chr7	11600372	11729942	186	1	-0.526611	1	DLOH	1	0	1	1	1	1.38264070431289	1	1	HETD	1	0
LFS_05F_24_post	chr7	11731007	11847740	155	1	-0.398555	2	NLOH	2	0	2	1	1	1.51271565981605	1	2	NEUT	2	0
LFS_05F_24_post	chr7	11851395	12078163	121	1	-0.441069	1	DLOH	1	0	1	1	1	1.46824493264858	1	1	HETD	1	0
LFS_05F_24_post	chr7	12080739	12092886	19	1	-0.399687	2	NLOH	2	0	2	1	1	1.51151449777726	1	2	NEUT	2	0
LFS_05F_24_post	chr7	12094739	12099687	10	0.596875	0.371613	5	GAIN	3	1	2	1	1	2.59309838167832	0.597574531213254	3	GAIN	2	1
LFS_05F_24_post	chr7	12100484	14279681	2427	0.6	0.834369	8	BCNA	4	2	2	1	1	3.58081685198969	0.600522916405841	4	AMP	2	2
LFS_05F_24_post	chr7	14280199	14299386	57	0.604651	0.733735	5	GAIN	3	1	2	1	1	3.3382907413719	0.605237993917261	3	GAIN	2	1
LFS_05F_24_post	chr7	14300052	15166805	684	0.59375	0.853703	8	BCNA	4	2	2	1	1	3.62938009388621	0.59423367450926	4	AMP	2	2
LFS_05F_24_post	chr7	15170512	15229545	91	0.612903	0.73197	5	GAIN	3	1	2	1	1	3.33418626391214	0.613537059479947	3	GAIN	2	1
LFS_05F_24_post	chr7	15230201	16889514	1435	0.595745	0.852995	8	BCNA	4	2	2	1	1	3.62759023224323	0.59623921082736	4	AMP	2	2
LFS_05F_24_post	chr7	16890368	16899376	33	0.6	0.652561	5	GAIN	3	1	2	1	1	3.15462205255227	0.600593563300777	3	GAIN	2	1
LFS_05F_24_post	chr7	16901362	20848979	2827	0.605263	0.844989	8	BCNA	4	2	2	1	1	3.60741164511254	0.605809379525419	4	AMP	2	2
LFS_05F_24_post	chr7	20850824	21672251	785	0.606061	0.768063	5	GAIN	3	1	2	1	1	3.41912666831579	0.606641837842224	3	GAIN	2	1
LFS_05F_24_post	chr7	21680566	21709652	49	0.6	0.836131	8	BCNA	4	2	2	1	1	3.58521574894068	0.600522274811152	4	AMP	2	2
LFS_05F_24_post	chr7	21711019	21729064	46	0.596296	0.646354	5	GAIN	3	1	2	1	1	3.14099848586128	0.596870056840882	3	GAIN	2	1
LFS_05F_24_post	chr7	21730108	21749502	41	0.6	0.863738	8	BCNA	4	2	2	1	1	3.65484378949055	0.600512325009239	4	AMP	2	2
LFS_05F_24_post	chr7	21752786	22739562	942	0.606061	0.719322	5	GAIN	3	1	2	1	1	3.30492001828194	0.606661909597004	3	GAIN	2	1
LFS_05F_24_post	chr7	22750220	22878391	95	0.604651	0.874043	8	BCNA	4	2	2	1	1	3.68117759211461	0.60518331780054	4	AMP	2	2
LFS_05F_24_post	chr7	22885965	22919731	33	0.641026	0.670461	5	GAIN	3	1	2	1	1	3.19424009595444	0.641852696325451	3	GAIN	2	1
LFS_05F_24_post	chr7	22920154	24179692	626	0.607143	0.817428	8	BCNA	4	2	2	1	1	3.53879605232819	0.607709921130546	4	AMP	2	2
LFS_05F_24_post	chr7	24180088	24269627	156	0.604957	0.678901	5	GAIN	3	1	2	1	1	3.21309154930715	0.605568649584452	3	GAIN	2	1
LFS_05F_24_post	chr7	24270802	24399804	115	0.580645	0.837854	8	BCNA	4	2	2	1	1	3.58952247953222	0.58106568317694	4	AMP	2	2
LFS_05F_24_post	chr7	24400399	24557623	173	0.615385	0.75818	5	GAIN	3	1	2	1	1	3.39565658346437	0.616021267834563	3	GAIN	2	1
LFS_05F_24_post	chr7	24561060	25535451	947	0.612903	0.813436	8	BCNA	4	2	2	1	1	3.52896584413287	0.613502062870517	4	AMP	2	2
LFS_05F_24_post	chr7	25550748	25858295	94	0.62069	0.752207	5	GAIN	3	1	2	1	1	3.38154969364697	0.621358297581569	3	GAIN	2	1
LFS_05F_24_post	chr7	25860812	25950190	98	0.627679	0.80872	8	BCNA	4	2	2	1	1	3.51738779602067	0.628358694250641	4	AMP	2	2
LFS_05F_24_post	chr7	25950880	26598987	316	0.601724	0.756226	5	GAIN	3	1	2	1	1	3.39103524303644	0.60228570139439	3	GAIN	2	1
LFS_05F_24_post	chr7	26600663	26649421	80	0.606061	0.82013	8	BCNA	4	2	2	1	1	3.54546511809622	0.606621140373735	4	AMP	2	2
LFS_05F_24_post	chr7	26654392	26688808	48	0.609127	0.717702	5	GAIN	3	1	2	1	1	3.30118999747059	0.609745979223561	3	GAIN	2	1
LFS_05F_24_post	chr7	26690417	26963514	406	0.604651	0.865398	8	BCNA	4	2	2	1	1	3.65907311942866	0.605186533534115	4	AMP	2	2
LFS_05F_24_post	chr7	27065254	27469280	126	0.621622	0.753201	5	GAIN	3	1	2	1	1	3.38389325014657	0.622294991939904	3	GAIN	2	1
LFS_05F_24_post	chr7	27470500	28436715	664	0.611111	0.811612	8	BCNA	4	2	2	1	1	3.52448333160066	0.611701304333549	4	AMP	2	2
LFS_05F_24_post	chr7	28465434	30507380	1324	0.617021	0.745411	5	GAIN	3	1	2	1	1	3.36556993207488	0.617672057823784	3	GAIN	2	1
LFS_05F_24_post	chr7	30511794	30667433	38	0.591415	0.840632	8	BCNA	4	2	2	1	1	3.59647707988863	0.591890942560692	4	AMP	2	2
LFS_05F_24_post	chr7	30692301	31519647	335	0.606061	0.692324	5	GAIN	3	1	2	1	1	3.2433010563047	0.606673326183058	3	GAIN	2	1
LFS_05F_24_post	chr7	31530356	31678860	200	0.604651	0.805173	8	BCNA	4	2	2	1	1	3.50870461304864	0.605209484277059	4	AMP	2	2
LFS_05F_24_post	chr7	31679374	31810286	74	0.603571	0.695253	5	GAIN	3	1	2	1	1	3.24993043989174	0.604167730835326	3	GAIN	2	1
LFS_05F_24_post	chr7	31821769	32069640	234	0.597872	0.808928	8	BCNA	4	2	2	1	1	3.51789765042337	0.598392942319498	4	AMP	2	2
LFS_05F_24_post	chr7	32071145	32139720	72	0.614144	0.763447	5	GAIN	3	1	2	1	1	3.40814460955688	0.614771118265146	3	GAIN	2	1
LFS_05F_24_post	chr7	32140526	32179793	43	0.617647	0.824311	8	BCNA	4	2	2	1	1	3.55580929422019	0.618266522055996	4	AMP	2	2
LFS_05F_24_post	chr7	32180588	32269315	151	0.615385	0.737489	5	GAIN	3	1	2	1	1	3.34703732033592	0.61603051029896	3	GAIN	2	1
LFS_05F_24_post	chr7	32270037	32296610	84	0.583333	0.787216	8	BCNA	4	2	2	1	1	3.46507136265652	0.5837833178993	4	AMP	2	2
LFS_05F_24_post	chr7	32297232	32339594	60	0.599507	0.726881	5	GAIN	3	1	2	1	1	3.32237995385536	0.600067813825467	3	GAIN	2	1
LFS_05F_24_post	chr7	32360028	35288276	1485	0.611111	0.834881	8	BCNA	4	2	2	1	1	3.58209452487026	0.611691810408469	4	AMP	2	2
LFS_05F_24_post	chr7	35290201	35319577	112	0.586582	0.70966	5	GAIN	3	1	2	1	1	3.28273531518971	0.587075862581859	3	GAIN	2	1
LFS_05F_24_post	chr7	35320843	35399812	127	0.6	0.797851	8	BCNA	4	2	2	1	1	3.49084747328092	0.600536393495433	4	AMP	2	2
LFS_05F_24_post	chr7	35400367	35619997	51	0.594595	0.691712	5	GAIN	3	1	2	1	1	3.24191757863325	0.595141362128721	3	GAIN	2	1
LFS_05F_24_post	chr7	35620213	35947885	160	0.618347	0.805212	8	BCNA	4	2	2	1	1	3.50879997041658	0.618978557677416	4	AMP	2	2
LFS_05F_24_post	chr7	36120842	36179061	97	0.625	0.764306	5	GAIN	3	1	2	1	1	3.41018562111005	0.625686351157334	3	GAIN	2	1
LFS_05F_24_post	chr7	36181286	36199921	34	0.604742	0.877384	8	BCNA	4	2	2	1	1	3.68975577215628	0.605273542038582	4	AMP	2	2
LFS_05F_24_post	chr7	36200727	36288575	79	0.62963	0.723076	5	GAIN	3	1	2	1	1	3.31357965106666	0.630362525053306	3	GAIN	2	1
LFS_05F_24_post	chr7	36289982	36299631	16	0.554094	0.96477	8	BCNA	4	2	2	1	1	3.9213259386088	0.554352303642671	4	AMP	2	2
LFS_05F_24_post	chr7	36300725	36358982	72	0.616516	0.647608	5	GAIN	3	1	2	1	1	3.14374613194075	0.617209988821431	3	GAIN	2	1
LFS_05F_24_post	chr7	36360196	36497807	86	0.590326	0.839528	8	BCNA	4	2	2	1	1	3.59371166105609	0.590796634679462	4	AMP	2	2
LFS_05F_24_post	chr7	36500107	37729431	638	0.6	0.718357	5	GAIN	3	1	2	1	1	3.30269761880422	0.600566951048608	3	GAIN	2	1
LFS_05F_24_post	chr7	37730060	38116318	351	0.604651	0.803643	8	BCNA	4	2	2	1	1	3.50496570365173	0.605210080038127	4	AMP	2	2
LFS_05F_24_post	chr7	38117882	38199884	89	0.611111	0.724433	5	GAIN	3	1	2	1	1	3.3167154934886	0.611738282559584	3	GAIN	2	1
LFS_05F_24_post	chr7	38200501	38336511	91	0.612245	0.799041	8	BCNA	4	2	2	1	1	3.49374352106239	0.612846575804645	4	AMP	2	2
LFS_05F_24_post	chr7	38340728	38417535	73	0.642857	0.758371	5	GAIN	3	1	2	1	1	3.39610864711866	0.643644651902437	3	GAIN	2	1
LFS_05F_24_post	chr7	38427597	42872745	2946	0.607493	0.825079	8	BCNA	4	2	2	1	1	3.55771265760617	0.608058748864521	4	AMP	2	2
LFS_05F_24_post	chr7	42906180	43265410	193	0.617647	0.769052	5	GAIN	3	1	2	1	1	3.42148420095615	0.618290844061612	3	GAIN	2	1
LFS_05F_24_post	chr7	43282383	43374926	3	1	0.765186	6	ALOH	4	0	4	1	1	3.41227778989072	1	4	AMP	4	0
LFS_05F_24_post	chr7	43416207	43939268	410	0.615385	0.825992	8	BCNA	4	2	2	1	1	3.55997669859976	0.615991899214293	4	AMP	2	2
LFS_05F_24_post	chr7	43940720	44117825	117	0.606061	0.73791	5	GAIN	3	1	2	1	1	3.34801964337052	0.606654173985776	3	GAIN	2	1
LFS_05F_24_post	chr7	44120037	44138054	25	0.585366	0.967044	8	BCNA	4	2	2	1	1	3.92754120916562	0.585772985145105	4	AMP	2	2
LFS_05F_24_post	chr7	44140887	44828585	221	0.604651	0.732335	5	GAIN	3	1	2	1	1	3.33503465340815	0.605238567015902	3	GAIN	2	1
LFS_05F_24_post	chr7	44831442	45189187	155	0.6	0.813226	8	BCNA	4	2	2	1	1	3.52844947666172	0.600530677253735	4	AMP	2	2
LFS_05F_24_post	chr7	45190414	45299663	194	0.621156	0.736048	5	GAIN	3	1	2	1	1	3.3436771911837	0.62183447673469	3	GAIN	2	1
LFS_05F_24_post	chr7	45302412	45537938	84	0.589572	0.852355	8	BCNA	4	2	2	1	1	3.62597303391981	0.590034553613109	4	AMP	2	2
LFS_05F_24_post	chr7	45568033	45568034	2	0.991071	0.766295	4	ALOH	3	0	3	1	1	3.41491621620386	0.993763641971891	3	GAIN	3	0
LFS_05F_24_post	chr7	45571645	45648803	36	0.63961	0.644253	5	GAIN	3	1	2	1	1	3.13640032295203	0.640443488118736	3	GAIN	2	1
LFS_05F_24_post	chr7	45650368	45658187	22	0.598077	0.894873	8	BCNA	4	2	2	1	1	3.73498523695941	0.598568691453756	4	AMP	2	2
LFS_05F_24_post	chr7	45660147	46028846	201	0.612903	0.714501	5	GAIN	3	1	2	1	1	3.29383205567613	0.613544827625941	3	GAIN	2	1
LFS_05F_24_post	chr7	46030200	46179702	138	0.611111	0.901371	8	BCNA	4	2	2	1	1	3.75193034293164	0.611665519299135	4	AMP	2	2
LFS_05F_24_post	chr7	46190163	46250109	64	0.625	0.745807	5	GAIN	3	1	2	1	1	3.36649900202753	0.625695257846909	3	GAIN	2	1
LFS_05F_24_post	chr7	46287591	47065952	570	0.611111	0.820452	8	BCNA	4	2	2	1	1	3.5462607104894	0.611697679309283	4	AMP	2	2
LFS_05F_24_post	chr7	47070010	47169820	59	0.615385	0.697736	5	GAIN	3	1	2	1	1	3.25556091525866	0.61604864817539	3	GAIN	2	1
LFS_05F_24_post	chr7	47170951	47251761	93	0.595238	0.798352	8	BCNA	4	2	2	1	1	3.49206644259355	0.595748672115543	4	AMP	2	2
LFS_05F_24_post	chr7	47283472	47719760	321	0.621622	0.727557	5	GAIN	3	1	2	1	1	3.3239458537167	0.622307129356214	3	GAIN	2	1
LFS_05F_24_post	chr7	47721729	48317708	653	0.611111	0.82054	8	BCNA	4	2	2	1	1	3.5464781703638	0.611697643335789	4	AMP	2	2
LFS_05F_24_post	chr7	48322452	48459886	45	0.604651	0.693646	5	GAIN	3	1	2	1	1	3.24629155278232	0.605254629195768	3	GAIN	2	1
LFS_05F_24_post	chr7	48462563	48479962	86	0.622845	0.884983	8	BCNA	4	2	2	1	1	3.70934070853347	0.623465119138612	4	AMP	2	2
LFS_05F_24_post	chr7	48480083	49004552	222	0.611111	0.750188	5	GAIN	3	1	2	1	1	3.37679445970274	0.611727122126767	3	GAIN	2	1
LFS_05F_24_post	chr7	49026766	49145219	41	0.631579	0.85464	8	BCNA	4	2	2	1	1	3.63175023058449	0.632257398665396	4	AMP	2	2
LFS_05F_24_post	chr7	49163889	49358032	157	0.633333	0.728526	5	GAIN	3	1	2	1	1	3.32619174468224	0.634083593407628	3	GAIN	2	1
LFS_05F_24_post	chr7	49359804	49647750	390	0.608696	0.795814	8	BCNA	4	2	2	1	1	3.48589566180002	0.609279866495837	4	AMP	2	2
LFS_05F_24_post	chr7	49649822	51828475	1219	0.611111	0.676968	5	GAIN	3	1	2	1	1	3.20876428861757	0.611759385981964	3	GAIN	2	1
LFS_05F_24_post	chr7	51829683	51899993	68	0.597619	0.815246	8	BCNA	4	2	2	1	1	3.53341955710187	0.598136313154721	4	AMP	2	2
LFS_05F_24_post	chr7	51910082	51978391	66	0.632468	0.742267	5	GAIN	3	1	2	1	1	3.35820272244613	0.633206615549424	3	GAIN	2	1
LFS_05F_24_post	chr7	51979948	52028831	77	0.606061	0.801723	8	BCNA	4	2	2	1	1	3.5002793455227	0.606628371332478	4	AMP	2	2
LFS_05F_24_post	chr7	52030021	52619804	959	0.611111	0.731546	5	GAIN	3	1	2	1	1	3.33320100693495	0.611735180113902	3	GAIN	2	1
LFS_05F_24_post	chr7	52620183	52629718	48	0.631884	0.846037	8	BCNA	4	2	2	1	1	3.6100466936557	0.632568059167669	4	AMP	2	2
LFS_05F_24_post	chr7	52630218	52748964	276	0.636364	0.772181	5	GAIN	3	1	2	1	1	3.42895362100874	0.637108650520149	3	GAIN	2	1
LFS_05F_24_post	chr7	52750039	52829558	222	0.6	0.79909	8	BCNA	4	2	2	1	1	3.49386282130239	0.600535930565677	4	AMP	2	2
LFS_05F_24_post	chr7	52830170	52879991	139	0.615385	0.654284	5	GAIN	3	1	2	1	1	3.15841422107433	0.616069060705801	3	GAIN	2	1
LFS_05F_24_post	chr7	52880354	52889914	67	0.619048	0.92805	8	BCNA	4	2	2	1	1	3.82230780256785	0.619631191013074	4	AMP	2	2
LFS_05F_24_post	chr7	52890279	53482909	631	0.617647	0.754101	5	GAIN	3	1	2	1	1	3.38601657589904	0.618297588157295	3	GAIN	2	1
LFS_05F_24_post	chr7	53483604	53483897	3	1	0.813896	6	ALOH	4	0	4	1	1	3.53009719746238	1	4	AMP	4	0
LFS_05F_24_post	chr7	53485971	54530018	412	0.615385	0.807875	8	BCNA	4	2	2	1	1	3.51531726824234	0.615999609406895	4	AMP	2	2
LFS_05F_24_post	chr7	54531130	54539842	46	0.634146	0.721708	5	GAIN	3	1	2	1	1	3.31042137326666	0.63490476768444	3	GAIN	2	1
LFS_05F_24_post	chr7	54540033	55399656	754	0.604957	0.823142	8	BCNA	4	2	2	1	1	3.5529140616145	0.605510147663259	4	AMP	2	2
LFS_05F_24_post	chr7	55400320	55719720	279	0.6	0.755793	5	GAIN	3	1	2	1	1	3.39001201604488	0.600552348448724	3	GAIN	2	1
LFS_05F_24_post	chr7	55720544	55729885	25	0.6	0.982943	8	BCNA	4	2	2	1	1	3.97127094455495	0.600471503431612	4	AMP	2	2
LFS_05F_24_post	chr7	55830091	64449081	2880	0.612903	0.465909	5	GAIN	3	1	2	1	1	2.7695122603801	0.613666337443487	3	GAIN	2	1
LFS_05F_24_post	chr7	64450556	64777890	103	0.566667	0.275812	3	HET	2	1	1	NA	NA	2.42529544457907	0.567181707667126	2	NEUT	1	1
LFS_05F_24_post	chr7	64781174	64869895	48	0.573214	0.424903	5	GAIN	3	1	2	1	1	2.69137734504998	0.573723370651752	3	GAIN	2	1
LFS_05F_24_post	chr7	64870781	64929910	146	0.590909	0.297068	3	HET	2	1	1	NA	NA	2.46157108219977	0.59160052657655	2	NEUT	1	1
LFS_05F_24_post	chr7	65192219	65217203	11	1	-0.704172	1	DLOH	1	0	1	1	1	1.22035774944535	1	1	HETD	1	0
LFS_05F_24_post	chr7	65260021	65309499	605	0.645161	0.089967	3	HET	2	1	1	NA	NA	2.12989652808007	0.646437162039265	2	NEUT	1	1
LFS_05F_24_post	chr7	65372984	65832341	148	1	-0.713683	1	DLOH	1	0	1	1	1	1.21221593727284	1	1	HETD	1	0
LFS_05F_24_post	chr7	65832940	65834379	28	0.653846	-0.754083	3	HET	2	1	1	NA	NA	1.1782238907735	0.656290965642337	2	NEUT	1	1
LFS_05F_24_post	chr7	65837427	66025641	96	1	-0.70084	1	DLOH	1	0	1	1	1	1.22322279983392	1	1	HETD	1	0
LFS_05F_24_post	chr7	66027958	66029450	35	0.64	-0.732693	3	HET	2	1	1	NA	NA	1.19610256163548	0.642191664087668	2	NEUT	1	1
LFS_05F_24_post	chr7	66031199	67623433	832	1	-0.834299	1	DLOH	1	0	1	1	1	1.11348814082603	1	1	HETD	1	0
LFS_05F_24_post	chr7	67629637	67635743	237	0.754386	-0.096162	3	HET	2	1	1	NA	NA	1.86982948898026	0.756933449467855	2	NEUT	1	1
LFS_05F_24_post	chr7	67636655	80511334	4174	1	-0.786455	1	DLOH	1	0	1	1	1	1.15166517188191	1	1	HETD	1	0
LFS_05F_24_post	chr7	80552374	82429908	1099	0.571429	0.297092	3	HET	2	1	1	NA	NA	2.4616123435833	0.571972337006015	2	NEUT	1	1
LFS_05F_24_post	chr7	82430153	82469606	46	0.547727	0.44879	5	GAIN	3	1	2	1	1	2.7366225983203	0.548053560463538	3	GAIN	2	1
LFS_05F_24_post	chr7	82471408	83670381	1147	0.576923	0.29044	3	HET	2	1	1	NA	NA	2.45020229335376	0.577510852876421	2	NEUT	1	1
LFS_05F_24_post	chr7	83671201	83729343	90	0.583333	0.365726	5	GAIN	3	1	2	1	1	2.58246240274557	0.583937223184545	3	GAIN	2	1
LFS_05F_24_post	chr7	83729841	83809660	137	0.571429	0.333595	3	HET	2	1	1	NA	NA	2.5251703913015	0.571958661319228	2	NEUT	1	1
LFS_05F_24_post	chr7	83810007	83829803	52	0.573593	0.431923	5	GAIN	3	1	2	1	1	2.70459654761095	0.574102504934048	3	GAIN	2	1
LFS_05F_24_post	chr7	83831938	83978983	84	0.549194	0.313909	3	HET	2	1	1	NA	NA	2.49069394718543	0.549563833414921	2	NEUT	1	1
LFS_05F_24_post	chr7	83990090	84009004	53	0.5625	0.451366	5	GAIN	3	1	2	1	1	2.74154679564766	0.562926873043256	3	GAIN	2	1
LFS_05F_24_post	chr7	84012283	88748737	1648	0.571429	0.253425	3	HET	2	1	1	NA	NA	2.38766313127352	0.571989164900657	2	NEUT	1	1
LFS_05F_24_post	chr7	88750473	88769651	46	0.591751	0.426968	5	GAIN	3	1	2	1	1	2.69525922417518	0.592388418467038	3	GAIN	2	1
LFS_05F_24_post	chr7	88770321	94068607	2675	0.571429	0.281591	3	HET	2	1	1	NA	NA	2.43510508412292	0.571978251483828	2	NEUT	1	1
LFS_05F_24_post	chr7	94072007	94100079	24	0.597619	0.48499	5	GAIN	3	1	2	1	1	2.80663426420583	0.598270272750906	3	GAIN	2	1
LFS_05F_24_post	chr7	94103030	115119687	12219	0.571429	0.234603	3	HET	2	1	1	NA	NA	2.35647230097609	0.571996579377096	2	NEUT	1	1
LFS_05F_24_post	chr7	115120098	115139492	39	0.566667	0.485874	5	GAIN	3	1	2	1	1	2.80836601110227	0.567111499810721	3	GAIN	2	1
LFS_05F_24_post	chr7	115140729	137370569	11312	0.571429	0.252175	3	HET	2	1	1	NA	NA	2.38557905810245	0.571989654268065	2	NEUT	1	1
LFS_05F_24_post	chr7	137371441	138026179	326	1	-0.675661	1	DLOH	1	0	1	1	1	1.24508845516393	1	1	HETD	1	0
LFS_05F_24_post	chr7	138029109	138029356	20	0.54086	-0.680111	3	HET	2	1	1	NA	NA	1.24119622318235	0.541476413715051	2	NEUT	1	1
LFS_05F_24_post	chr7	138029499	138277142	90	1	-0.632178	1	DLOH	1	0	1	1	1	1.28375978500535	1	1	HETD	1	0
LFS_05F_24_post	chr7	138306855	138307039	5	0.694444	-0.58565	3	HET	2	1	1	NA	NA	1.32645059359282	0.697188845121792	2	NEUT	1	1
LFS_05F_24_post	chr7	138318613	142002172	1455	1	-0.695485	1	DLOH	1	0	1	1	1	1.22784123044967	1	1	HETD	1	0
LFS_05F_24_post	chr7	142002499	142009522	68	0.6	-0.403489	3	HET	2	1	1	NA	NA	1.50748709785239	0.601242112042541	2	NEUT	1	1
LFS_05F_24_post	chr7	142010686	142020464	12	1	-0.565897	1	DLOH	1	0	1	1	1	1.34499504178938	1	1	HETD	1	0
LFS_05F_24_post	chr7	142024463	142033142	49	0.65	-0.755398	3	HET	2	1	1	NA	NA	1.17713338293466	0.652386052301332	2	NEUT	1	1
LFS_05F_24_post	chr7	142034748	142039278	5	1	-0.755398	1	DLOH	1	0	1	1	1	1.17713338293466	1	1	HETD	1	0
LFS_05F_24_post	chr7	142105795	142117015	235	0.666667	-0.55875	3	HET	2	1	1	NA	NA	1.35176756557133	0.668975670601421	2	NEUT	1	1
LFS_05F_24_post	chr7	142117792	142126627	22	1	-0.773616	1	DLOH	1	0	1	1	1	1.16212732573007	1	1	HETD	1	0
LFS_05F_24_post	chr7	142126660	142144059	133	0.666667	-0.608761	3	HET	2	1	1	NA	NA	1.3050734750536	0.66905827229098	2	NEUT	1	1
LFS_05F_24_post	chr7	142147216	142163068	56	1	-0.520745	1	DLOH	1	0	1	1	1	1.38835025752758	1	1	HETD	1	0
LFS_05F_24_post	chr7	142163380	142166251	48	0.689931	-0.691401	3	HET	2	1	1	NA	NA	1.23137502493334	0.692819150964382	2	NEUT	1	1
LFS_05F_24_post	chr7	142166265	142167110	27	0.857143	-0.691401	1	DLOH	1	0	1	1	1	1.23137502493334	0.862573829616399	1	HETD	1	0
LFS_05F_24_post	chr7	142168176	142172575	93	0.772727	-0.569074	3	HET	2	1	1	NA	NA	1.3419952597655	0.776532323031557	2	NEUT	1	1
LFS_05F_24_post	chr7	142172909	142180302	12	1	-0.569074	1	DLOH	1	0	1	1	1	1.3419952597655	1	1	HETD	1	0
LFS_05F_24_post	chr7	142180312	142180704	11	0.647059	-0.691059	3	HET	2	1	1	NA	NA	1.23167140411632	0.64929468764187	2	NEUT	1	1
LFS_05F_24_post	chr7	142180897	142188491	16	1	-0.691059	1	DLOH	1	0	1	1	1	1.23167140411632	1	1	HETD	1	0
LFS_05F_24_post	chr7	142190613	142192529	14	0.599673	-0.52855	3	HET	2	1	1	NA	NA	1.3807585170096	0.601024680895149	2	NEUT	1	1
LFS_05F_24_post	chr7	142192554	142205352	53	1	-0.52855	1	DLOH	1	0	1	1	1	1.3807585170096	1	1	HETD	1	0
LFS_05F_24_post	chr7	142205489	142223723	26	0.641026	-0.791413	3	HET	2	1	1	NA	NA	1.14764988582355	0.643326933919442	2	NEUT	1	1
LFS_05F_24_post	chr7	142225756	142229305	6	1	-0.756592	1	DLOH	1	0	1	1	1	1.17614407903513	1	1	HETD	1	0
LFS_05F_24_post	chr7	142231625	142231744	7	0.52381	-0.784804	3	HET	2	1	1	NA	NA	1.15300531631083	0.524196671765946	2	NEUT	1	1
LFS_05F_24_post	chr7	142231762	142247410	23	1	-0.784804	1	DLOH	1	0	1	1	1	1.15300531631083	1	1	HETD	1	0
LFS_05F_24_post	chr7	142247539	142247697	12	0.75	-0.587552	3	HET	2	1	1	NA	NA	1.32467832883729	0.753533816167773	2	NEUT	1	1
LFS_05F_24_post	chr7	142248636	142446652	96	1	-0.587552	1	DLOH	1	0	1	1	1	1.32467832883729	1	1	HETD	1	0
LFS_05F_24_post	chr7	142457673	142472074	289	0.666667	-0.691466	3	HET	2	1	1	NA	NA	1.23131870350159	0.669201507134273	2	NEUT	1	1
LFS_05F_24_post	chr7	142473067	142474734	30	0.856818	-0.742961	1	DLOH	1	0	1	1	1	1.18748704607111	0.862444421320387	1	HETD	1	0
LFS_05F_24_post	chr7	142474835	142477794	25	0.733333	-0.742961	3	HET	2	1	1	NA	NA	1.18748704607111	0.737012270008659	2	NEUT	1	1
LFS_05F_24_post	chr7	142477815	142478986	45	0.833333	-0.742961	1	DLOH	1	0	1	1	1	1.18748704607111	0.838589102264988	1	HETD	1	0
LFS_05F_24_post	chr7	142479912	142484519	42	0.710084	-0.717016	3	HET	2	1	1	NA	NA	1.20937542737661	0.713336716508229	2	NEUT	1	1
LFS_05F_24_post	chr7	142487745	151775342	3957	1	-0.713586	1	DLOH	1	0	1	1	1	1.21229870268788	1	1	HETD	1	0
LFS_05F_24_post	chr7	151958091	152101947	149	0.781818	-0.558332	3	HET	2	1	1	NA	NA	1.35216470338611	0.785720595232533	2	NEUT	1	1
LFS_05F_24_post	chr7	152102029	152102338	16	0.928549	-0.462316	1	DLOH	1	0	1	1	1	1.44650635600891	0.934096464298437	1	HETD	1	0
LFS_05F_24_post	chr7	152102414	152105830	158	0.840455	-0.462316	3	HET	2	1	1	NA	NA	1.44650635600891	0.844862108540037	2	NEUT	1	1
LFS_05F_24_post	chr7	152105877	152106181	11	0.941176	-0.462316	1	DLOH	1	0	1	1	1	1.44650635600891	0.946886917793128	1	HETD	1	0
LFS_05F_24_post	chr7	152106204	152113613	318	0.81097	-0.629833	3	HET	2	1	1	NA	NA	1.28587860403726	0.815498276108344	2	NEUT	1	1
LFS_05F_24_post	chr7	152192979	159088758	2950	1	-0.800736	1	DLOH	1	0	1	1	1	1.14013682871661	1	1	HETD	1	0
LFS_05F_24_post	chr8	179237	2270805	1741	1	-0.878701	1	DLOH	1	0	1	1	1	1.07917266422431	1	1	HETD	1	0
LFS_05F_24_post	chr8	2270852	2271680	7	0.538462	-0.60821	3	HET	2	1	1	NA	NA	1.30557916202831	0.539013623843476	2	NEUT	1	1
LFS_05F_24_post	chr8	2271683	2275962	29	1	-0.60821	1	DLOH	1	0	1	1	1	1.30557916202831	1	1	HETD	1	0
LFS_05F_24_post	chr8	2276069	2276232	2	0.579179	-0.60821	3	HET	2	1	1	NA	NA	1.30557916202831	0.580314589004799	2	NEUT	1	1
LFS_05F_24_post	chr8	2276824	14341585	11073	1	-0.773374	1	DLOH	1	0	1	1	1	1.16232542036946	1	1	HETD	1	0
LFS_05F_24_post	chr8	14345008	14345780	25	0.606061	-0.66231	3	HET	2	1	1	NA	NA	1.25683832882055	0.60764112220886	2	NEUT	1	1
LFS_05F_24_post	chr8	14351611	17639982	2481	1	-0.699985	1	DLOH	1	0	1	1	1	1.22395904677356	1	1	HETD	1	0
LFS_05F_24_post	chr8	17653772	17653818	8	0.521739	-0.831328	3	HET	2	1	1	NA	NA	1.11582215472311	0.522103803468297	2	NEUT	1	1
LFS_05F_24_post	chr8	17657562	48174091	12231	1	-0.730787	1	DLOH	1	0	1	1	1	1.19770857735643	1	1	HETD	1	0
LFS_05F_24_post	chr8	48281478	48617079	10	0.602315	0.384958	5	GAIN	3	1	2	1	1	2.61736995686067	0.603046962061602	3	GAIN	2	1
LFS_05F_24_post	chr8	48651633	48755111	5	1	-0.754325	1	DLOH	1	0	1	1	1	1.17802312952262	1	1	HETD	1	0
LFS_05F_24_post	chr8	48799712	84021213	19805	0.571429	0.227928	3	HET	2	1	1	NA	NA	2.34550822432216	0.571999232526521	2	NEUT	1	1
LFS_05F_24_post	chr8	84071594	101700139	6486	1	-0.703753	1	DLOH	1	0	1	1	1	1.22071766676796	1	1	HETD	1	0
LFS_05F_24_post	chr8	101715194	101715470	8	0.649616	-0.711648	3	HET	2	1	1	NA	NA	1.21395347126848	0.651923758581345	2	NEUT	1	1
LFS_05F_24_post	chr8	101764749	120509908	9397	1	-0.669053	1	DLOH	1	0	1	1	1	1.25089039662255	1	1	HETD	1	0
LFS_05F_24_post	chr8	120509984	120509990	2	0.514706	-0.653421	3	HET	2	1	1	NA	NA	1.26472182566036	0.514923727820129	2	NEUT	1	1
LFS_05F_24_post	chr8	120510018	140602913	11374	1	-0.741293	1	DLOH	1	0	1	1	1	1.18888243777374	1	1	HETD	1	0
LFS_05F_24_post	chr8	140603903	140606766	32	0.655914	-0.597517	3	HET	2	1	1	NA	NA	1.31543113286152	0.658133378494785	2	NEUT	1	1
LFS_05F_24_post	chr8	140607542	146268533	2303	1	-0.831035	1	DLOH	1	0	1	1	1	1.11605259564877	1	1	HETD	1	0
LFS_05F_24_post	chr9	211472	31289063	19104	1	-0.736206	1	DLOH	1	0	1	1	1	1.19314802431205	1	1	HETD	1	0
LFS_05F_24_post	chr9	31300163	31300236	3	0.517241	-0.657476	3	HET	2	1	1	NA	NA	1.26111949233561	0.517496988579072	2	NEUT	1	1
LFS_05F_24_post	chr9	31303798	33613007	1071	1	-0.741414	1	DLOH	1	0	1	1	1	1.18878115903533	1	1	HETD	1	0
LFS_05F_24_post	chr9	33613157	33613498	10	0.6875	-0.617909	3	HET	2	1	1	NA	NA	1.29670594647288	0.690207535414029	2	NEUT	1	1
LFS_05F_24_post	chr9	33613657	33792265	105	1	-0.617909	1	DLOH	1	0	1	1	1	1.29670594647288	1	1	HETD	1	0
LFS_05F_24_post	chr9	33793380	33803994	200	0.666667	-0.722395	3	HET	2	1	1	NA	NA	1.20480505690023	0.66925728298455	2	NEUT	1	1
LFS_05F_24_post	chr9	33804066	35883544	721	1	-0.772864	1	DLOH	1	0	1	1	1	1.16274300136223	1	1	HETD	1	0
LFS_05F_24_post	chr9	35884011	35884301	4	0.570346	-0.481576	3	HET	2	1	1	NA	NA	1.42707548991761	0.571269010914921	2	NEUT	1	1
LFS_05F_24_post	chr9	35887412	38766777	1313	1	-0.766074	1	DLOH	1	0	1	1	1	1.1683166486055	1	1	HETD	1	0
LFS_05F_24_post	chr9	66840056	141013744	45402	0.576923	0.15088	3	HET	2	1	1	NA	NA	2.22255729412713	0.577571063593126	2	NEUT	1	1
LFS_05F_24_post	chr10	131979	47060596	26817	0.636364	-0.234402	3	HET	2	1	1	NA	NA	1.6972665325896	0.637868402548701	2	NEUT	1	1
LFS_05F_24_post	chr10	47060725	47079976	79	0.82	0.352798	5	GAIN	3	1	2	1	1	2.55925727368841	0.822341264112795	3	GAIN	2	1
LFS_05F_24_post	chr10	47080126	47110019	191	0.777778	0.119108	3	HET	2	1	1	NA	NA	2.17373781665548	0.780170792627934	2	NEUT	1	1
LFS_05F_24_post	chr10	47110132	47119906	64	0.811353	0.283174	5	GAIN	3	1	2	1	1	2.43779903140482	0.813744495294633	3	GAIN	2	1
LFS_05F_24_post	chr10	47120032	52858708	2512	0.622087	0.205197	3	HET	2	1	1	NA	NA	2.30854946397144	0.623077249459306	2	NEUT	1	1
LFS_05F_24_post	chr10	52860117	53066436	157	0.636364	0.397052	5	GAIN	3	1	2	1	1	2.63956101558431	0.637331347252962	3	GAIN	2	1
LFS_05F_24_post	chr10	53069243	53228284	116	0.633333	0.285681	3	HET	2	1	1	NA	NA	2.44207149283712	0.634355335997691	2	NEUT	1	1
LFS_05F_24_post	chr10	53230372	53320864	104	0.636667	0.385754	5	GAIN	3	1	2	1	1	2.61882481062327	0.637644173297252	3	GAIN	2	1
LFS_05F_24_post	chr10	53321122	53649856	268	0.612007	0.29355	3	HET	2	1	1	NA	NA	2.45553026960093	0.6128611108706	2	NEUT	1	1
LFS_05F_24_post	chr10	53650023	53689774	98	0.590909	0.3984	5	GAIN	3	1	2	1	1	2.64204597853116	0.591553289250543	3	GAIN	2	1
LFS_05F_24_post	chr10	53690585	53889620	216	0.617647	0.303787	3	HET	2	1	1	NA	NA	2.47314939493655	0.618537727543268	2	NEUT	1	1
LFS_05F_24_post	chr10	53890066	54420223	332	0.625	0.34525	5	GAIN	3	1	2	1	1	2.54580481604348	0.625919388962194	3	GAIN	2	1
LFS_05F_24_post	chr10	54421876	54459163	69	0.615385	0.308086	3	HET	2	1	1	NA	NA	2.48058585452788	0.616255982577498	2	NEUT	1	1
LFS_05F_24_post	chr10	54461088	54489072	47	0.64	0.418461	5	GAIN	3	1	2	1	1	2.67930302828433	0.640978409310866	3	GAIN	2	1
LFS_05F_24_post	chr10	54500275	55303266	748	0.619048	0.292029	3	HET	2	1	1	NA	NA	2.45292309444278	0.619956766999141	2	NEUT	1	1
LFS_05F_24_post	chr10	55318496	55629660	252	0.625	0.393818	5	GAIN	3	1	2	1	1	2.63360877528144	0.625888736728758	3	GAIN	2	1
LFS_05F_24_post	chr10	55631265	57409695	1765	0.625	0.300043	3	HET	2	1	1	NA	NA	2.46669100910974	0.625948876385055	2	NEUT	1	1
LFS_05F_24_post	chr10	57410388	57600044	282	0.625	0.346614	5	GAIN	3	1	2	1	1	2.5482306040711	0.625918513749906	3	GAIN	2	1
LFS_05F_24_post	chr10	57601680	58926692	654	0.612903	0.29729	3	HET	2	1	1	NA	NA	2.46195277618934	0.61376169738404	2	NEUT	1	1
LFS_05F_24_post	chr10	58940023	58966908	41	0.625	0.416019	5	GAIN	3	1	2	1	1	2.67474003299768	0.625875070032562	3	GAIN	2	1
LFS_05F_24_post	chr10	58997646	59419736	596	0.615385	0.317785	3	HET	2	1	1	NA	NA	2.49744491244871	0.616250102990064	2	NEUT	1	1
LFS_05F_24_post	chr10	59422145	59736055	65	0.636364	0.39081	5	GAIN	3	1	2	1	1	2.62808445632212	0.637335571553308	3	GAIN	2	1
LFS_05F_24_post	chr10	59738121	135424160	47629	0.583333	-0.153363	3	HET	2	1	1	NA	NA	1.7964157461631	0.584201609429798	2	NEUT	1	1
LFS_05F_24_post	chr11	190010	114419993	69148	0.588235	0.013748	3	HET	2	1	1	NA	NA	2.01932916085482	0.589053178662683	2	NEUT	1	1
LFS_05F_24_post	chr11	114420024	114424815	271	0.792453	0.499969	5	GAIN	3	1	2	1	1	2.83612179629744	0.794383836852998	3	GAIN	2	1
LFS_05F_24_post	chr11	114432070	134938820	14606	0.6	-0.389183	3	HET	2	1	1	NA	NA	1.52269654853587	0.601229705209497	2	NEUT	1	1
LFS_05F_24_post	chr12	218719	3899951	2333	0.6	0.492793	5	GAIN	3	1	2	1	1	2.82195697821327	0.600663535231995	3	GAIN	2	1
LFS_05F_24_post	chr12	3900555	4253740	206	0.784749	1.297205	10	ASCNA	5	1	4	1	1	4.94233792909255	0.785827807972065	5	HLAMP	4	1
LFS_05F_24_post	chr12	4278227	12957926	6524	0.607143	0.562618	5	GAIN	3	1	2	1	1	2.9628245633131	0.607820130291007	3	GAIN	2	1
LFS_05F_24_post	chr12	12960212	12962083	4	0.59692	0.018908	3	HET	2	1	1	NA	NA	2.02663159592641	0.597815473983143	2	NEUT	1	1
LFS_05F_24_post	chr12	12963143	12986817	27	1	0.018908	2	NLOH	2	0	2	1	1	2.02663159592641	1	2	NEUT	2	0
LFS_05F_24_post	chr12	12988863	20468467	4987	0.6	0.555535	5	GAIN	3	1	2	1	1	2.94822233859441	0.600635117593984	3	GAIN	2	1
LFS_05F_24_post	chr12	20470009	20984910	487	0.592593	0.032379	3	HET	2	1	1	NA	NA	2.04581931846785	0.593440471801066	2	NEUT	1	1
LFS_05F_24_post	chr12	21030235	21569730	120	0.691392	0.961922	7	ASCNA	4	1	3	1	1	3.91355562314304	0.692307728321398	4	AMP	3	1
LFS_05F_24_post	chr12	21581446	22749401	574	0.675	0.932242	8	BCNA	4	2	2	1	1	3.83348481737876	0.675854788513059	4	AMP	2	2
LFS_05F_24_post	chr12	22795005	27079899	2400	0.6	0.081568	3	HET	2	1	1	NA	NA	2.11742414796884	0.600884314028445	2	NEUT	1	1
LFS_05F_24_post	chr12	27081566	27177147	80	0.6	0.603946	5	GAIN	3	1	2	1	1	3.04947029420319	0.600614030535656	3	GAIN	2	1
LFS_05F_24_post	chr12	27200606	27448823	184	0.6	0.128904	3	HET	2	1	1	NA	NA	2.18867544637366	0.600855525601715	2	NEUT	1	1
LFS_05F_24_post	chr12	27450999	27738978	194	0.58477	0.606849	5	GAIN	3	1	2	1	1	3.05565035103989	0.585289460945466	3	GAIN	2	1
LFS_05F_24_post	chr12	27749985	76558745	25877	0.578947	0.169695	3	HET	2	1	1	NA	NA	2.25197854946539	0.579603425975357	2	NEUT	1	1
LFS_05F_24_post	chr12	76560270	76899866	205	0.689655	0.661408	5	GAIN	3	1	2	1	1	3.17414167001357	0.690773799764983	3	GAIN	2	1
LFS_05F_24_post	chr12	76900786	133819881	33938	0.576923	0.140863	3	HET	2	1	1	NA	NA	2.20704940110437	0.577575617229701	2	NEUT	1	1
LFS_05F_24_post	chr13	20143466	20345678	31	1	-0.751472	1	DLOH	1	0	1	1	1	1.18039209844578	1	1	HETD	1	0
LFS_05F_24_post	chr13	20370494	20371359	27	0.711111	-0.427208	3	HET	2	1	1	NA	NA	1.48260016004638	0.7137772520138	2	NEUT	1	1
LFS_05F_24_post	chr13	20397217	21816676	339	1	-0.692194	1	DLOH	1	0	1	1	1	1.23068807680011	1	1	HETD	1	0
LFS_05F_24_post	chr13	21816816	21817141	20	0.590993	-0.533824	3	HET	2	1	1	NA	NA	1.37565182459494	0.592231550820756	2	NEUT	1	1
LFS_05F_24_post	chr13	21861226	23507369	990	1	-0.710943	1	DLOH	1	0	1	1	1	1.21455598977837	1	1	HETD	1	0
LFS_05F_24_post	chr13	23540003	23542085	31	0.578947	-0.764013	3	HET	2	1	1	NA	NA	1.17001363961137	0.58021045297676	2	NEUT	1	1
LFS_05F_24_post	chr13	23545492	24865685	1184	1	-0.683258	1	DLOH	1	0	1	1	1	1.23845090996963	1	1	HETD	1	0
LFS_05F_24_post	chr13	25016230	25016632	6	0.613248	-0.590249	3	HET	2	1	1	NA	NA	1.32216929309509	0.614851828219123	2	NEUT	1	1
LFS_05F_24_post	chr13	25021245	25113645	149	1	-0.648407	1	DLOH	1	0	1	1	1	1.26919012709178	1	1	HETD	1	0
LFS_05F_24_post	chr13	25116369	25116484	4	0.556373	-0.584925	3	HET	2	1	1	NA	NA	1.32712675669965	0.557168377164735	2	NEUT	1	1
LFS_05F_24_post	chr13	25119477	25669636	274	1	-0.669405	1	DLOH	1	0	1	1	1	1.25058066381092	1	1	HETD	1	0
LFS_05F_24_post	chr13	25670877	25671429	28	0.605556	-0.618651	3	HET	2	1	1	NA	NA	1.2960295744464	0.60708104405185	2	NEUT	1	1
LFS_05F_24_post	chr13	25675878	41989945	7959	1	-0.646317	1	DLOH	1	0	1	1	1	1.27105725253612	1	1	HETD	1	0
LFS_05F_24_post	chr13	42021249	42021570	14	0.736232	-0.74774	3	HET	2	1	1	NA	NA	1.18349801954183	0.73996953757508	2	NEUT	1	1
LFS_05F_24_post	chr13	42022342	63599547	10182	1	-0.65408	1	DLOH	1	0	1	1	1	1.26413570171877	1	1	HETD	1	0
LFS_05F_24_post	chr13	63602646	63649007	1301	0.77193	-0.134083	3	HET	2	1	1	NA	NA	1.82083587104613	0.774726409046089	2	NEUT	1	1
LFS_05F_24_post	chr13	63652409	102006508	17638	1	-0.638997	1	DLOH	1	0	1	1	1	1.27761802636242	1	1	HETD	1	0
LFS_05F_24_post	chr13	102010853	102057581	108	0.559028	0.40913	5	GAIN	3	1	2	1	1	2.66190915278071	0.559443220909399	3	GAIN	2	1
LFS_05F_24_post	chr13	102060671	102089668	69	0.571429	0.310998	3	HET	2	1	1	NA	NA	2.48563566902296	0.571967085728894	2	NEUT	1	1
LFS_05F_24_post	chr13	102090301	102128322	80	0.555556	0.48846	5	GAIN	3	1	2	1	1	2.81343805509653	0.555925749834207	3	GAIN	2	1
LFS_05F_24_post	chr13	102130775	102179465	58	0.571429	0.285953	3	HET	2	1	1	NA	NA	2.44253548532389	0.571976580613984	2	NEUT	1	1
LFS_05F_24_post	chr13	102180169	102218728	54	0.5625	0.416786	5	GAIN	3	1	2	1	1	2.6761723777628	0.562937300838171	3	GAIN	2	1
LFS_05F_24_post	chr13	102220865	115098167	10495	0.571429	0.209352	3	HET	2	1	1	NA	NA	2.31526173637904	0.572006682021741	2	NEUT	1	1
LFS_05F_24_post	chr14	20210102	107268492	54450	0.6	0.008235	3	HET	2	1	1	NA	NA	2.01155596552199	0.600930855472237	2	NEUT	1	1
LFS_05F_24_post	chr15	21910672	51356728	17051	0.578947	0.098996	3	HET	2	1	1	NA	NA	2.14338568107969	0.579636683256198	2	NEUT	1	1
LFS_05F_24_post	chr15	51362459	58109661	3596	0.75	1.035773	7	ASCNA	4	1	3	1	1	4.12008860179369	0.751136181802863	4	AMP	3	1
LFS_05F_24_post	chr15	58110751	63409679	3191	0.666667	0.611109	5	GAIN	3	1	2	1	1	3.06474180316125	0.667685286772272	3	GAIN	2	1
LFS_05F_24_post	chr15	63410141	63429258	40	0.631544	0.867099	8	BCNA	4	2	2	1	1	3.66341195981831	0.632216356582535	4	AMP	2	2
LFS_05F_24_post	chr15	63430330	102399211	20978	0.666667	0.575123	5	GAIN	3	1	2	1	1	2.98878037968829	0.667711167065535	3	GAIN	2	1
LFS_05F_24_post	chr16	90538	11609935	10902	0.571429	0.181465	3	HET	2	1	1	NA	NA	2.27057949697534	0.572018050100432	2	NEUT	1	1
LFS_05F_24_post	chr16	11610176	11651067	67	0.675676	0.744437	5	GAIN	3	1	2	1	1	3.3632858800756	0.676654054434571	3	GAIN	2	1
LFS_05F_24_post	chr16	11728729	33973500	13423	0.590909	0.183396	3	HET	2	1	1	NA	NA	2.27364570709146	0.59165768385083	2	NEUT	1	1
LFS_05F_24_post	chr16	33974811	33976660	27	0.703072	0.260774	5	GAIN	3	1	2	1	1	2.39995239690654	0.704656388913111	3	GAIN	2	1
LFS_05F_24_post	chr16	33976698	34189893	465	0.634146	0.253434	3	HET	2	1	1	NA	NA	2.38767814314867	0.635198001404428	2	NEUT	1	1
LFS_05F_24_post	chr16	34189916	34309883	310	0.697796	0.485582	5	GAIN	3	1	2	1	1	2.807793868742	0.699115066404991	3	GAIN	2	1
LFS_05F_24_post	chr16	46440037	46500211	154	0.632116	-0.123237	3	HET	2	1	1	NA	NA	1.83471757112174	0.633464343582099	2	NEUT	1	1
LFS_05F_24_post	chr16	46503494	48267106	94	1	-0.780454	1	DLOH	1	0	1	1	1	1.15654363682465	1	1	HETD	1	0
LFS_05F_24_post	chr16	48280980	48281323	17	0.666667	-0.6658	3	HET	2	1	1	NA	NA	1.25375636445913	0.669156148711069	2	NEUT	1	1
LFS_05F_24_post	chr16	48313627	54296327	2591	1	-0.797991	1	DLOH	1	0	1	1	1	1.14234388077279	1	1	HETD	1	0
LFS_05F_24_post	chr16	54318172	59129843	3654	0.571429	0.181197	3	HET	2	1	1	NA	NA	2.27015426744367	0.572018160437206	2	NEUT	1	1
LFS_05F_24_post	chr16	59145885	59672822	291	1	-0.703664	1	DLOH	1	0	1	1	1	1.22079413044755	1	1	HETD	1	0
LFS_05F_24_post	chr16	59676084	59832499	236	0.578947	0.203652	3	HET	2	1	1	NA	NA	2.30605849129264	0.579588031969223	2	NEUT	1	1
LFS_05F_24_post	chr16	59833125	69968892	3844	1	-0.739786	1	DLOH	1	0	1	1	1	1.19014453038116	1	1	HETD	1	0
LFS_05F_24_post	chr16	70190003	70199387	33	0.578947	-0.292239	3	HET	2	1	1	NA	NA	1.62983391400891	0.579853998684412	2	NEUT	1	1
LFS_05F_24_post	chr16	70294610	81577200	6152	1	-0.757413	1	DLOH	1	0	1	1	1	1.17546430392797	1	1	HETD	1	0
LFS_05F_24_post	chr16	81586901	81589983	13	0.615385	-0.536392	3	HET	2	1	1	NA	NA	1.37317203935244	0.616958398670643	2	NEUT	1	1
LFS_05F_24_post	chr16	81590620	90149171	9367	0.612903	0.579526	5	GAIN	3	1	2	1	1	2.99797308628679	0.613608167240565	3	GAIN	2	1
LFS_05F_24_post	chr17	5687	5035657	1866	1	-0.766711	1	DLOH	1	0	1	1	1	1.16779264429657	1	1	HETD	1	0
LFS_05F_24_post	chr17	5035948	5036329	14	0.552727	-0.869129	3	HET	2	1	1	NA	NA	1.08648121740044	0.553635709807713	2	NEUT	1	1
LFS_05F_24_post	chr17	5038025	16030625	4840	1	-0.754521	1	DLOH	1	0	1	1	1	1.177860554182	1	1	HETD	1	0
LFS_05F_24_post	chr17	16066791	16112800	84	0.626786	-0.638208	3	HET	2	1	1	NA	NA	1.27832718117438	0.628643135762298	2	NEUT	1	1
LFS_05F_24_post	chr17	16124498	18924188	936	1	-0.738379	1	DLOH	1	0	1	1	1	1.19132406493056	1	1	HETD	1	0
LFS_05F_24_post	chr17	19141582	21212820	1435	0.607843	0.621355	5	GAIN	3	1	2	1	1	3.08671848565843	0.608497198153569	3	GAIN	2	1
LFS_05F_24_post	chr17	21212875	21220962	175	0.566667	0.779396	8	BCNA	4	2	2	1	1	3.44623884254778	0.567029226246469	4	AMP	2	2
LFS_05F_24_post	chr17	21221199	21230017	293	0.672414	0.76292	5	GAIN	3	1	2	1	1	3.40689304200057	0.673361607314861	3	GAIN	2	1
LFS_05F_24_post	chr17	21230088	21232739	53	0.701299	0.86201	7	ASCNA	4	1	3	1	1	3.65044637630902	0.702331547454644	4	AMP	3	1
LFS_05F_24_post	chr17	21232847	21239978	213	0.655172	0.86201	8	BCNA	4	2	2	1	1	3.65044637630902	0.655967942620838	4	AMP	2	2
LFS_05F_24_post	chr17	21240004	21261995	561	0.65625	0.674856	5	GAIN	3	1	2	1	1	3.2040429375746	0.657163137282089	3	GAIN	2	1
LFS_05F_24_post	chr17	26279598	30667728	1140	0.571429	0.226366	3	HET	2	1	1	NA	NA	2.34294986427358	0.571999855186074	2	NEUT	1	1
LFS_05F_24_post	chr17	30671128	31949830	690	0.6	0.454653	5	GAIN	3	1	2	1	1	2.74784289828501	0.600681431925888	3	GAIN	2	1
LFS_05F_24_post	chr17	31950045	32023100	59	0.583333	0.099534	3	HET	2	1	1	NA	NA	2.1441921108911	0.584060725677671	2	NEUT	1	1
LFS_05F_24_post	chr17	32051075	32448785	338	0.59375	0.4085	5	GAIN	3	1	2	1	1	2.66073882184801	0.594409756087826	3	GAIN	2	1
LFS_05F_24_post	chr17	32450145	32459843	30	0.6125	0.220626	3	HET	2	1	1	NA	NA	2.3335722204825	0.613402704593629	2	NEUT	1	1
LFS_05F_24_post	chr17	32460065	32738421	122	0.593594	0.459615	5	GAIN	3	1	2	1	1	2.75737460285931	0.594229574718111	3	GAIN	2	1
LFS_05F_24_post	chr17	32746979	32888475	95	0.6	0.33313	3	HET	2	1	1	NA	NA	2.52435059185639	0.600741762211738	2	NEUT	1	1
LFS_05F_24_post	chr17	32892829	32999350	123	0.615385	0.358075	5	GAIN	3	1	2	1	1	2.56870412190704	0.616226103902491	3	GAIN	2	1
LFS_05F_24_post	chr17	33000134	33739949	390	0.571429	0.270887	3	HET	2	1	1	NA	NA	2.41696639594769	0.571982373469724	2	NEUT	1	1
LFS_05F_24_post	chr17	33742463	34038557	323	0.576923	0.397245	5	GAIN	3	1	2	1	1	2.63991665793643	0.57746860755228	3	GAIN	2	1
LFS_05F_24_post	chr17	34042190	36766280	1009	0.583333	0.256924	3	HET	2	1	1	NA	NA	2.39350647966951	0.583984923723712	2	NEUT	1	1
LFS_05F_24_post	chr17	36770130	36799504	33	0.6	0.521502	5	GAIN	3	1	2	1	1	2.87905149399282	0.600650376654299	3	GAIN	2	1
LFS_05F_24_post	chr17	36800153	38706103	391	0.583333	0.291901	3	HET	2	1	1	NA	NA	2.45270381256286	0.583969189192092	2	NEUT	1	1
LFS_05F_24_post	chr17	38713686	39439172	114	0.571429	0.384218	5	GAIN	3	1	2	1	1	2.61601817441682	0.571940267503342	3	GAIN	2	1
LFS_05F_24_post	chr17	39470250	40219433	215	0.566667	0.265668	3	HET	2	1	1	NA	NA	2.40817111611459	0.567185367715657	2	NEUT	1	1
LFS_05F_24_post	chr17	40220547	41338712	168	0.577935	0.374798	5	GAIN	3	1	2	1	1	2.59887080440964	0.578496516116312	3	GAIN	2	1
LFS_05F_24_post	chr17	41353410	41508806	147	0.581395	0.309737	3	HET	2	1	1	NA	NA	2.48344766769675	0.582008701367377	2	NEUT	1	1
LFS_05F_24_post	chr17	41510689	42778532	715	0.625	0.611608	5	GAIN	3	1	2	1	1	3.06580849837818	0.625763447830812	3	GAIN	2	1
LFS_05F_24_post	chr17	42788078	43503283	405	0.588235	0.292602	3	HET	2	1	1	NA	NA	2.45390496200339	0.588908282811652	2	NEUT	1	1
LFS_05F_24_post	chr17	43653824	61437939	9558	0.619048	0.585358	5	GAIN	3	1	2	1	1	3.01019257056845	0.619788529221105	3	GAIN	2	1
LFS_05F_24_post	chr17	61441463	62219401	369	0.580645	0.327337	3	HET	2	1	1	NA	NA	2.51415959746307	0.58124561887953	2	NEUT	1	1
LFS_05F_24_post	chr17	62221445	62338072	93	0.578947	0.422758	5	GAIN	3	1	2	1	1	2.68735095741734	0.579497079702741	3	GAIN	2	1
LFS_05F_24_post	chr17	62345687	63710354	364	0.578947	0.29843	3	HET	2	1	1	NA	NA	2.46391375188235	0.579546963052557	2	NEUT	1	1
LFS_05F_24_post	chr17	63712559	64424362	1226	0.571429	0.393437	5	GAIN	3	1	2	1	1	2.63290841547362	0.571936987696371	3	GAIN	2	1
LFS_05F_24_post	chr17	64426732	65839210	990	0.578947	0.303548	3	HET	2	1	1	NA	NA	2.47273661984635	0.579544822349518	2	NEUT	1	1
LFS_05F_24_post	chr17	65840809	66129015	240	0.583333	0.40799	5	GAIN	3	1	2	1	1	2.65979178533782	0.583919656318572	3	GAIN	2	1
LFS_05F_24_post	chr17	66130001	66469400	314	0.588235	0.309878	3	HET	2	1	1	NA	NA	2.48369222634009	0.588900208037785	2	NEUT	1	1
LFS_05F_24_post	chr17	66470142	66669617	159	0.571429	0.422807	5	GAIN	3	1	2	1	1	2.68744286870436	0.571926679446997	3	GAIN	2	1
LFS_05F_24_post	chr17	66670126	66858055	167	0.571429	0.286082	3	HET	2	1	1	NA	NA	2.44275557116844	0.571976531278413	2	NEUT	1	1
LFS_05F_24_post	chr17	66870600	67313217	188	0.573593	0.397677	5	GAIN	3	1	2	1	1	2.64071287959118	0.574114830789052	3	GAIN	2	1
LFS_05F_24_post	chr17	67316562	68448955	737	0.578947	0.326443	3	HET	2	1	1	NA	NA	2.5125905222048	0.579535339883778	2	NEUT	1	1
LFS_05F_24_post	chr17	68470163	68516092	114	0.571429	0.388685	5	GAIN	3	1	2	1	1	2.62418874098442	0.571938675641787	3	GAIN	2	1
LFS_05F_24_post	chr17	68531861	69336690	574	0.57634	0.303595	3	HET	2	1	1	NA	NA	2.47281778778909	0.576918061992796	2	NEUT	1	1
LFS_05F_24_post	chr17	69364152	69442683	56	0.5625	0.425332	5	GAIN	3	1	2	1	1	2.69218334119807	0.562934700120893	3	GAIN	2	1
LFS_05F_24_post	chr17	69446520	69975584	355	0.576923	0.300089	3	HET	2	1	1	NA	NA	2.46677025728147	0.577506904586051	2	NEUT	1	1
LFS_05F_24_post	chr17	69980044	70009978	40	0.565942	0.474843	5	GAIN	3	1	2	1	1	2.78683220426586	0.566385063190659	3	GAIN	2	1
LFS_05F_24_post	chr17	70010122	73019710	2169	0.580645	0.231632	3	HET	2	1	1	NA	NA	2.35158599518831	0.581287141824062	2	NEUT	1	1
LFS_05F_24_post	chr17	73020517	73059820	51	0.565217	0.419363	5	GAIN	3	1	2	1	1	2.68099041325073	0.565672491138686	3	GAIN	2	1
LFS_05F_24_post	chr17	73061821	74159763	493	0.583333	0.276721	3	HET	2	1	1	NA	NA	2.42683583548865	0.583975970420222	2	NEUT	1	1
LFS_05F_24_post	chr17	74160914	74239621	58	0.577381	0.47664	5	GAIN	3	1	2	1	1	2.79032894248351	0.577900270092778	3	GAIN	2	1
LFS_05F_24_post	chr17	74241232	78362300	3316	0.583333	0.265772	3	HET	2	1	1	NA	NA	2.40834607080221	0.583980906742254	2	NEUT	1	1
LFS_05F_24_post	chr17	78371990	78388425	37	0.571429	0.411824	5	GAIN	3	1	2	1	1	2.66691948008331	0.571930509359664	3	GAIN	2	1
LFS_05F_24_post	chr17	78390195	81130897	2027	0.578947	0.293632	3	HET	2	1	1	NA	NA	2.45567090547063	0.579548976923098	2	NEUT	1	1
LFS_05F_24_post	chr18	130168	26501470	16424	0.571429	0.243118	3	HET	2	1	1	NA	NA	2.37053251758102	0.571993212922966	2	NEUT	1	1
LFS_05F_24_post	chr18	26515668	26656758	128	0.581989	0.395724	5	GAIN	3	1	2	1	1	2.63711519091217	0.58257115799369	3	GAIN	2	1
LFS_05F_24_post	chr18	26661922	27277813	190	0.571429	0.276788	3	HET	2	1	1	NA	NA	2.42694941206207	0.571980097222746	2	NEUT	1	1
LFS_05F_24_post	chr18	27280296	27299591	41	0.571429	0.449312	5	GAIN	3	1	2	1	1	2.73761972624587	0.571917557657555	3	GAIN	2	1
LFS_05F_24_post	chr18	27300376	30579292	1723	0.571429	0.243506	3	HET	2	1	1	NA	NA	2.37117517346848	0.571993060005223	2	NEUT	1	1
LFS_05F_24_post	chr18	30580676	30629817	43	0.571429	0.444665	5	GAIN	3	1	2	1	1	2.72875567292675	0.571919144681696	3	GAIN	2	1
LFS_05F_24_post	chr18	30630590	65659994	23314	0.571429	0.241506	3	HET	2	1	1	NA	NA	2.36786436418801	0.571993848688531	2	NEUT	1	1
LFS_05F_24_post	chr18	65660545	65690406	39	0.588235	0.434942	5	GAIN	3	1	2	1	1	2.7103013673901	0.588844589786665	3	GAIN	2	1
LFS_05F_24_post	chr18	65699920	67179254	1346	0.571429	0.292753	3	HET	2	1	1	NA	NA	2.45416377388333	0.571973986074265	2	NEUT	1	1
LFS_05F_24_post	chr18	67180067	67189750	39	0.565217	0.507588	5	GAIN	3	1	2	1	1	2.85123837366854	0.565645293680183	3	GAIN	2	1
LFS_05F_24_post	chr18	67190086	78008334	7987	0.576923	0.173364	3	HET	2	1	1	NA	NA	2.25776065357056	0.577560958883588	2	NEUT	1	1
LFS_05F_24_post	chr19	266034	59075973	33525	0.6	0.033446	3	HET	2	1	1	NA	NA	2.04734679530186	0.600914582660111	2	NEUT	1	1
LFS_05F_24_post	chr20	69094	2161111	1748	0.586207	4.5e-05	3	HET	2	1	1	NA	NA	2.00006296828141	0.587014073781863	2	NEUT	1	1
LFS_05F_24_post	chr20	2162891	2228792	106	0.575758	0.373711	5	GAIN	3	1	2	1	1	2.59689931731651	0.576304245364894	3	GAIN	2	1
LFS_05F_24_post	chr20	2230307	2519931	245	0.588235	0.274097	3	HET	2	1	1	NA	NA	2.42239184813935	0.588917041608427	2	NEUT	1	1
LFS_05F_24_post	chr20	2520107	2629392	227	0.576923	0.408893	5	GAIN	3	1	2	1	1	2.66146882546284	0.577464189305763	3	GAIN	2	1
LFS_05F_24_post	chr20	2652691	2848825	72	0.576037	0.31436	3	HET	2	1	1	NA	NA	2.4914785376111	0.576608455213869	2	NEUT	1	1
LFS_05F_24_post	chr20	2856288	4109980	806	0.588235	0.410773	5	GAIN	3	1	2	1	1	2.66496370700067	0.588854960424979	3	GAIN	2	1
LFS_05F_24_post	chr20	4110118	4223467	146	0.576923	0.315449	3	HET	2	1	1	NA	NA	2.49337404788919	0.577500674443664	2	NEUT	1	1
LFS_05F_24_post	chr20	4298949	10277452	4654	0.578947	0.430561	5	GAIN	3	1	2	1	1	2.70202676459536	0.579494091995973	3	GAIN	2	1
LFS_05F_24_post	chr20	10280505	22288388	7231	0.576923	0.214268	3	HET	2	1	1	NA	NA	2.32322838754144	0.577542981433459	2	NEUT	1	1
LFS_05F_24_post	chr20	22290780	22317310	53	0.56	0.438071	5	GAIN	3	1	2	1	1	2.71622665930868	0.560413618179867	3	GAIN	2	1
LFS_05F_24_post	chr20	22320465	52417890	12597	0.571429	0.210416	3	HET	2	1	1	NA	NA	2.31698370633855	0.572006252691537	2	NEUT	1	1
LFS_05F_24_post	chr20	52420612	52484141	175	0.666667	0.438629	5	GAIN	3	1	2	1	1	2.71728467778904	0.66781549432748	3	GAIN	2	1
LFS_05F_24_post	chr20	52504687	52600626	46	0.578947	0.268591	3	HET	2	1	1	NA	NA	2.41309315947406	0.579559598485894	2	NEUT	1	1
LFS_05F_24_post	chr20	52608603	52749057	107	0.565217	0.408979	5	GAIN	3	1	2	1	1	2.66162859832196	0.565675804574352	3	GAIN	2	1
LFS_05F_24_post	chr20	52752592	62908382	7531	0.571429	0.157445	3	HET	2	1	1	NA	NA	2.23277951346028	0.572028022461765	2	NEUT	1	1
LFS_05F_24_post	chr21	15410380	48091722	22520	0.571429	0.192257	3	HET	2	1	1	NA	NA	2.28776872087588	0.572013624253548	2	NEUT	1	1
LFS_05F_24_post	chr22	17046587	26847237	5592	0.578947	0.160625	3	HET	2	1	1	NA	NA	2.23774777061445	0.579607600464104	2	NEUT	1	1
LFS_05F_24_post	chr22	26860269	26969857	94	0.583333	0.345613	5	GAIN	3	1	2	1	1	2.54645016471809	0.583945768189448	3	GAIN	2	1
LFS_05F_24_post	chr22	26970016	27357896	327	0.578947	0.308883	3	HET	2	1	1	NA	NA	2.48196695084747	0.579542599073272	2	NEUT	1	1
LFS_05F_24_post	chr22	27359204	27793283	451	0.588235	0.367618	5	GAIN	3	1	2	1	1	2.58587592695322	0.588873921618444	3	GAIN	2	1
LFS_05F_24_post	chr22	27813386	28215389	447	0.590909	0.285714	3	HET	2	1	1	NA	NA	2.44212778138052	0.591606032250477	2	NEUT	1	1
LFS_05F_24_post	chr22	28258700	29518796	408	0.586207	0.386271	5	GAIN	3	1	2	1	1	2.61977016456625	0.586823160305056	3	GAIN	2	1
LFS_05F_24_post	chr22	29521071	29785989	151	0.580645	0.28664	3	HET	2	1	1	NA	NA	2.44370779710285	0.581262934649216	2	NEUT	1	1
LFS_05F_24_post	chr22	29820029	30057820	191	0.583333	0.399144	5	GAIN	3	1	2	1	1	2.64341849583071	0.583923290057899	3	GAIN	2	1
LFS_05F_24_post	chr22	30060073	30193548	127	0.586207	0.301998	3	HET	2	1	1	NA	NA	2.47006128573327	0.586860505398064	2	NEUT	1	1
LFS_05F_24_post	chr22	30199084	30581860	240	0.580645	0.415461	5	GAIN	3	1	2	1	1	2.67369846658841	0.581209780112364	3	GAIN	2	1
LFS_05F_24_post	chr22	30590015	32829945	833	0.583333	0.300248	3	HET	2	1	1	NA	NA	2.46704419977219	0.583965491163757	2	NEUT	1	1
LFS_05F_24_post	chr22	32831711	32919303	58	0.625	0.479076	5	GAIN	3	1	2	1	1	2.79507605450829	0.625837395763881	3	GAIN	2	1
LFS_05F_24_post	chr22	32928435	33528710	445	0.583333	0.301345	3	HET	2	1	1	NA	NA	2.46893505361473	0.583965006765293	2	NEUT	1	1
LFS_05F_24_post	chr22	33531406	33560710	76	0.587221	0.427618	5	GAIN	3	1	2	1	1	2.69648227336302	0.587826672517929	3	GAIN	2	1
LFS_05F_24_post	chr22	33604079	34759241	726	0.576923	0.282218	3	HET	2	1	1	NA	NA	2.43617175836514	0.577514238471186	2	NEUT	1	1
LFS_05F_24_post	chr22	34762324	35200747	134	0.571429	0.37476	5	GAIN	3	1	2	1	1	2.59880185891834	0.571943654503629	3	GAIN	2	1
LFS_05F_24_post	chr22	35250489	35600241	375	0.583333	0.289207	3	HET	2	1	1	NA	NA	2.44809312517684	0.583970387377509	2	NEUT	1	1
LFS_05F_24_post	chr22	35601221	35688623	106	0.587221	0.391609	5	GAIN	3	1	2	1	1	2.62955073031724	0.587842089066368	3	GAIN	2	1
LFS_05F_24_post	chr22	35690179	35980173	291	0.583333	0.30459	3	HET	2	1	1	NA	NA	2.47453675109727	0.58396357606894	2	NEUT	1	1
LFS_05F_24_post	chr22	35993583	36635967	230	0.586207	0.429153	5	GAIN	3	1	2	1	1	2.69937273918739	0.586804990177622	3	GAIN	2	1
LFS_05F_24_post	chr22	36646965	36729074	111	0.590909	0.304735	3	HET	2	1	1	NA	NA	2.47478735227449	0.591596833571577	2	NEUT	1	1
LFS_05F_24_post	chr22	36730947	36919845	245	0.588235	0.367666	5	GAIN	3	1	2	1	1	2.58596258623002	0.588873900207274	3	GAIN	2	1
LFS_05F_24_post	chr22	36920882	37349633	259	0.586207	0.249743	3	HET	2	1	1	NA	NA	2.38152945591852	0.586884799042025	2	NEUT	1	1
LFS_05F_24_post	chr22	37355481	37435900	139	0.583333	0.393679	5	GAIN	3	1	2	1	1	2.6333532420053	0.583925546276004	3	GAIN	2	1
LFS_05F_24_post	chr22	37445668	38865471	671	0.586207	0.272176	3	HET	2	1	1	NA	NA	2.41914357732751	0.586874260264708	2	NEUT	1	1
LFS_05F_24_post	chr22	38871422	38999121	68	0.593171	0.400059	5	GAIN	3	1	2	1	1	2.64510744155153	0.593830556212881	3	GAIN	2	1
LFS_05F_24_post	chr22	39000397	40548703	964	0.588235	0.260575	3	HET	2	1	1	NA	NA	2.39961879657492	0.588923514373493	2	NEUT	1	1
LFS_05F_24_post	chr22	40550105	41119274	289	0.6	0.364051	5	GAIN	3	1	2	1	1	2.57944412103109	0.600725919147831	3	GAIN	2	1
LFS_05F_24_post	chr22	41120313	41128960	34	0.547009	0.176723	3	HET	2	1	1	NA	NA	2.26306712706515	0.547397953740852	2	NEUT	1	1
LFS_05F_24_post	chr22	41130162	41179901	52	0.59233	0.515445	5	GAIN	3	1	2	1	1	2.86691099544334	0.592933035669648	3	GAIN	2	1
LFS_05F_24_post	chr22	41181336	42489434	462	0.581989	0.299661	3	HET	2	1	1	NA	NA	2.46603300233698	0.582611545475757	2	NEUT	1	1
LFS_05F_24_post	chr22	42490292	42518426	58	0.6	0.427499	5	GAIN	3	1	2	1	1	2.69625832007231	0.600694469021858	3	GAIN	2	1
LFS_05F_24_post	chr22	42540551	44050598	1235	0.583333	0.27699	3	HET	2	1	1	NA	NA	2.42729186888051	0.583975849620583	2	NEUT	1	1
LFS_05F_24_post	chr22	44052763	44124634	90	0.578947	0.387686	5	GAIN	3	1	2	1	1	2.6223592784095	0.579510712694895	3	GAIN	2	1
LFS_05F_24_post	chr22	44129789	45719817	1520	0.583333	0.26791	3	HET	2	1	1	NA	NA	2.41194553152576	0.583979939840291	2	NEUT	1	1
LFS_05F_24_post	chr22	45720894	45809698	137	0.6	0.375149	5	GAIN	3	1	2	1	1	2.59950772889075	0.600720316334284	3	GAIN	2	1
LFS_05F_24_post	chr22	45811362	46069109	298	0.581989	0.31345	3	HET	2	1	1	NA	NA	2.4898956912081	0.582605579117789	2	NEUT	1	1
LFS_05F_24_post	chr22	46074258	46279265	117	0.583333	0.407463	5	GAIN	3	1	2	1	1	2.65881353258773	0.583919872166036	3	GAIN	2	1
LFS_05F_24_post	chr22	46281581	51144731	4800	0.583333	0.100599	3	HET	2	1	1	NA	NA	2.14578936932144	0.584060183981459	2	NEUT	1	1
LFS_05F_24_post	chr22	51150202	51179000	6	1	-0.838113	1	DLOH	1	0	1	1	1	1.1104989043027	1	1	HETD	1	0
LFS_05F_24_post	chrX	2701073	48975690	12608	1	-0.749816	1	DLOH	1	0	1	1	1	1.18176929697285	1	1	HETD	1	0
LFS_05F_24_post	chrX	48996383	48998512	78	0.6	-0.487463	3	HET	2	1	1	NA	NA	1.42118783988188	0.601317537221802	2	NEUT	1	1
LFS_05F_24_post	chrX	49041903	52589992	407	1	-0.747171	1	DLOH	1	0	1	1	1	1.18397227058693	1	1	HETD	1	0
LFS_05F_24_post	chrX	52890174	52891964	88	0.548387	-0.535489	3	HET	2	1	1	NA	NA	1.37404351678312	0.549046390347661	2	NEUT	1	1
LFS_05F_24_post	chrX	52895627	55368057	282	1	-0.759131	1	DLOH	1	0	1	1	1	1.17404307800093	1	1	HETD	1	0
LFS_05F_24_post	chrX	55380723	152202514	29927	0.576923	0.180419	3	HET	2	1	1	NA	NA	2.26892027986806	0.577557821099155	2	NEUT	1	1
LFS_05F_24_post	chrX	152212425	152639214	95	0.571429	0.437514	5	GAIN	3	1	2	1	1	2.71517094495687	0.571921597006909	3	HLAMP	2	1
LFS_05F_24_post	chrX	152640600	154895113	272	0.588235	0.0373	3	HET	2	1	1	NA	NA	2.05287345503714	0.589039809487059	2	NEUT	1	1
